編號,土地位置,土地移轉面積平方公尺,使用分區或編定,權利人持分分母,權利人持分分子,移轉情形,地號
The serial number, land position,land shifting area square meter,the use zoning or compiles and checks,,,,land parcel
RPSOMLLMJHPFFBA67CA,延平段二小段,12.00,都市：其他:特定專用區(供一般商業使用),2,1,持分移轉,08010000
RPQNMLPKJHPFFAA47CA,萬隆段二小段,35.61,都市：住,100000,387,持分移轉,04990000
RPSNMLQJKHPFFDA18DA,中南段三小段,177.24,都市：其他:保護區,96,1,持分移轉,03460000
RPWOMLKKKHPFFDA08CA,信義段一小段,1.80,都市：住,50000,9,持分移轉,02690000
RPTNMLMJLHPFFAA57CA,興泰段二小段,.05,都市：其他:捷運系統用地,90000,700,持分移轉,01560000
RPTNMLMJLHPFFAA57CA,興泰段二小段,1.83,都市：其他:捷運系統用地,90000,700,持分移轉,01570000
RPTNMLMJLHPFFAA57CA,興泰段二小段,1.23,都市：其他:捷運系統用地,90000,700,持分移轉,01580000
RPTNMLMJLHPFFAA57CA,興泰段二小段,1.12,都市：其他:捷運系統用地,90000,700,持分移轉,01590000
RPTNMLMJLHPFFAA57CA,興泰段二小段,4.42,都市：其他:捷運系統用地,90000,700,持分移轉,01600000
RPTNMLMJLHPFFAA57CA,興泰段二小段,.23,都市：其他:捷運系統用地,90000,700,持分移轉,01810000
RPTNMLMJLHPFFAA57CA,興泰段二小段,.11,都市：其他:捷運系統用地,90000,700,持分移轉,01820000
RPTNMLMJLHPFFAA57CA,興泰段二小段,1.97,都市：其他:捷運系統用地,90000,700,持分移轉,01830000
RPTNMLMJLHPFFAA57CA,興泰段二小段,.15,都市：其他:捷運系統用地,90000,700,持分移轉,01840000
RPTNMLMJLHPFFAA57CA,興泰段二小段,.53,都市：其他:捷運系統用地,90000,700,持分移轉,01850000
RPTNMLMJLHPFFAA57CA,興泰段二小段,5.78,都市：其他:捷運系統用地,90000,700,持分移轉,01860000
RPTNMLMJLHPFFAA57CA,興泰段二小段,1.92,都市：其他:捷運系統用地,90000,700,持分移轉,01910000
RPTNMLMJLHPFFAA57CA,興泰段二小段,1.94,都市：其他:捷運系統用地,90000,700,持分移轉,01920000
RPTNMLMJLHPFFAA57CA,興泰段二小段,5.00,都市：其他:捷運系統用地,90000,700,持分移轉,01930000
RPTNMLMJLHPFFAA57CA,興泰段二小段,7.05,都市：其他:捷運系統用地,90000,700,持分移轉,01950000
RPTNMLMJLHPFFAA57CA,興泰段二小段,.31,都市：其他:捷運系統用地,90000,700,持分移轉,02220000
RPQOMLNKJHPFFFA87CA,學府段一小段,55.00,都市：其他:道路用地,1,1,全筆移轉,00890000
RPPOMLMLJHPFFEA77DA,新民段二小段,18.70,都市：住,1050,20,持分移轉,02260000
RPPOMLMLJHPFFEA77DA,新民段二小段,2.46,都市：其他:道路用地,1050,20,持分移轉,02260001
RPVQMLLKLHPFFBA18CA,公園段三小段,1.26,都市：商,40000,1225,持分移轉,01570000
RPVQMLLKLHPFFBA18CA,公園段三小段,9.98,都市：商,40000,1225,持分移轉,01580000
RPQNMLKKLHPFFEA67DA,湖山段三小段,47.03,都市：其他:陽明山國家公園區,2,1,持分移轉,06960000
RPQNMLKKLHPFFEA67DA,湖山段三小段,51.21,都市：其他:陽明山國家公園區,2,1,持分移轉,06960001
RPVNMLQKJHPFFDA38CA,玉成段三小段,.84,都市：商,10000,3,持分移轉,02430000
RPWOMLKKKHPFFEA18CA,福順段二小段,6.31,都市：商,16,1,持分移轉,03990000
RPWOMLKKKHPFFEA18CA,福順段二小段,1.25,都市：住,4,1,持分移轉,04000000
RPUPMLPKJHPFFDA48DA,三興段一小段,.25,都市：住,908,1,持分移轉,03280000
RPUPMLPKJHPFFDA48DA,三興段二小段,.25,都市：住,500,1,持分移轉,04160000
RPXPMLLLJHPFFDA38CA,美仁段一小段,.03,都市：住,10000,1,持分移轉,06510000
RPXPMLLLJHPFFDA38CA,美仁段一小段,.00,都市：住,10000,1,持分移轉,06530000
RPXPMLLLJHPFFDA38CA,美仁段一小段,.46,都市：住,10000,1,持分移轉,06540000
RPXPMLLLJHPFFDA38CA,美仁段一小段,.00,都市：住,10000,1,持分移轉,06560003
RPUOMLNKKHPFFDA28DA,濱江段一小段,64.10,都市：其他:機場用地,100,10,持分移轉,03970003
RPUOMLNKKHPFFDA28DA,濱江段一小段,304.20,都市：其他:機場用地,100,10,持分移轉,03990000
RPUOMLNKKHPFFDA28DA,濱江段一小段,82.70,都市：其他:機場用地,100,10,持分移轉,03990002
RPUOMLNKKHPFFDA28DA,濱江段一小段,94.00,都市：其他:機場用地,100,10,持分移轉,04210000
RPUOMLNKKHPFFDA28DA,濱江段一小段,505.60,都市：其他:機場用地,100,10,持分移轉,04230000
RPVOMLPJKHPFFDA38CA,福德段三小段,4.00,都市：住,48,2,持分移轉,05470000
RPTOMLMLJHPFFEA18DA,光華段四小段,1.06,都市：住,500000,377,持分移轉,07990000
RPTOMLMLJHPFFEA18DA,光華段四小段,.37,都市：住,500000,377,持分移轉,07990001
RPTOMLNKKHPFFDA18DA,濱江段一小段,14.79,都市：其他:機場用地,100,51,持分移轉,02440000
RPTOMLNKKHPFFDA18DA,濱江段一小段,326.91,都市：其他:機場用地,100,51,持分移轉,03970003
RPTOMLNKKHPFFDA18DA,濱江段一小段,1551.42,都市：其他:機場用地,100,51,持分移轉,03990000
RPTOMLNKKHPFFDA18DA,濱江段一小段,421.77,都市：其他:機場用地,100,51,持分移轉,03990002
RPTOMLNKKHPFFDA18DA,濱江段一小段,479.40,都市：其他:機場用地,100,51,持分移轉,04210000
RPTOMLNKKHPFFDA18DA,濱江段一小段,2578.56,都市：其他:機場用地,100,51,持分移轉,04230000
RPTOMLNKKHPFFDA18DA,濱江段一小段,12.75,都市：其他:機場用地,100,51,持分移轉,04470003
RPUNMLPKJHPFFEA28CA,關渡段二小段,29.12,都市：商,10000,678,持分移轉,02410000
RPVQMLOKJHPFFEA58CA,奇岩段一小段,35.00,都市：住,1,1,全筆移轉,00620000
RPRQMLNKJHPFFEA08CA,關渡段一小段,43.02,都市：其他:公園用地,108,2,持分移轉,01040000
RPPOMLOKJHPFFBA57DA,華江段二小段,31.50,都市：住,4,1,持分移轉,05370000
RPPNMLSKJHPFFEA08CA,豐年段一小段,82.17,都市：農,450,8,持分移轉,07100000
RPXOMLQKJHPFFEA78CA,溪山段二小段,42.60,都市：其他:陽明山國家公園區,1,1,全筆移轉,05660000
RPUOMLRKKHPFFDA68DA,民生段,2.56,都市：住,40000,106,持分移轉,00250002
RPVPMLRKJHPFFCA58CA,吉林段四小段,9.50,都市：商,8,1,持分移轉,05430000
RPUNMLKLJHPFFEA87CA,富安段二小段,98.50,都市：商,6,1,持分移轉,02660000
RPXNMLLLJHPFFCA08CA,中山段一小段,.74,都市：商,100000,315,持分移轉,04780000
RPRQMLPKJHPFFDA18CA,吳興段三小段,14.11,都市：住,10000,325,持分移轉,07750000
RPTPMLOKJHPFFBA97CA,圓環段一小段,20.00,都市：商,1,1,全筆移轉,01420005
RPOPMLOJKHPFFDA67CA,祥和段三小段,6.69,都市：住,10000,134,持分移轉,00230000
RPROMLRKKHPFFDA38DA,民生段,2.56,都市：住,40000,106,持分移轉,00250002
RPOPMLOJKHPFFDA67CA,祥和段三小段,17.87,都市：住,10000,120,持分移轉,00240000
RPUPMLRKJHPFFEA78DA,振興段三小段,10.26,都市：住,2000,11,持分移轉,09190000
RPPPMLKKKHPFFEA67DA,崇仰段三小段,27.98,都市：住,10000,145,持分移轉,04520000
RPVPMLLLJHPFFCA08CA,文德段五小段,76.74,都市：其他:科技工業區,10000,189,持分移轉,00030000
RPSOMLKLJHPFFAA37CA,萬慶段三小段,1.48,都市：住,100000,1120,持分移轉,04790000
RPSOMLKLJHPFFAA37CA,萬慶段三小段,1.93,都市：住,100000,1120,持分移轉,04800000
RPSOMLKLJHPFFAA37CA,萬慶段三小段,.07,都市：住,100000,50,持分移轉,04810000
RPSOMLKLJHPFFAA37CA,萬慶段三小段,.03,都市：住,100000,50,持分移轉,04820000
RPSOMLKLJHPFFAA37CA,萬慶段三小段,.96,都市：住,100000,1120,持分移轉,04830000
RPSOMLKLJHPFFAA37CA,萬慶段三小段,.53,都市：住,100000,1120,持分移轉,04830001
RPSOMLKLJHPFFAA37CA,萬慶段三小段,.44,都市：住,100000,1120,持分移轉,04830002
RPSPMLKLJHPFFAA47CA,興泰段三小段,.58,都市：住,30000,11,持分移轉,03770000
RPPNMLLLJHPFFEA47CA,行義段三小段,1.32,都市：住,10000,5,持分移轉,00780000
RPUNMLLLJHPFFEA08DA,新民段一小段,.79,都市：其他:特定休閒旅館住宅專用區,10000,34,持分移轉,01840000
RPUNMLLLJHPFFEA08DA,新民段一小段,1.76,都市：其他:道路用地,10000,34,持分移轉,01840001
RPUNMLLLJHPFFEA08DA,新民段一小段,10.18,都市：其他:特定休閒旅館住宅專用區,10000,34,持分移轉,01840002
RPUNMLLLJHPFFEA08DA,新民段一小段,.25,都市：其他:特定休閒旅館住宅專用區,10000,34,持分移轉,01840003
RPPRMLRJKHPFFCA18CA,金泰段,79.00,都市：住,10000,390,持分移轉,01400004
RPPTMLLLJHPFFCA87CA,吉林段三小段,1.97,都市：商,10000,21,持分移轉,09190000
RPSOMLOJKHPFFBA77CA,龍山段一小段,112.00,都市：商,10,7,持分移轉,04810000
RPPNMLKLJHPFFBA07CA,雙連段三小段,16.75,都市：商,4,1,持分移轉,08290000
RPOOMLLLKHPFFEA57CA,關渡段二小段,49.59,都市：其他:市場用地(公共設施用地),600,86,持分移轉,02840000
RPQPMLPKKHPFFEA18CA,泉源段一小段,1217.24,都市：其他:道路特別景觀區及第三種一般管制區,1,1,全筆移轉,03190000
RPQPMLPKKHPFFEA18CA,湖山段三小段,4242.85,都市：其他:第三種一般管制區 第四種一般管制區,1,1,全筆移轉,01750000
RPPPMLKLJHPFFEA57CA,溪洲段二小段,24.17,都市：其他:公園用地,144,1,持分移轉,03130000
RPSNMLMLJHPFFEA87CA,天山段一小段,35.00,都市：住,583,35,持分移轉,04990000
RPQRMLRKJHPFFCA28CA,長安段二小段,13.12,都市：住,8,1,持分移轉,06650000
RPQNMLKKKHPFFAA07CA,實踐段一小段,46.00,都市：住,40,1,持分移轉,02880000
RPQRMLRKJHPFFCA28CA,長安段二小段,.12,都市：其他:道路用地,8,1,持分移轉,06650001
RPQNMLKKKHPFFAA07CA,實踐段一小段,2.70,都市：其他:道路用地,40,1,持分移轉,02880001
RPXOMLKLJHPFFEA28CA,溪洲段三小段,33.08,都市：其他:堤防用地,12,1,持分移轉,05800000
RPXOMLKLJHPFFEA28CA,溪洲段三小段,4.42,都市：其他:堤防用地,12,1,持分移轉,05810000
RPXOMLKLJHPFFEA28CA,溪洲段三小段,23.00,都市：其他:道路用地,12,1,持分移轉,05820000
RPXOMLKLJHPFFEA28CA,溪洲段三小段,11.75,都市：其他:堤防用地,12,1,持分移轉,05820001
RPWPMLKKKHPFFCA08CA,康寧段二小段,.21,都市：住,10000,1,持分移轉,04850000
RPWPMLKKKHPFFCA08CA,碧湖段一小段,.05,都市：住,10000,1,持分移轉,08370000
RPXPMLOKKHPFFDA68CA,經貿段,.88,都市：住,10000,4,持分移轉,00730001
RPTPMLKLJHPFFDA87CA,吳興段一小段,57.00,都市：住,2,1,持分移轉,06130000
RPWPMLLLJHPFFCA18CA,文德段五小段,90.14,都市：其他:科技工業區,10000,222,持分移轉,00030000
RPVNMLRLKHPFFBA48CA,城中段一小段,.08,都市：商,100000,10,持分移轉,05910000
RPQOMLLLJHPFFCA47CA,德惠段三小段,.01,都市：住,10000,1,持分移轉,06720000
RPQOMLLLJHPFFCA47CA,德惠段三小段,.11,都市：住,10000,1,持分移轉,06730000
RPQOMLLLJHPFFCA47CA,德惠段三小段,.01,都市：住,10000,1,持分移轉,06710000
RPQNMLSKJHPFFBA87CA,福星段二小段,3.08,都市：商,200,8,持分移轉,02930000
RPPNMLSKJHPFFBA77CA,福星段二小段,3.08,都市：商,200,8,持分移轉,02930000
RPXNMLKLJHPFFEA18CA,溪山段三小段,426.73,都市：其他:保護區,1,1,全筆移轉,02360000
RPXUMLLLJHPFFCA78CA,吉林段三小段,4.70,都市：商,100000,360,持分移轉,08690000
RPTQMLKLJHPFFCA87CA,石潭段四小段,23.31,都市：商,20,1,持分移轉,02740000
RPXNMLMLJHPFFEA38CA,三玉段二小段,.16,都市：住,10000,1,持分移轉,01430000
RPTNMLQJKHPFFEA28CA,芝山段二小段,3.97,都市：住,10000,33,持分移轉,05710000
RPPOMLKKKHPFFEA47CA,大業段四小段,3.48,都市：住,1000,183,持分移轉,00760000
RPTQMLLLJHPFFCA97CA,西湖段二小段,285.41,都市：其他:保護區,1000000,113845,持分移轉,03770000
RPTQMLLLJHPFFCA97CA,西湖段二小段,835.50,都市：其他:保護區,4,1,持分移轉,03790000
RPTQMLLLJHPFFCA97CA,西湖段二小段,158.00,都市：其他:保護區,4,1,持分移轉,01150000
RPTQMLLLJHPFFCA97CA,西湖段二小段,575.73,都市：其他:保護區,4,1,持分移轉,00290000
RPTQMLLLJHPFFCA97CA,西湖段二小段,693.00,都市：其他:保護區,4,1,持分移轉,00290001
RPTQMLLLJHPFFCA97CA,西湖段二小段,51.27,都市：其他:保護區,4,1,持分移轉,00290002
RPTQMLLLJHPFFCA97CA,西湖段二小段,37.50,都市：其他:保護區,4,1,持分移轉,00300000
RPVNMLKLLHPFFDA08CA,敦化段三小段,6.66,都市：商,10000,20,持分移轉,00670000
RPQQMLNKKHPFFCA97DA,西湖段二小段,95.46,都市：住,100000,2831,持分移轉,03460000
RPQNMLLMJHPFFAA27CA,公訓段二小段,.26,都市：商,10000,1,持分移轉,04220000
RPQNMLLMJHPFFAA27CA,公訓段二小段,.13,都市：商,10000,1,持分移轉,04190000
RPROMLKLJHPFFFA77CA,金華段四小段,.29,都市：其他:道路用地(公共設施用地,24,1,持分移轉,05320001
RPTOMLKLJHPFFFA97CA,學府段三小段,1.17,都市：其他:公設地道路,14400,563,持分移轉,04360000
RPSNMLRKKHPFFFA48CA,仁愛段四小段,3.55,都市：其他:敦化南北路特定專用區(B區),56200,175,持分移轉,00130000
RPTOMLKLJHPFFFA97CA,學府段三小段,3.01,都市：其他:公設地道路,14400,563,持分移轉,04400000
RPTOMLKLJHPFFFA97CA,學府段三小段,.47,都市：其他:公設地道路,14400,563,持分移轉,04410001
RPTOMLKLJHPFFFA97CA,學府段三小段,2.19,都市：其他:公設地道路,14400,563,持分移轉,04490000
RPSNMLRKKHPFFFA48CA,仁愛段四小段,1.71,都市：其他:敦化南北路特定專用區(B區),56200,175,持分移轉,00140000
RPTOMLKLJHPFFFA97CA,學府段三小段,.43,都市：其他:公設地道路,14400,563,持分移轉,04530000
RPSOMLKLJHPFFFA87CA,金華段四小段,.29,都市：其他:道路用地(公共設施用地,24,1,持分移轉,05320001
RPQQMLOJKHPFFDA97CA,民生段,4.49,都市：商,681200,449,持分移轉,00620002
RPXNMLLMJHPFFEA38CA,富安段三小段,890.00,都市：其他:遊樂區,1,1,全筆移轉,01120000
RPSNMLLLJHPFFFA87CA,復興段一小段,6.45,都市：住,10000,43,持分移轉,03570000
RPTOMLQJKHPFFEA48DA,光華段一小段,32.33,都市：商,6,2,持分移轉,04860000
RPUNMLKLLHPFFDA97CA,敦化段三小段,25.29,都市：商,10000,76,持分移轉,00670000
RPPSMLKLJHPFFCA67CA,大湖段三小段,94.38,都市：其他:保護區,1,1,全筆移轉,01040002
RPOPMLNJKHPFFBA37CA,橋北段二小段,.04,都市：其他:聯合開發區(捷),100000,146,持分移轉,06800010
RPOPMLNJKHPFFBA37CA,橋北段二小段,5.98,都市：其他:聯合開發區(捷),100000,146,持分移轉,06360000
RPOPMLNJKHPFFBA37CA,橋北段二小段,.01,都市：其他:聯合開發區(捷),100000,146,持分移轉,06800011
RPOQMLLLJHPFFCA47CA,吉林段三小段,612.00,都市：商,1,1,全筆移轉,08720003
RPOQMLLLJHPFFCA47CA,吉林段三小段,21.00,都市：商,1,1,全筆移轉,08720004
RPVNMLMLJHPFFEA18CA,溪洲段三小段,21.00,都市：其他:道路用地,2,1,持分移轉,01720000
RPVNMLMLJHPFFEA18CA,溪洲段三小段,3.60,都市：其他:堤防用地,35,1,持分移轉,06390000
RPVNMLMLJHPFFEA18CA,溪洲段三小段,23.60,都市：其他:堤防用地,35,1,持分移轉,06400000
RPVNMLMLJHPFFEA18CA,溪洲段三小段,1.40,都市：其他:堤防用地,35,1,持分移轉,07350000
RPVNMLMLJHPFFEA18CA,溪洲段三小段,.66,都市：其他:道路用地,35,1,持分移轉,06380000
RPVNMLMLJHPFFEA18CA,溪洲段三小段,26.50,都市：住,2,1,持分移轉,01700000
RPVNMLMLJHPFFEA18CA,溪洲段三小段,20.75,都市：住,4,1,持分移轉,01710000
RPRPMLNJKHPFFAA57CA,福和段二小段,28.09,都市：住,544638,2790,持分移轉,00600000
RPRNMLPJKHPFFAA57CA,木柵段二小段,6.59,都市：住,10000,48,持分移轉,06710000
RPROMLNJLHPFFCA77CA,康寧段三小段,10.38,都市：商,100000,1629,持分移轉,07790000
RPOQMLOKKHPFFCA77CA,榮星段五小段,14.51,都市：住,10000,885,持分移轉,01570000
TPOOMLLMJHPFFEA77CA,振興段一小段,2.58,都市：住,20000,38,持分移轉,06280000
RPVOMLMJLHPFFEA28CA,文林段五小段,22.50,都市：住,4,1,持分移轉,05500000
RPVOMLMJLHPFFEA28CA,文林段五小段,.25,都市：住,4,1,持分移轉,05500001
RPVOMLMJLHPFFEA28CA,文林段五小段,1.10,都市：其他:道路用地,328,10,持分移轉,05340000
UPOOMLLMJHPFFEA87CA,振興段一小段,2.58,都市：住,20000,38,持分移轉,06280000
RPVNMLNJKHPFFAA77CA,興泰段一小段,41.14,都市：住,10000,73,持分移轉,00050000
RPXNMLKMJHPFFEA28CA,天山段一小段,18.51,都市：商,60000,1980,持分移轉,04010000
RPQNMLLMJHPFFEA67CA,大業段三小段,61.75,都市：住,4,1,持分移轉,07960000
RPOOMLLMJHPFFEA57CA,振興段一小段,2.58,都市：住,20000,38,持分移轉,06280000
SPOOMLLMJHPFFEA67CA,振興段一小段,2.58,都市：住,20000,38,持分移轉,06280000
RPPOMLKMJHPFFEA67DA,富安段三小段,22.83,都市：其他:遊樂區,1152,100,持分移轉,01700000
RPUOMLNJKHPFFAA77CA,草湳段三小段,1161.00,都市：其他:保護區,2,1,持分移轉,02190000
RPPQMLOJKHPFFEA97CA,百齡段六小段,11.69,都市：住,14300,58,持分移轉,00680000
RPUNMLRJKHPFFFA58CA,懷生段二小段,.83,都市：住,100000,683,持分移轉,05770000
RPUNMLRJKHPFFFA58CA,懷生段二小段,2.49,都市：商,100000,683,持分移轉,05780000
RPROMLQJKHPFFCA08DA,正義段二小段,4.76,都市：商,3194,19,持分移轉,03310000
RPROMLQJKHPFFCA08DA,正義段二小段,.02,都市：其他:道路用地(公共設施用地),3194,19,持分移轉,03310001
RPROMLKMJHPFFEA77CA,天母段二小段,.04,都市：商,56,1,持分移轉,02450002
RPQNMLLLJHPFFAA27DA,河堤段六小段,26.50,都市：其他:道路用地,2,1,持分移轉,02210003
RPQNMLLLJHPFFAA27DA,河堤段六小段,4.00,都市：其他:道路用地,2,1,持分移轉,02210011
RPQNMLLLJHPFFAA27DA,河堤段六小段,9.00,都市：其他:道路用地,2,1,持分移轉,02210008
RPQNMLLLJHPFFAA27DA,河堤段六小段,4.50,都市：其他:道路用地,2,1,持分移轉,02210012
RPSNMLMLJHPFFAA57DA,永昌段四小段,14.80,都市：住,44589,445,持分移轉,06360000
RPQNMLLLJHPFFAA27DA,河堤段六小段,1.80,都市：其他:道路用地,100,36,持分移轉,02210014
RPQNMLLLJHPFFAA27DA,河堤段六小段,2.50,都市：其他:道路用地,2,1,持分移轉,02210015
RPSNMLLMJHPFFEA87CA,百齡段三小段,.16,都市：商,10000,1,持分移轉,00340000
RPQNMLPJKHPFFAA47CA,實踐段三小段,13.40,都市：住,8,1,持分移轉,07150000
RPWNMLKKKHPFFFA18CA,學府段一小段,27.60,都市：住,10000,160,持分移轉,05090000
RPRPMLPKKHPFFEA28CA,新民段二小段,4.13,都市：其他:特定觀光商業專用區,2556,8,持分移轉,05420000
RPUOMLPJKHPFFCA18CA,長安段三小段,.02,都市：商,100000,2,持分移轉,00270000
RPTNMLNKKHPFFCA87CA,東湖段一小段,3.13,都市：住,270,3,持分移轉,00290012
RPTNMLNKKHPFFCA87CA,東湖段一小段,3.13,都市：住,270,3,持分移轉,00290015
RPUOMLPJKHPFFCA18CA,長安段三小段,.01,都市：商,100000,2,持分移轉,00430000
SPUOMLPJKHPFFCA28CA,長安段三小段,.02,都市：商,100000,2,持分移轉,00270000
SPUOMLPJKHPFFCA28CA,長安段三小段,.01,都市：商,100000,2,持分移轉,00430000
RPVNMLRJKHPFFFA68CA,懷生段一小段,19.90,都市：商,40,4,持分移轉,04360000
RPWOMLPJKHPFFEA58CA,溪洲段二小段,36.88,都市：其他:交通用地,8,1,持分移轉,04420000
RPWOMLPJKHPFFEA58CA,溪洲段二小段,36.00,都市：其他:交通用地,8,1,持分移轉,04430000
RPWOMLPJKHPFFDA48CA,福德段三小段,4.00,都市：住,48,2,持分移轉,05470000
RPTNMLPJKHPFFEA28DA,新民段二小段,9.35,都市：住,3150,30,持分移轉,02260000
RPTNMLPJKHPFFEA28DA,新民段二小段,1.23,都市：其他:道路用地,3150,30,持分移轉,02260001
RPROMLRJKHPFFDA18CA,美仁段二小段,1.75,都市：住,72,1,持分移轉,01040000
RPUNMLNKKHPFFCA97CA,東湖段一小段,5.64,都市：住,1800,36,持分移轉,00290012
RPUNMLNKKHPFFCA97CA,東湖段一小段,5.64,都市：住,1800,36,持分移轉,00290015
RPPRMLKKLHPFFCA67CA,德惠段四小段,2.69,都市：商,30000,141,持分移轉,00380000
RPTNMLLMJHPFFEA97CA,豐年段三小段,25.83,都市：商,100000,870,持分移轉,07670000
RPVNMLLMJHPFFAA77CA,河堤段三小段,2.00,都市：住,2,1,持分移轉,01570000
RPROMLPJKHPFFFA18CA,大安段一小段,3.94,都市：商,10000,56,持分移轉,00510000
RPXNMLNJKHPFFAA97CA,木柵段二小段,2.08,都市：住,50400,120,持分移轉,01680000
RPXNMLNJKHPFFAA97CA,木柵段二小段,1.89,都市：住,50400,120,持分移轉,01700000
RPXNMLNJKHPFFBA08CA,大同段一小段,25.25,都市：商,4,1,持分移轉,01090000
RPQSMLLMJHPFFCA08DA,石潭段四小段,25.02,都市：商,10000,1000,持分移轉,02720000
RPXNMLMJLHPFFEA38CA,福林段二小段,129.00,都市：其他:空白,1,1,全筆移轉,00300000
RPUOMLOJKHPFFFA48DA,仁愛段三小段,31.29,都市：住,10000,308,持分移轉,01050000
RPQOMLOJKHPFFDA77CA,中南段五小段,70.32,都市：住,10000,644,持分移轉,00120000
RPOOMLKKKHPFFEA37CA,福林段一小段,.01,都市：住,60000,805,持分移轉,04260004
RPOOMLKKKHPFFEA37CA,福林段一小段,30.35,都市：住,60000,805,持分移轉,04260000
RPOOMLKKKHPFFEA37CA,福林段一小段,2.07,都市：其他:道路用地,60000,805,持分移轉,04260002
RPOOMLKKKHPFFEA37CA,福林段一小段,.12,都市：住,60000,805,持分移轉,04260003
RPSNMLOJKHPFFBA67CA,莒光段三小段,.14,都市：住,70,1,持分移轉,02880000
RPSNMLOJKHPFFBA67CA,莒光段三小段,3.14,都市：住,7000,139,持分移轉,02900000
RPSNMLOJKHPFFBA67CA,莒光段三小段,.18,都市：住,28,1,持分移轉,02910003
RPPRMLLMJHPFFCA77CA,榮星段五小段,16.50,都市：其他:道路用地(公共設施用地),4,3,持分移轉,04570001
RPOQMLLMJHPFFCA57CA,碧湖段二小段,70.99,都市：住,10000,290,持分移轉,06280000
RPOOMLNJKHPFFBA27CA,雙連段一小段,12.67,都市：住,10000,149,持分移轉,02690000
RPOOMLNJKHPFFBA27CA,雙連段一小段,.33,都市：住,10000,143,持分移轉,02690001
RPTOMLKKLHPFFDA87CA,三興段一小段,.23,都市：商,100000,9,持分移轉,05500000
RPTOMLKKLHPFFDA87CA,三興段一小段,.31,都市：商,100000,61,持分移轉,05550000
RPQNMLOJKHPFFBA47CA,莒光段四小段,1.16,都市：其他:特定專用區(一),525,1,持分移轉,00570000
RPQNMLOJKHPFFBA47CA,莒光段四小段,.01,都市：其他:特定專用區(一),294,1,持分移轉,00600018
RPQNMLMKKHPFFDA57CA,信義段一小段,22.25,都市：住,12,3,持分移轉,00660000
RPRNMLOJKHPFFBA57CA,莒光段三小段,.14,都市：住,70,1,持分移轉,02880000
RPRNMLOJKHPFFBA57CA,莒光段三小段,3.14,都市：住,7000,139,持分移轉,02900000
RPRNMLOJKHPFFBA57CA,莒光段三小段,.18,都市：住,28,1,持分移轉,02910003
RPUNMLMKKHPFFDA97CA,美仁段二小段,8.15,都市：商,1000000,7517,持分移轉,04860000
RPOOMLOJKHPFFDA57CA,向陽段,15.68,都市：住,10000,142,持分移轉,00110011
RPQOMLOJKHPFFEA87CA,新民段三小段,26.64,都市：商,10000,78,持分移轉,04500000
RPWPMLPJKHPFFCA48CA,長春段一小段,4.69,都市：住,900500,156,持分移轉,00020000
RPTNMLOJKHPFFBA77CA,莒光段四小段,.01,都市：其他:特定專用區(一),294,1,持分移轉,00600018
RPUOMLPJKHPFFFA48CA,通化段四小段,10.35,都市：商,10000,205,持分移轉,00130000
RPTNMLOJKHPFFBA77CA,莒光段四小段,1.16,都市：其他:特定專用區(一),525,1,持分移轉,00570000
RPSQMLRJJHHGFEA77CA,芝山段二小段,44.84,都市：住,10000,714,持分移轉,05510000
RPSQMLRJJHHGFEA77CA,芝山段二小段,2.64,都市：住,10000,714,持分移轉,05500000
RPSQMLQLKHPFFAA28CA,南海段二小段,2.23,都市：商,10000,235,持分移轉,01720000
RPSQMLQLKHPFFAA28CA,南海段二小段,10.94,都市：商,10000,235,持分移轉,02050000
RPVQMLQLKHPFFAA58CA,南海段二小段,1.08,都市：商,10000,114,持分移轉,01720000
RPVQMLQLKHPFFAA58CA,南海段二小段,5.31,都市：商,10000,114,持分移轉,02050000
RPSOMLQJKHPFFBA97CA,圓環段三小段,5.36,都市：商,10000,206,持分移轉,06200000
RPTQMLQLKHPFFAA38CA,南海段二小段,1.29,都市：商,10000,136,持分移轉,01720000
RPTQMLQLKHPFFAA38CA,南海段二小段,6.33,都市：商,10000,136,持分移轉,02050000
RPWOMLQJKHPFFEA68CA,天母段一小段,43.00,都市：住,1,1,全筆移轉,01030004
RPRNMLKKKHPFFBA27CA,福星段二小段,7.81,都市：商,100000,1320,持分移轉,03680000
RPVNMLPLKHPFFEA58CA,百齡段二小段,24.43,都市：住,30,1,持分移轉,01680000
RPQNMLPJKHPFFDA77CA,新光段二小段,3.00,都市：商,1,1,全筆移轉,00830000
RPQRMLMKKHPFFCA87CA,吉林段三小段,4.70,都市：商,100000,360,持分移轉,08690000
RPWNMLPJKHPFFEA48CA,溫泉段一小段,11.07,都市：其他:特定觀光商業專用區,10000,64,持分移轉,01280000
RPPPMLPJKHPFFDA87CA,三興段一小段,.50,都市：商,10000,54,持分移轉,05280000
RPPPMLPJKHPFFDA87CA,三興段一小段,.01,都市：商,10000,54,持分移轉,05290000
RPPPMLPJKHPFFDA87CA,三興段一小段,.93,都市：商,10000,97,持分移轉,05310000
RPPPMLPJKHPFFDA87CA,三興段一小段,.77,都市：商,10000,66,持分移轉,05330000
RPPPMLPJKHPFFDA87CA,三興段一小段,1.22,都市：商,10000,64,持分移轉,05350000
RPPPMLPJKHPFFDA87CA,三興段一小段,.03,都市：商,10000,64,持分移轉,05360001
RPRQMLQLKHPFFAA18CA,南海段二小段,2.54,都市：商,10000,267,持分移轉,01720000
RPRQMLQLKHPFFAA18CA,南海段二小段,12.43,都市：商,10000,267,持分移轉,02050000
RPTNMLPJKHPFFDA08CA,新光段二小段,3.70,都市：商,1,1,全筆移轉,00830003
RPSOMLPJKHPFFAA77CA,福和段二小段,19.56,都市：住,95340,618,持分移轉,01710000
RPRPMLQJLHPFFDA28CA,信義段五小段,.38,都市：其他:特定業務區,100000,21,持分移轉,00420001
RPUNMLPJKHPFFDA18CA,新光段二小段,2.00,都市：商,1,1,全筆移轉,00830004
RPQOMLOKKHPFFBA67CA,臨沂段三小段,1.09,都市：商,100000,1124,持分移轉,03860002
RPQOMLOKKHPFFBA67CA,臨沂段三小段,1.65,都市：商,100000,1124,持分移轉,03860004
RPQOMLOKKHPFFBA67CA,臨沂段三小段,.89,都市：商,100000,1124,持分移轉,03860006
RPQOMLOKKHPFFBA67CA,臨沂段三小段,.34,都市：商,100000,1124,持分移轉,03700005
RPQOMLOKKHPFFBA67CA,臨沂段三小段,1.25,都市：商,100000,1124,持分移轉,03710000
RPQOMLOKKHPFFBA67CA,臨沂段三小段,1.62,都市：商,100000,1124,持分移轉,03710002
RPQOMLOKKHPFFBA67CA,臨沂段三小段,.69,都市：商,100000,1124,持分移轉,03700000
RPQOMLOKKHPFFBA67CA,臨沂段三小段,3.78,都市：商,100000,1124,持分移轉,03700001
RPQOMLOKKHPFFBA67CA,臨沂段三小段,.20,都市：商,100000,1124,持分移轉,03700002
RPQOMLOKKHPFFBA67CA,臨沂段三小段,.03,都市：商,100000,1124,持分移轉,03700003
RPQOMLOKKHPFFBA67CA,臨沂段三小段,.03,都市：商,100000,1124,持分移轉,03700004
RPQOMLOKKHPFFBA67CA,臨沂段三小段,.93,都市：商,100000,1124,持分移轉,03860000
RPQNMLPJKHPFFEA87CA,天山段二小段,24.99,都市：商,12120,265,持分移轉,05250000
RPVNMLQJKHPFFEA48CA,三玉段二小段,19.71,都市：商,10000,96,持分移轉,00760000
RPPNMLTJKHPFFDA18DA,永吉段二小段,28.75,都市：住,4,1,持分移轉,05940000
RPPNMLNLKHPFFCA57CA,中山段二小段,1.21,都市：商,10000,10,持分移轉,01460000
RPRNMLPJKHPFFDA87CA,新光段二小段,3.30,都市：商,1,1,全筆移轉,00830002
RPUNMLNKKHPFFBA87CA,城中段一小段,10.03,都市：商,10000,151,持分移轉,05310000
RPUOMLPKKHPFFBA18CA,圓環段三小段,4.75,都市：商,4,1,持分移轉,08020000
RPUOMLPKKHPFFBA18CA,圓環段三小段,21.25,都市：商,4,1,持分移轉,08130000
RPPNMLRKKHPFFCA87CA,正義段三小段,27.50,都市：商,6,1,持分移轉,02980000
RPPNMLRKKHPFFCA87CA,正義段三小段,.83,都市：商,12,1,持分移轉,03000001
RPPNMLRKKHPFFCA87CA,正義段三小段,.92,都市：商,12,1,持分移轉,03030001
RPPPMLTKKHPFFBA18CA,青年段一小段,.69,都市：住,100000,207,持分移轉,07110003
RPPPMLTKKHPFFBA18CA,青年段一小段,1.44,都市：住,100000,207,持分移轉,07110000
RPPPMLTKKHPFFBA18CA,青年段二小段,34.07,都市：住,100000,207,持分移轉,00180000
RPPPMLTKKHPFFBA18CA,青年段二小段,.27,都市：住,100000,207,持分移轉,00180039
RPWPMLMKKHPFFDA38CA,民生段,33.25,都市：住,8,1,持分移轉,00270018
RPUOMLNKKHPFFBA97CA,直興段三小段,14.33,都市：商,10000,96,持分移轉,00010000
RPUOMLNKKHPFFBA97CA,直興段三小段,1.64,都市：商,10000,96,持分移轉,00110000
RPRNMLKKKHPFFAA17CA,華興段一小段,42.70,都市：住,10000,114,持分移轉,00180000
RPQNMLQJKHPFFEA08DA,文林段五小段,36.00,都市：住,3,1,持分移轉,04370000
RPQNMLQJKHPFFEA08DA,文林段五小段,55.67,都市：住,3,1,持分移轉,04380000
RPXNMLPJKHPFFBA28CA,中正段二小段,25.78,都市：住,1,1,全筆移轉,02460001
RPXNMLPJKHPFFBA28CA,中正段二小段,1.77,都市：住,1,1,全筆移轉,02540002
RPXNMLPJKHPFFBA28CA,中正段二小段,20.91,都市：住,1,1,全筆移轉,02550001
RPTNMLQJKHPFFDA18CA,雅祥段三小段,11.32,都市：住,10000,232,持分移轉,04540000
RPROMLKLKHPFFEA77CA,溫泉段一小段,4.56,都市：商,10000,48,持分移轉,02590000
RPROMLKLKHPFFEA77CA,溫泉段一小段,8.80,都市：住,10000,48,持分移轉,02630000
RPOOMLQKLHPFFFA18CA,龍泉段二小段,49.77,都市：住,10000,1111,持分移轉,02690000
RPPOMLRJKHPFFBA77CA,雙連段三小段,6.30,都市：住,75300,630,持分移轉,03870000
RPQNMLQJLHPFFEA08CA,溪洲段二小段,44.64,都市：其他:國中用地,4000,37,持分移轉,01770000
RPROMLNKKHPFFEA97CA,新民段一小段,.14,都市：其他:道路用地(公共設施用地),10000,86,持分移轉,03870002
RPROMLNKKHPFFEA97CA,新民段一小段,.14,都市：其他:特定休閒旅館住宅專用區,10000,86,持分移轉,03850000
RPROMLNKKHPFFEA97CA,新民段一小段,.06,都市：其他:道路用地(公共設施用地),10000,86,持分移轉,03850001
RPROMLNKKHPFFEA97CA,新民段一小段,1.37,都市：其他:特定休閒旅館住宅專用區,10000,86,持分移轉,03860000
RPROMLNKKHPFFEA97CA,新民段一小段,.01,都市：其他:道路用地(公共設施用地),10000,86,持分移轉,03860001
RPROMLNKKHPFFEA97CA,新民段一小段,.04,都市：其他:道路用地(公共設施用地),10000,86,持分移轉,03860002
RPROMLNKKHPFFEA97CA,新民段一小段,9.96,都市：其他:特定休閒旅館住宅專用區,10000,86,持分移轉,03870000
RPROMLNKKHPFFEA97CA,新民段一小段,.12,都市：其他:特定休閒旅館住宅專用區,10000,86,持分移轉,03870001
RPQOMLLKKHPFFAA27CA,興泰段三小段,.31,都市：住,10000,1,持分移轉,01420000
RPQOMLMKKHPFFAA37CA,興泰段二小段,1.16,都市：住,10000,24,持分移轉,04110000
RPSNMLQJKHPFFBA87CA,漢中段二小段,9.94,都市：商,10000,21,持分移轉,09770000
RPQOMLMKKHPFFAA37CA,興泰段二小段,28.90,都市：住,10000,183,持分移轉,03860000
RPTNMLQJKHPFFCA08CA,東湖段六小段,33.07,都市：住,10000,208,持分移轉,01860000
RPPNMLRJKHPFFAA67DA,華興段一小段,236.00,都市：其他:道路用地(公共設施用地),1,1,全筆移轉,01390001
RPUNMLKKKHPFFAA47CA,南海段二小段,.11,都市：商,10000,1,持分移轉,03320000
RPUNMLKKKHPFFAA47CA,南海段二小段,.06,都市：住,10000,1,持分移轉,04050000
RPQNMLTJKHPFFBA08DA,文昌段二小段,4.80,都市：住,5,1,持分移轉,05010004
RPQNMLTJKHPFFBA08DA,文昌段二小段,.40,都市：住,5,1,持分移轉,05050002
RPQNMLTJKHPFFBA08DA,文昌段二小段,2.40,都市：住,5,1,持分移轉,05060004
RPQNMLTJKHPFFBA08DA,文昌段二小段,7.60,都市：住,5,1,持分移轉,05070001
RPSOMLRJKHPFFAA97CA,景美段一小段,41.00,都市：住,4,1,持分移轉,05920000
RPQOMLPKKHPFFCA97DA,中山段二小段,5.87,都市：商,10000,187,持分移轉,01000000
RPWNMLQJKHPFFDA48CA,民生段,4.13,都市：商,100000,42,持分移轉,00440000
RPXQMLRJKHPFFCA88CA,碧湖段二小段,.24,都市：住,1,1,全筆移轉,01780007
RPXQMLRJKHPFFCA88CA,碧湖段二小段,.99,都市：住,1,1,全筆移轉,01780008
RPPPMLKKKHPFFCA37CA,吉林段五小段,6.19,都市：商,100000,453,持分移轉,03070000
RPUNMLRJKHPFFEA48CA,溫泉段一小段,5.73,都市：其他:特定觀光商業專用區,10000,42,持分移轉,02270000
RPXOMLOLKHPFFDA68CA,美仁段一小段,4.14,都市：住,1000,4,持分移轉,07950000
RPQOMLOKKHPFFCA77CA,碧湖段一小段,14.30,都市：住,20000,168,持分移轉,07260000
RPQOMLOKKHPFFCA77CA,碧湖段一小段,.05,都市：其他:公共設施用地,20000,168,持分移轉,07260002
RPWNMLTKKHPFFCA88DA,吉林段四小段,10.24,都市：商,100000,3792,持分移轉,05260000
RPROMLQKLHPFFFA48CA,瑞安段二小段,.81,都市：住,100000,50,持分移轉,06450000
RPXOMLQJKHPFFDA68CA,寶清段一小段,32.11,都市：住,84625,305,持分移轉,00590000
RPRRMLRJKHPFFCA38CA,德惠段四小段,4.92,都市：商,10000,86,持分移轉,00380000
RPXNMLPJLHPFFEA68CA,光華段三小段,47.20,都市：其他:道路用地(公共設施用地),10,8,持分移轉,00970000
RPXNMLPJLHPFFEA68CA,芝山段一小段,81.02,都市：其他:道路用地(公共設施用地),10000,4794,持分移轉,03710000
RPXNMLPJLHPFFEA68CA,奇岩段一小段,15.00,都市：其他:道路用地(公共設施用地),100,15,持分移轉,03460000
RPOOMLMKLHPFFEA67CA,溫泉段一小段,4.09,都市：商,10000,30,持分移轉,02270000
RPTNMLMKLHPFFEA08CA,豐年段三小段,36.92,都市：其他:科技工業區,1000000,8820,持分移轉,07150000
RPUNMLNKLHPFFDA18CA,永春段三小段,1.40,都市：住,10000,25,持分移轉,00180000
RPTNMLRJKHPFFEA38CA,蘭雅段二小段,16.43,都市：商,25304,99,持分移轉,03230000
RPSQMLNLLHPFFEA48CA,振興段二小段,14.93,都市：商,100000,1189,持分移轉,04910000
RPPNMLQJLHPFFAA67DA,指南段三小段,65.60,都市：其他:保護區,15,1,持分移轉,03490000
RPUNMLKKKHPFFBA57CA,福星段二小段,3.66,都市：商,10000,96,持分移轉,04110000
RPSNMLMKKHPFFEA97DA,立農段四小段,40.25,都市：住,4,1,持分移轉,02560000
RPWPMLLKKHPFFDA28CA,玉成段五小段,1.91,都市：住,1000000,998,持分移轉,08700000
RPWPMLLKKHPFFDA28CA,玉成段五小段,.32,都市：住,1000000,998,持分移轉,08710000
RPSQMLRJKHPFFCA38CA,北安段三小段,8.76,都市：住,10000,27,持分移轉,04720000
RPSNMLMKKHPFFFA97CA,大安段三小段,25.33,都市：住,73499,37,持分移轉,02980000
RPVNMLRKKHPFFCA48CA,潭美段五小段,48.12,都市：其他:辦公服務區,100000,2303,持分移轉,00460000
RPRNMLLKKHPFFCA47CA,中山段三小段,3.69,都市：商,100000,474,持分移轉,06420000
RPRQMLNKKHPFFCA97CA,石潭段二小段,494.10,都市：其他:公園用地,520,84,持分移轉,01080000
RPOOMLPJLHPFFAA47CA,實踐段三小段,36.00,都市：其他:道路用地(公共設施用地),2,1,持分移轉,06050000
RPOOMLPJLHPFFAA47CA,木柵段二小段,25.25,都市：其他:道路用地(公共設施用地),4,1,持分移轉,07570000
RPQNMLLLKHPFFAA27CA,公訓段二小段,3.77,都市：商,10000,30,持分移轉,04190000
RPQNMLLLKHPFFAA27CA,公訓段二小段,7.78,都市：商,10000,30,持分移轉,04220000
RPQNMLSKLHPFFAA97CA,南海段四小段,42.00,都市：其他:捷運開發區,4,1,持分移轉,01360000
RPVNMLLKKHPFFCA87CA,東湖段二小段,1.24,都市：住,100000,15,持分移轉,00020000
RPOPMLRJKHPFFBA77CA,直興段一小段,15.25,都市：住,4,1,持分移轉,06410000
RPUOMLRJKHPFFBA28CA,漢中段二小段,12.65,都市：商,10000,90,持分移轉,08930000
RPXPMLMKKHPFFDA48CA,吳興段三小段,14.11,都市：住,10000,325,持分移轉,07750000
RPSNMLMKKHPFFBA57CA,華江段二小段,20.64,都市：住,10000,87,持分移轉,05200000
RPQPMLRJKHPFFCA18DA,中山段三小段,3.31,都市：商,90000,113,持分移轉,02070000
RPQPMLQJKHPFFEA18CA,天山段一小段,28.55,都市：住,10000,456,持分移轉,07170000
RPPPMLQJKHPFFEA08CA,新民段二小段,21.30,都市：住,17524,765,持分移轉,03610000
RPWNMLRJKHPFFEA68CA,振興段一小段,1.94,都市：住,10000,18,持分移轉,00790000
RPQPMLSKKHPFFCA38DA,北安段一小段,10.69,都市：住,10000,156,持分移轉,00010007
RPQPMLSKKHPFFCA38DA,北安段一小段,1.36,都市：住,10000,156,持分移轉,00010013
RPXNMLRJKHPFFDA78DA,西松段二小段,18.38,都市：住,16,3,持分移轉,03520000
RPXNMLRJKHPFFDA78DA,西松段二小段,.94,都市：其他:道路用地,16,3,持分移轉,03510000
RPVQMLNKKHPFFCA38CA,吉林段三小段,.10,都市：其他:道,10000,25,持分移轉,09860001
RPTPMLTKKHPFFBA58CA,迪化段一小段,6.45,都市：商,10000,114,持分移轉,01260000
RPVQMLNKKHPFFCA38CA,吉林段三小段,.01,都市：商,10000,25,持分移轉,09850000
RPTPMLTKKHPFFBA58CA,迪化段一小段,7.34,都市：其他:特定專用區(供一般商業使用),10000,114,持分移轉,01260002
RPVQMLNKKHPFFCA38CA,吉林段三小段,2.76,都市：商,10000,25,持分移轉,09860000
RPVPMLKLKHPFFDA28DA,祥和段三小段,6.81,都市：住,300000,1798,持分移轉,02210000
RPOOMLOKKHPFFEA77CA,富安段二小段,15.15,都市：住,40,3,持分移轉,00070000
RPOOMLOKKHPFFEA77CA,富安段二小段,2.70,都市：住,40,3,持分移轉,00010000
RPOOMLOKKHPFFEA77CA,富安段二小段,146.76,都市：住,4000,94,持分移轉,00080000
RPORMLKKKHPFFDA57CA,雅祥段四小段,15.73,都市：住,37299,204,持分移轉,06940004
RPORMLKKKHPFFDA57CA,雅祥段四小段,4.10,都市：住,37299,204,持分移轉,06940000
RPPOMLPKKHPFFDA87CA,美仁段一小段,4.07,都市：其他:道路用地,178800,1825,持分移轉,03360000
RPROMLMKKHPFFAA47CA,華興段一小段,24.07,都市：住,10000,220,持分移轉,00100000
RPVPMLKKKHPFFDA08CA,延吉段三小段,7.70,都市：其他:第三之一種住宅區(特)及第三種住宅區及道路用地(公共設施用地)。,700000,1686,持分移轉,02490000
RPRQMLOKKHPFFDA18CA,逸仙段二小段,2.25,都市：其他:道路用地(公共設施用地),4,1,持分移轉,01940001
RPRQMLOKKHPFFDA18CA,逸仙段二小段,41.50,都市：住,4,1,持分移轉,01940000
RPRNMLKKKHPFFDA47CA,犂和段二小段,13.79,都市：住,10000,343,持分移轉,02600000
RPTOMLRKKHPFFCA38CA,文德段四小段,.00,都市：商,5220000,2,持分移轉,00210000
RPUPMLOKKHPFFCA28CA,正義段一小段,13.89,都市：商,10000,586,持分移轉,02580000
RPROMLKLKHPFFDA77DA,吳興段二小段,3.82,都市：住,100000,453,持分移轉,05270000
RPORMLQJKHPFFCA97CA,大湖段二小段,10.49,都市：住,10000,51,持分移轉,00390000
RPWOMLMKKHPFFCA18CA,康寧段三小段,25.25,都市：住,4,1,持分移轉,01000004
RPXOMLRJKHPFFCA68CA,榮星段四小段,32.63,都市：住,10000,822,持分移轉,05190000
RPVPMLLKKHPFFDA18CA,犂和段一小段,1.45,都市：其他:保護區,110,2,持分移轉,03520013
RPVPMLLKKHPFFDA18CA,犂和段一小段,1.56,都市：其他:保護區,110,2,持分移轉,03520016
RPVPMLLKKHPFFDA18CA,犂和段一小段,.62,都市：其他:保護區,110,2,持分移轉,03520024
RPVPMLLKKHPFFDA18CA,犂和段一小段,.45,都市：其他:保護區,110,2,持分移轉,03520025
RPVPMLLKKHPFFDA18CA,犂和段一小段,5.64,都市：其他:保護區,110,2,持分移轉,03520035
RPVPMLLKKHPFFDA18CA,犂和段一小段,2.67,都市：其他:保護區,11000000,79365,持分移轉,03520001
RPVPMLLKKHPFFDA18CA,犂和段一小段,.93,都市：其他:保護區,110,2,持分移轉,03520002
RPVPMLLKKHPFFDA18CA,犂和段一小段,1.56,都市：其他:保護區,110,2,持分移轉,03520004
RPVPMLLKKHPFFDA18CA,犂和段一小段,.20,都市：其他:保護區,110,2,持分移轉,03520036
RPVPMLLKKHPFFDA18CA,犂和段一小段,.91,都市：其他:保護區,110,2,持分移轉,03520037
RPVPMLLKKHPFFDA18CA,犂和段一小段,.95,都市：其他:保護區,110,2,持分移轉,03520038
RPVPMLLKKHPFFDA18CA,犂和段一小段,.13,都市：其他:保護區,110,2,持分移轉,03520040
RPVPMLLKKHPFFDA18CA,犂和段一小段,4.33,都市：其他:保護區,110,2,持分移轉,03520041
RPVPMLLKKHPFFDA18CA,犂和段一小段,.02,都市：其他:保護區,110,2,持分移轉,03520042
RPQOMLNKKHPFFAA47CA,萬芳段一小段,33.81,都市：其他:第參類住宅用地,10000,558,持分移轉,01500000
RPVNMLKKKHPFFBA77DA,雙園段二小段,27.36,都市：住,200000,2367,持分移轉,07750000
RPVOMLRJKHPFFBA38CA,青年段二小段,15.00,都市：住,6,1,持分移轉,05550000
RPSNMLRJKHPFFAA87CA,萬芳段一小段,61.06,都市：住,10000,530,持分移轉,00310000
RPSOMLMJLHPFFFA08CA,復興段一小段,3.59,都市：其他:道路用地,192,2,持分移轉,06570000
RPSOMLMJLHPFFFA08CA,復興段一小段,.21,都市：商,192,2,持分移轉,06570001
RPSOMLMJLHPFFFA08CA,復興段一小段,11.52,都市：商,192,2,持分移轉,06580000
RPSOMLMJLHPFFFA08CA,復興段一小段,5.15,都市：商,192,2,持分移轉,06580001
RPROMLMJLHPFFFA97CA,復興段一小段,1.80,都市：其他:道路用地,192,1,持分移轉,06570000
RPROMLMJLHPFFFA97CA,復興段一小段,.10,都市：商,192,1,持分移轉,06570001
RPROMLMJLHPFFFA97CA,復興段一小段,5.76,都市：商,192,1,持分移轉,06580000
RPROMLMJLHPFFFA97CA,復興段一小段,2.57,都市：商,192,1,持分移轉,06580001
RPTNMLOKKHPFFAA87DA,萬隆段二小段,35.25,都市：商,4,1,持分移轉,01430000
RPTNMLOKKHPFFAA87DA,萬隆段二小段,4.96,都市：商,24,1,持分移轉,01460000
RPPQMLPKKHPFFBA97DA,文昌段二小段,18.69,都市：住,10000,233,持分移轉,02040000
RPPQMLPKKHPFFBA97DA,文昌段二小段,1.98,都市：住,10000,233,持分移轉,02050001
RPXNMLKKKHPFFEA18CA,光華段四小段,8.45,都市：住,10000,42,持分移轉,08160000
RPRNMLNKKHPFFEA87CA,文林段三小段,27.60,都市：住,20,1,持分移轉,00660000
RPRNMLNKKHPFFEA87CA,文林段三小段,.30,都市：其他:道路用地,20,1,持分移轉,00660003
RPRNMLNKKHPFFEA87CA,文林段三小段,.10,都市：其他:道路用地,20,1,持分移轉,00660004
RPXOMLKKKHPFFDA18CA,民生段,43.50,都市：住,8,1,持分移轉,00500019
RPPPMLOJLHPFFAA57CA,政大段二小段,40.93,都市：住,100000,1368,持分移轉,04730000
RPPOMLNKKHPFFBA47CA,漢中段二小段,13.77,都市：商,10000,98,持分移轉,08930000
RPWNMLPLKHPFFDA68DA,南港段一小段,1.22,都市：住,1000000,300,持分移轉,03840000
RPSNMLPKKHPFFBA87CA,莒光段四小段,7.00,都市：住,1,1,全筆移轉,08990003
RPUNMLRKKHPFFEA58CA,立農段一小段,29.50,都市：住,4,1,持分移轉,02840000
RPROMLRKKHPFFEA38CA,立農段一小段,21.72,都市：住,10000,135,持分移轉,01100000
RPSPMLKKKHPFFCA67CA,吉林段三小段,1.80,都市：商,10000,2000,持分移轉,10140000
RPSPMLKKKHPFFCA67CA,吉林段三小段,.20,都市：其他:道路用地(公共設施用地)【53/7/15】,10000,2000,持分移轉,10140001
RPSPMLKKKHPFFCA67CA,吉林段三小段,17.40,都市：商,10000,2000,持分移轉,10160000
RPTOMLKKKHPFFDA87DA,雅祥段三小段,13.10,都市：住,10,1,持分移轉,03930000
RPROMLQLKHPFFAA97CA,興隆段二小段,17.71,都市：住,10000,446,持分移轉,02050000
RPTNMLKKKHPFFBA47CA,華江段二小段,3.70,都市：住,100000,426,持分移轉,00940000
RPTNMLKKKHPFFBA47CA,華江段二小段,1.23,都市：住,100000,426,持分移轉,00940001
RPPOMLLKKHPFFAA17CA,河堤段一小段,1.33,都市：商,104,3,持分移轉,03060001
RPPOMLLKKHPFFAA17CA,河堤段一小段,5.06,都市：商,16,3,持分移轉,03010000
RPPOMLLKKHPFFAA17CA,河堤段一小段,12.94,都市：商,16,3,持分移轉,03010001
RPPOMLLKKHPFFAA17CA,河堤段一小段,1.18,都市：商,104,3,持分移轉,03060000
RPWPMLMKKHPFFCA28CA,金泰段,32.25,都市：其他:娛樂區,100000,1135,持分移轉,00070005
RPVOMLMKKHPFFBA97CA,青年段一小段,12.40,都市：住,31555,17,持分移轉,00740000
RPUNMLMKKHPFFBA77CA,大龍段一小段,.01,都市：住,100000,2,持分移轉,02330000
RPUNMLMKKHPFFBA77CA,大龍段一小段,.00,都市：住,100000,2,持分移轉,02140013
RPUNMLSKKHPFFBA38CA,華江段二小段,11.22,都市：住,9,1,持分移轉,04770000
RPUNMLSKKHPFFBA38CA,華江段二小段,4.77,都市：其他:道路,243,20,持分移轉,04780000
RPTOMLLKKHPFFDA87CA,永春段三小段,28.56,都市：住,10000,140,持分移轉,04360002
RPXOMLMKKHPFFDA38CA,福德段二小段,22.75,都市：住,4,1,持分移轉,00650000
RPPOMLQJLHPFFBA77CA,中正段一小段,36.50,都市：住,6,1,持分移轉,00720000
RPVOMLLKKHPFFDA08CA,敦化段一小段,20.00,都市：其他:道路用地(公共設施用地),1,1,全筆移轉,01470000
RPQNMLLKKHPFFEA57CA,芝山段二小段,30.32,都市：住,10000,440,持分移轉,09610000
RPWOMLLKKHPFFDA18CA,中南段四小段,12.63,都市：住,10000,364,持分移轉,04320000
RPUNMLTKLHPFFCA68CA,碧湖段三小段,25.06,都市：住,10000,350,持分移轉,02160000
RPUNMLTKLHPFFDA78CA,延吉段一小段,.21,都市：商,10000,12,持分移轉,04060000
RPUNMLTKLHPFFDA78CA,延吉段一小段,4.10,都市：住,10000,12,持分移轉,04060001
RPQNMLNLKHPFFCA67CA,長安段三小段,28.00,都市：住,361,28,持分移轉,04710000
RPUPMLKLKHPFFDA18DA,美仁段一小段,1.14,都市：住,863000,79,持分移轉,00020001
RPUPMLKLKHPFFDA18DA,美仁段一小段,22.28,都市：住,35000,210,持分移轉,00180001
RPUPMLKLKHPFFDA18DA,美仁段一小段,.99,都市：住,75000,57,持分移轉,00180005
RPWPMLKKKHPFFDA18CA,南港段二小段,33.00,都市：商,4,1,持分移轉,00750000
RPXNMLLKKHPFFEA38DA,雙溪段重劃一小段,248.00,都市：住,4,1,持分移轉,00500000
RPROMLPKKHPFFDA18DA,敦化段一小段,22.50,都市：住,8,1,持分移轉,01170000
RPROMLPKKHPFFDA18DA,敦化段一小段,8.12,都市：其他:道路用地,8,1,持分移轉,01170004
RPSNMLOKKHPFFCA87CA,康寧段三小段,8.40,都市：住,20000,47,持分移轉,05410003
RPWNMLPKKHPFFBA28CA,莒光段四小段,7.00,都市：住,1,1,全筆移轉,08990004
RPPQMLTKKHPFFCA38CA,中山段一小段,.25,都市：商,100000,105,持分移轉,04780000
RPSOMLQLKHPFFAA08CA,興隆段二小段,17.71,都市：住,10000,446,持分移轉,02050000
RPWNMLKLKHPFFDA08CA,民生段,18.98,都市：其他:住宅用地及道路用地,98440,424,持分移轉,00080000
RPOQMLKKKHPFFCA37CA,文德段一小段,27.57,都市：住,10000,56,持分移轉,03190000
RPXNMLMKKHPFFAA97CA,實踐段二小段,13.62,都市：住,8,1,持分移轉,00130000
RPXNMLMKKHPFFAA97CA,實踐段二小段,16.38,都市：住,8,1,持分移轉,00140000
RPQOMLQLKHPFFAA87CA,興隆段二小段,23.42,都市：住,10000,590,持分移轉,02050000
RPWNMLQLKHPFFAA38CA,興隆段二小段,17.71,都市：住,10000,446,持分移轉,02050000
RPXNMLQLKHPFFAA48CA,興隆段二小段,17.71,都市：住,10000,446,持分移轉,02050000
RPPOMLQLKHPFFAA77CA,興隆段二小段,17.71,都市：住,10000,446,持分移轉,02050000
RPOOMLQLKHPFFAA67CA,興隆段二小段,17.71,都市：住,10000,446,持分移轉,02050000
RPQOMLKLLHPFFEA77CA,軟橋段,46.59,都市：其他:市民住宅區,100000,491,持分移轉,00850000
RPWPMLLKKHPFFEA38CA,振興段三小段,43.50,都市：住,4,1,持分移轉,02040000
RPWQMLKKKHPFFDA28CA,延吉段一小段,.42,都市：商,100000,410,持分移轉,02140000
RPSNMLNKKHPFFDA87CA,三興段一小段,23.91,都市：住,10000,491,持分移轉,06950000
RPWQMLKKKHPFFDA28CA,延吉段一小段,4.27,都市：商,100000,410,持分移轉,02160000
RPWQMLKKKHPFFDA28CA,延吉段一小段,.33,都市：住,100000,410,持分移轉,02460000
RPRPMLNKKHPFFEA18DA,福順段二小段,.84,都市：住,10000,4,持分移轉,04410000
RPRPMLNKKHPFFEA18DA,福順段二小段,.04,都市：住,10000,4,持分移轉,04410001
RPTNMLMKKHPFFBA67CA,華江段三小段,21.30,都市：其他:特定專用區,23240,213,持分移轉,05050003
RPSPMLTKKIOFFAA38CA,萬芳段三小段,12.32,都市：商,10000,115,持分移轉,09690000
RPSPMLTKKIOFFAA38CA,萬芳段三小段,3.69,都市：住,10000,115,持分移轉,09690001
RPSPMLTKKIOFFAA38CA,萬芳段三小段,.01,都市：商,10000,115,持分移轉,09700002
RPSPMLTKKIOFFAA38CA,萬芳段三小段,.01,都市：商,10000,115,持分移轉,09720002
RPQUMLNKKIOFFCA28CA,碧湖段三小段,27.13,都市：住,10000,48,持分移轉,04020000
RPQUMLNKKIOFFCA28CA,碧湖段三小段,.02,都市：住,10000,48,持分移轉,04130002
RPOOMLNJKHPFFCA37CA,德惠段三小段,19.45,都市：住,10000,927,持分移轉,03030000
RPWOMLPLLHPFFBA58CA,雙連段二小段,.08,都市：商,100000,20,持分移轉,06960000
RPPOMLKKLHPFFAA17CA,萬慶段一小段,44.08,都市：住,10000,328,持分移轉,01370000
RPROMLQKKIOFFEA28CA,開明段三小段,32.75,都市：住,4,1,持分移轉,03190000
RPSOMLSKKIOFFFA78DA,金華段一小段,.04,都市：商,100000,5,持分移轉,01050000
RPSOMLSKKIOFFFA78DA,金華段一小段,.01,都市：商,100000,5,持分移轉,01050001
RPRNMLRJJHPFFAA67CA,興隆段一小段,4.05,都市：住,168,1,持分移轉,03740000
RPRNMLRJJHPFFAA67CA,興隆段一小段,4.05,都市：住,168,1,持分移轉,03740000
RPRNMLRJJHPFFAA67CA,興隆段一小段,.71,都市：其他:保護區,24,1,持分移轉,03530001
RPRNMLRJJHPFFAA67CA,興隆段一小段,.71,都市：其他:保護區,24,1,持分移轉,03530001
RPRNMLRJJHPFFAA67CA,興隆段一小段,3.95,都市：住,60,1,持分移轉,03720000
RPRNMLRJJHPFFAA67CA,興隆段一小段,3.95,都市：住,60,1,持分移轉,03720000
RPRNMLRJJHPFFAA67CA,興隆段一小段,3.50,都市：住,168,1,持分移轉,03220000
RPRNMLRJJHPFFAA67CA,興隆段一小段,3.50,都市：住,168,1,持分移轉,03220000
RPRNMLRJJHPFFAA67CA,興隆段一小段,3.53,都市：住,168,1,持分移轉,03240000
RPRNMLRJJHPFFAA67CA,興隆段一小段,3.53,都市：住,168,1,持分移轉,03240000
RPRNMLRJJHPFFAA67CA,興隆段一小段,1.58,都市：住,168,1,持分移轉,03750000
RPRNMLRJJHPFFAA67CA,興隆段一小段,1.58,都市：住,168,1,持分移轉,03750000
RPRNMLRJJHPFFAA67CA,興隆段一小段,.82,都市：住,168,1,持分移轉,03750002
RPRNMLRJJHPFFAA67CA,興隆段一小段,.82,都市：住,168,1,持分移轉,03750002
RPRNMLRJJHPFFAA67CA,興隆段一小段,.43,都市：住,168,1,持分移轉,03750003
RPRNMLRJJHPFFAA67CA,興隆段一小段,.43,都市：住,168,1,持分移轉,03750003
RPUNMLKKLHPFFEA97CA,新民段二小段,13.45,都市：商,100000,368,持分移轉,05410000
RPUNMLKKLHPFFEA97CA,新民段二小段,11.07,都市：商,100000,303,持分移轉,05410000
RPUNMLQKKIOFFFA58CA,仁愛段二小段,15.89,都市：其他:公共設施保留用地(道路用地),27,1,持分移轉,02880001
RPROMLRKKIOFFDA28CA,永吉段二小段,3.00,都市：住,1,1,全筆移轉,00390002
RPQOMLQKKIOFFBA87CA,青年段二小段,.24,都市：住,9415,57,持分移轉,00100000
RPQOMLQKKIOFFBA87CA,青年段二小段,11.22,都市：住,9415,57,持分移轉,00100001
RPSNMLRJJHPFFAA77CA,興隆段一小段,.12,都市：其他:道路用地,168,1,持分移轉,03740001
RPSNMLRJJHPFFAA77CA,興隆段一小段,.12,都市：其他:道路用地,168,1,持分移轉,03740001
RPSNMLRJJHPFFAA77CA,興隆段一小段,1.07,都市：其他:道路用地,168,1,持分移轉,03750001
RPSNMLRJJHPFFAA77CA,興隆段一小段,1.07,都市：其他:道路用地,168,1,持分移轉,03750001
RPSNMLRJJHPFFAA77CA,興隆段一小段,.92,都市：其他:公墓用地,24,1,持分移轉,03530000
RPSNMLRJJHPFFAA77CA,興隆段一小段,.92,都市：其他:公墓用地,24,1,持分移轉,03530000
RPSQMLKMKIOFFEA18CA,三合段,23.90,都市：住,100000,852,持分移轉,00690000
RPXNMLQKKIOFFEA78CA,開明段二小段,129.50,都市：其他:道路用地,2,1,持分移轉,01430000
RPSNMLKLKIOFFDA77DA,逸仙段三小段,7.14,都市：商,19606,37,持分移轉,00320000
RPSNMLKLKIOFFDA77DA,逸仙段三小段,.38,都市：住,19606,37,持分移轉,00320005
RPSNMLKLKIOFFDA77DA,逸仙段三小段,2.50,都市：住,19606,37,持分移轉,00440000
RPORMLSJJHPFFCA08CA,吉林段二小段,56.75,都市：住,4,1,持分移轉,09150000
RPPOMLTKKIOFFBA08CA,公園段三小段,.21,都市：商,10000,1,持分移轉,02450000
RPTNMLTKKIOFFDA68DA,延吉段三小段,2.16,都市：其他:道路用地(公共設施用地,280,2,持分移轉,04110001
RPTNMLTKKIOFFDA68DA,延吉段三小段,3.99,都市：其他:道路用地(公共設施用地,280,2,持分移轉,04440000
RPVTMLNKKIOFFCA78DA,中山段三小段,12.53,都市：商,10000,167,持分移轉,01900000
RPQNMLMLKIOFFDA77DA,永吉段四小段,.11,都市：其他:交通用地(公共設施用地),10000,1,持分移轉,01400007
RPQNMLMLKIOFFDA77DA,永吉段四小段,.14,都市：商,10000,1,持分移轉,01410000
RPQNMLMLKIOFFDA77DA,永吉段四小段,.00,都市：商,10000,1,持分移轉,01410001
RPUOMLTKKIOFFBA58CA,橋北段三小段,.03,都市：其他:道路用地(公共設施用地),30,1,持分移轉,05240001
RPWOMLTKKIOFFEA09CA,溪洲段二小段,147.50,都市：住,2,1,持分移轉,03280000
RPQPMLRKKIOFFDA28CA,延吉段三小段,15.75,都市：其他:道路用地,24,3,持分移轉,02530000
RPVPMLRJJHPFFCA48CA,碧湖段二小段,2.64,都市：住,10000,6,持分移轉,05080000
RPUNMLNKJHPFFEA08CA,光華段二小段,12.69,都市：住,12000,65,持分移轉,10020000
RPUNMLNKJHPFFEA08CA,光華段二小段,.15,都市：住,12000,65,持分移轉,10020002
RPQNMLTKKIOFFEA38CA,天山段二小段,7.85,都市：住,40,1,持分移轉,00740000
RPQNMLTKKIOFFEA38CA,天山段二小段,19.43,都市：住,40,1,持分移轉,00750000
RPQNMLTKKIOFFEA38CA,天山段二小段,.23,都市：住,40,1,持分移轉,00770000
RPQNMLTKKIOFFEA38CA,天山段二小段,1.45,都市：住,40,1,持分移轉,00800000
RPPPMLQJJHPFFDA87CA,雅祥段一小段,51.00,都市：其他:道路用地,1,1,全筆移轉,04300001
RPUOMLQLKIOFFCA58DA,長安段二小段,43.36,都市：商,145840,13121,持分移轉,02490000
RPWNMLKLKIOFFEA18CA,芝蘭段二小段,96.18,都市：住,100000,1854,持分移轉,06810000
RPTNMLNLKIOFFBA87CA,福星段二小段,3.73,都市：其他:第四種商業區,100000,630,持分移轉,03680000
RPWNMLTKKIOFFEA98CA,富安段一小段,156.00,都市：其他:娛樂區,48,1,持分移轉,03280000
RPWNMLTKKIOFFEA98CA,富安段一小段,61.98,都市：其他:遊樂區,1600,7,持分移轉,03320000
RPRPMLQJJHPFFEA28DA,陽明段二小段,.00,都市：住,100000,5,持分移轉,02530000
RPRPMLQJJHPFFEA28DA,陽明段二小段,.02,都市：商,100000,5,持分移轉,02530001
RPUPMLQLKIOFFAA38CA,福和段二小段,64.75,都市：住,4,1,持分移轉,06490000
RPSQMLSKKIOFFCA58CA,碧湖段一小段,20.88,都市：住,918896,11177,持分移轉,07290000
RPVQMLRLKIOFFCA88CA,潭美段五小段,40.48,都市：住,10000,651,持分移轉,01080000
RPWRMLQJJHPFFCA68CA,碧湖段三小段,7.10,都市：住,10000,8,持分移轉,01230000
SPVQMLRLKIOFFCA98CA,潭美段五小段,40.42,都市：住,10000,650,持分移轉,01080000
RPWRMLQJJHPFFCA68CA,碧湖段三小段,.00,都市：其他:公共設施保留地,10000,8,持分移轉,01230001
RPWPMLKLKIOFFCA18CA,吉林段三小段,2.55,都市：商,360000,130,持分移轉,09210000
RPWPMLKLKIOFFCA18CA,吉林段三小段,.01,都市：其他:道路用地,360000,130,持分移轉,09210006
RPWPMLKLKIOFFCA18CA,吉林段三小段,.00,都市：其他:道路用地,360000,130,持分移轉,09210007
RPUNMLRJKHPFFDA48DA,美仁段二小段,14.72,都市：住,10000,44,持分移轉,02230000
RPQNMLKMKIOFFCA47CA,德惠段二小段,.38,都市：住,10000,97,持分移轉,00200000
RPQNMLKMKIOFFCA47CA,德惠段二小段,6.42,都市：住,10000,97,持分移轉,00200001
RPQNMLKMKIOFFCA47CA,德惠段二小段,.00,都市：住,10000,97,持分移轉,00200002
RPQNMLKMKIOFFCA47CA,德惠段二小段,.11,都市：其他:道路用地,10000,97,持分移轉,00200003
RPPPMLRKKIOFFFA38CA,懷生段三小段,48.50,都市：住,4,1,持分移轉,05150000
RPRNMLPLKIOFFFA28CA,懷生段一小段,1.13,都市：商,10000,210,持分移轉,00070000
RPRNMLPLKIOFFFA28CA,懷生段一小段,11.21,都市：商,10000,210,持分移轉,00080000
RPRPMLQJJHPFFFA28CA,仁愛段六小段,40.08,都市：其他:道路用地,10027584,835632,持分移轉,01390005
RPXNMLTKKIOFFBA88DA,福星段三小段,.92,都市：商,10000,6,持分移轉,00950000
RPROMLTKKIOFFEA58CA,溪山段一小段,360.66,都市：其他:陽明山國家公園區,1,1,全筆移轉,05640000
RPWSMLKMKIOFFCA58CA,吉林段四小段,6.46,都市：商,100000,883,持分移轉,06240000
RPVOMLTKKIOFFEA98CA,關渡段一小段,598.79,都市：其他:公園用地,73,16,持分移轉,02150000
RPVOMLTKKIOFFEA98CA,關渡段一小段,359.01,都市：其他:堤防用地,73,16,持分移轉,02150001
RPWNMLTKKIOFFFA09CA,大安段一小段,.10,都市：住,10000,1,持分移轉,07220000
RPVNMLKLKIOFFBA77CA,莒光段一小段,.78,都市：住,1000000,834,持分移轉,06950000
RPPOMLKLKIOFFDA47CA,敦化段三小段,.07,都市：商,10000,1,持分移轉,00070000
RPPOMLKLKIOFFDA47CA,敦化段三小段,.01,都市：商,10000,1,持分移轉,00140001
RPXOMLTKKIOFFCA98CA,德惠段四小段,2.71,都市：商,10000,21,持分移轉,03100000
RPVNMLKMKIOFFEA18CA,三玉段二小段,103.29,都市：商,14,2,持分移轉,00830000
RPTNMLSLKIOFFCA48CA,文德段二小段,22.20,都市：住,5,1,持分移轉,02390000
RPTNMLSLKIOFFCA48CA,文德段二小段,11.20,都市：住,10,1,持分移轉,02400000
RPSRMLRJJHPFFCA38CA,碧湖段四小段,.60,都市：住,100000,20,持分移轉,10250000
RPSRMLRJJHPFFCA38CA,碧湖段四小段,.36,都市：住,100000,20,持分移轉,10250002
RPOQMLKKJHPFFCA27CA,榮星段四小段,11.71,都市：住,100000,528,持分移轉,07700000
RPOQMLKKJHPFFCA27CA,榮星段四小段,6.57,都市：住,100000,528,持分移轉,07860000
RPWNMLLMKIOFFAA08DA,木柵段四小段,27.01,都市：住,10000,309,持分移轉,01800000
RPXQMLKKJHPFFCA18CA,榮星段四小段,9.62,都市：住,100000,434,持分移轉,07700000
RPXQMLKKJHPFFCA18CA,榮星段四小段,5.40,都市：住,100000,434,持分移轉,07860000
RPXNMLKMKIOFFAA97CA,興隆段三小段,7.00,都市：其他:道路用地,1,1,全筆移轉,07650001
RPXNMLKMKIOFFAA97CA,興隆段三小段,61.00,都市：商,1,1,全筆移轉,07650000
RPQQMLKKJHPFFCA47CA,榮星段四小段,11.71,都市：住,100000,528,持分移轉,07700000
RPQQMLKKJHPFFCA47CA,榮星段四小段,6.57,都市：住,100000,528,持分移轉,07860000
SPOQMLKKJHPFFCA37CA,榮星段四小段,11.91,都市：住,100000,537,持分移轉,07700000
SPOQMLKKJHPFFCA37CA,榮星段四小段,6.68,都市：住,100000,537,持分移轉,07860000
RPRNMLQLKHPFFCA08CA,吉林段五小段,34.57,都市：商,462523,10492,持分移轉,00230000
RPWNMLNLKIOFFEA48CA,三玉段四小段,24.82,都市：住,10000,630,持分移轉,04180000
SPQQMLKKJHPFFCA57CA,榮星段四小段,12.24,都市：住,100000,552,持分移轉,07700000
SPQQMLKKJHPFFCA57CA,榮星段四小段,6.87,都市：住,100000,552,持分移轉,07860000
RPXNMLOLKIOFFDA58CA,民生段,4.49,都市：商,681200,449,持分移轉,00620002
RPTNMLKMKIOFFDA87CA,福德段一小段,97.38,都市：其他:公共設施保留用地(道路用地),2936861,400000,持分移轉,04280000
RPXOMLPLKIOFFDA78CA,永吉段一小段,18.44,都市：住,100000,1152,持分移轉,01220000
RPOPMLNJJHPFFDA47CA,犂和段四小段,41.00,都市：住,10,1,持分移轉,00090006
RPSQMLKKJHPFFCA67CA,榮星段四小段,6.36,都市：住,100000,287,持分移轉,07700000
RPSQMLKKJHPFFCA67CA,榮星段四小段,3.57,都市：住,100000,287,持分移轉,07860000
RPTQMLKKJHPFFCA77CA,榮星段四小段,6.36,都市：住,100000,287,持分移轉,07700000
RPTQMLKKJHPFFCA77CA,榮星段四小段,3.57,都市：住,100000,287,持分移轉,07860000
RPWOMLLMKIOFFDA38CA,美仁段二小段,9.69,都市：商,1000000,8941,持分移轉,04860000
RPVQMLKKJHPFFCA97CA,榮星段四小段,7.87,都市：住,100000,355,持分移轉,07700000
RPVQMLKKJHPFFCA97CA,榮星段四小段,4.42,都市：住,100000,355,持分移轉,07860000
RPTPMLNLKIOFFCA18CA,榮星段四小段,110.33,都市：其他:道路用地,3,1,持分移轉,01010000
RPRPMLNLKIOFFCA97CA,榮星段四小段,110.33,都市：其他:道路用地,3,1,持分移轉,01010000
RPQNMLOLKIOFFCA77CA,東湖段七小段,.44,都市：住,10000,2,持分移轉,00650000
RPUNMLNLKIOFFFA38CA,仁愛段二小段,3.93,都市：其他:敦化南北路特定專用區(A區),30000,159,持分移轉,06270000
RPUNMLNLKIOFFFA38CA,仁愛段二小段,1.29,都市：其他:敦化南北路特定專用區(A區),30000,159,持分移轉,06270001
RPQNMLNLKIOFFCA67CA,德惠段三小段,2.44,都市：住,10000,23,持分移轉,05230000
RPQNMLNLKIOFFCA67CA,德惠段三小段,4.12,都市：住,10000,23,持分移轉,05230001
SPSQMLKKJHPFFCA77CA,榮星段四小段,9.62,都市：住,100000,434,持分移轉,07700000
SPSQMLKKJHPFFCA77CA,榮星段四小段,5.40,都市：住,100000,434,持分移轉,07860000
RPUOMLPLKIOFFDA48CA,美仁段一小段,.07,都市：商,10000,2,持分移轉,08310000
RPUOMLPLKIOFFDA48CA,美仁段一小段,.04,都市：商,10000,2,持分移轉,08330002
RPUQMLKKJHPFFCA87CA,榮星段四小段,7.45,都市：住,100000,336,持分移轉,07700000
RPUQMLKKJHPFFCA87CA,榮星段四小段,4.18,都市：住,100000,336,持分移轉,07860000
RPROMLOLKIOFFEA18CA,文林段三小段,37.75,都市：住,16,4,持分移轉,03020000
RPROMLNLKIOFFEA08CA,豐年段三小段,358.70,都市：農,10,1,持分移轉,03750000
RPOPMLNLKIOFFEA87CA,行義段三小段,2.03,都市：住,10000,8,持分移轉,02770000
RPPNMLPJJHPFFDA57CA,福德段一小段,23.90,都市：住,10,1,持分移轉,07150000
RPUNMLRLKIOFFAA28CA,公訓段二小段,16.39,都市：商,183600,5500,持分移轉,04390000
RPUNMLRLKIOFFAA28CA,公訓段二小段,1.05,都市：商,183600,5500,持分移轉,04400000
RPUNMLRLKIOFFAA28CA,公訓段二小段,9.38,都市：商,183600,5500,持分移轉,04430000
RPWOMLPLKIOFFDA68CA,延吉段三小段,20.29,都市：住,20000,241,持分移轉,02280000
RPVOMLPLKIOFFFA78CA,仁愛段四小段,.85,都市：其他:敦化南北路特定專用區﹝A區﹞,50000,321,持分移轉,04910000
RPVOMLPLKIOFFFA78CA,仁愛段四小段,.28,都市：其他:敦化南北路特定專用區﹝A區﹞,50000,321,持分移轉,04910002
RPVOMLPLKIOFFFA78CA,仁愛段四小段,3.06,都市：其他:敦化南北路特定專用區﹝A區﹞,50000,321,持分移轉,04910003
RPUOMLTJJHPFFCA48CA,石潭段四小段,18.79,都市：商,4000000,17252,持分移轉,03230000
RPSOMLOLKIOFFEA28CA,富安段一小段,603.00,都市：其他:娛樂區,1,1,全筆移轉,02780000
RPWPMLNJJHPFFDA28CA,經貿段,52.98,都市：住,10000,240,持分移轉,00730001
RPRPMLKLJHPFFAA37CA,萬隆段二小段,35.34,都市：住,100000,384,持分移轉,04990000
RPTOMLRKJHPFFAA08CA,萬慶段一小段,20.43,都市：住,10000,152,持分移轉,01370000
RPTNMLQJJHPFFCA97CA,石潭段三小段,.01,都市：其他:公園用地,4536,7,持分移轉,01110000
RPTNMLQJJHPFFCA97CA,石潭段三小段,.17,都市：其他:公園用地,4536,7,持分移轉,01120000
RPTNMLQJJHPFFCA97CA,石潭段三小段,25.73,都市：其他:高速公路用地,126,7,持分移轉,01240000
RPTNMLQJJHPFFCA97CA,石潭段三小段,27.42,都市：其他:高速公路用地,126,7,持分移轉,01250000
RPTNMLQJJHPFFCA97CA,石潭段二小段,.09,都市：其他:公園用地,4536,7,持分移轉,01290000
RPTNMLQJJHPFFCA97CA,石潭段二小段,54.01,都市：其他:公園用地,126,7,持分移轉,02470000
RPTNMLQJJHPFFCA97CA,石潭段二小段,.44,都市：其他:公園用地,4536,7,持分移轉,02600000
RPTNMLQJJHPFFCA97CA,石潭段二小段,.20,都市：其他:公園用地,4536,7,持分移轉,02610000
RPTNMLQJJHPFFCA97CA,石潭段二小段,.01,都市：其他:公園用地,4536,7,持分移轉,02650000
RPTNMLQJJHPFFCA97CA,石潭段三小段,44.85,都市：其他:公園用地,126,7,持分移轉,00140000
RPTNMLQJJHPFFCA97CA,石潭段三小段,6.37,都市：其他:公園用地,126,7,持分移轉,00150000
RPTNMLQJJHPFFCA97CA,石潭段三小段,108.94,都市：其他:公園用地,126,7,持分移轉,00400000
RPTNMLQJJHPFFCA97CA,石潭段三小段,.36,都市：其他:公園用地,126,7,持分移轉,00410000
RPTNMLQJJHPFFCA97CA,石潭段三小段,2.61,都市：其他:公園用地,126,7,持分移轉,01050000
RPTNMLQJJHPFFCA97CA,石潭段三小段,3.41,都市：其他:公園用地,126,7,持分移轉,01060000
RPTNMLQJJHPFFCA97CA,石潭段三小段,.17,都市：其他:公園用地,4536,7,持分移轉,01100000
RPVNMLOLKIOFFFA58CA,瑞安段一小段,128.00,都市：其他:文教用地(公共設施用地),1,1,全筆移轉,02340005
RPVNMLOLKIOFFFA58CA,瑞安段一小段,514.00,都市：其他:文教用地(公共設施用地)及道路用地(公共設施用地),1,1,全筆移轉,02340009
RPUNMLQJJHPFFCA08CA,大湖段一小段,3.32,都市：其他:保護區,630,7,持分移轉,01670000
RPUNMLQJJHPFFCA08CA,大湖段一小段,.86,都市：其他:保護區,630,7,持分移轉,00720000
RPUNMLQJJHPFFCA08CA,大湖段一小段,3.91,都市：其他:保護區,630,7,持分移轉,00530000
RPUNMLQJJHPFFCA08CA,大湖段一小段,2.72,都市：其他:保護區,630,7,持分移轉,00770000
RPUNMLKMKIOFFEA08CA,三玉段二小段,103.29,都市：商,14,2,持分移轉,00830000
RPWOMLQLKIOFFEA88CA,關渡段二小段,1.40,都市：住,10000,312,持分移轉,05360000
RPWOMLQLKIOFFEA88CA,關渡段二小段,22.84,都市：住,10000,312,持分移轉,05370000
RPWOMLQLKIOFFEA88CA,關渡段二小段,2.21,都市：住,10000,49,持分移轉,05390000
RPRQMLPLKIOFFEA48CA,立農段一小段,5.45,都市：其他:道路用地(公共設施用地),2862000,1680,持分移轉,00940002
RPRQMLPLKIOFFEA48CA,陽明段三小段,62.35,都市：其他:道路用地(公共設施用地),63,8,持分移轉,09460000
RPRQMLPLKIOFFEA48CA,三玉段五小段,9.33,都市：其他:道路用地(公共設施用地),42,2,持分移轉,07980000
RPRQMLPLKIOFFEA48CA,三玉段五小段,3.95,都市：其他:道路用地(公共設施用地),42,2,持分移轉,08220000
RPRQMLPLKIOFFEA48CA,蘭雅段一小段,11.50,都市：其他:道路用地(公共設施用地),2,1,持分移轉,06990024
RPRQMLPLKIOFFEA48CA,蘭雅段一小段,61.00,都市：其他:道路用地(公共設施用地),1,1,全筆移轉,06990028
RPRQMLPLKIOFFEA48CA,蘭雅段一小段,19.60,都市：其他:道路用地(公共設施用地),290,49,持分移轉,06990030
RPRQMLPLKIOFFEA48CA,蘭雅段一小段,1.62,都市：其他:道路用地(公共設施用地),42,2,持分移轉,06990035
RPXQMLRLKIOFFCA09CA,榮星段二小段,13.11,都市：住,50000,376,持分移轉,06380000
RPXNMLRLKIOFFCA78CA,中山段一小段,3.80,都市：商,100000,645,持分移轉,02450000
RPXPMLPLKIOFFDA98DA,信義段三小段,61.74,都市：住,10000,195,持分移轉,00140001
RPWNMLKMKIOFFEA28CA,永平段二小段,16.00,都市：住,1,1,全筆移轉,03130003
RPWNMLKMKIOFFEA28CA,至善段一小段,647.50,都市：其他:保護區,2,1,持分移轉,01340000
RPWNMLKMKIOFFEA28CA,至善段一小段,205.00,都市：其他:保護區,2,1,持分移轉,01350000
RPSPMLPLKIOFFCA28CA,中山段四小段,2.14,都市：其他:道路用地(公共設施用地),48320,63,持分移轉,02130001
RPTNMLNJJHPFFBA57CA,青年段一小段,20.90,都市：住,100000,561,持分移轉,01240002
RPTNMLNJJHPFFBA57CA,青年段一小段,19.64,都市：住,100000,561,持分移轉,01250000
RPWNMLNLKIOFFFA68DA,學府段二小段,30.25,都市：住,4,1,持分移轉,04800000
RPQOMLRLKIOFFFA58DA,辛亥段三小段,.14,都市：住,10000,1,持分移轉,04690000
RPQOMLRLKIOFFFA58DA,辛亥段三小段,.38,都市：住,10000,1,持分移轉,04770000
RPRQMLOLKIOFFDA28CA,敦化段三小段,.06,都市：商,100000,10,持分移轉,03920000
RPRQMLOLKIOFFDA28CA,敦化段三小段,.00,都市：商,100000,10,持分移轉,03920002
RPQRMLOLKIOFFCA28DA,吉林段五小段,.23,都市：商,10000,26,持分移轉,03020000
RPQRMLOLKIOFFCA28DA,吉林段五小段,2.79,都市：商,10000,26,持分移轉,03330000
RPSOMLKLJHPFFDA67CA,寶清段五小段,19.94,都市：住,10000,573,持分移轉,02020000
RPQNMLLMKIOFFFA87CA,懷生段二小段,8.37,都市：住,336,4,持分移轉,01550000
RPXRMLTJJHPFFCA09CA,石潭段四小段,9.26,都市：商,100000,330,持分移轉,04230000
RPOOMLLMKIOFFBA37CA,成功段二小段,10.30,都市：商,10000,424,持分移轉,00070000
RPPNMLKMKIOFFEA57CA,百齡段四小段,23.23,都市：住,10000,162,持分移轉,02450000
RPPOMLPLKIOFFAA67CA,華興段一小段,23.52,都市：住,10000,215,持分移轉,00100000
RPPNMLOJJHPFFAA17CA,河堤段一小段,25.75,都市：住,4,1,持分移轉,01420000
RPSPMLPLKIOFFDA48DA,南港段一小段,25.49,都市：住,30,1,持分移轉,05220000
RPROMLRLKIOFFAA18DA,木柵段二小段,10.15,都市：住,10000,74,持分移轉,06710000
RPQNMLQLKIOFFFA38DA,龍泉段三小段,3.73,都市：商,100000,769,持分移轉,11040000
RPQNMLQLKIOFFFA38DA,龍泉段三小段,10.27,都市：商,100000,769,持分移轉,11050000
RPUNMLOJKHPFFFA28CA,復興段三小段,.72,都市：其他:敦化南北路特定專用區,10000,21,持分移轉,01490000
RPUNMLOJKHPFFFA28CA,復興段三小段,1.29,都市：其他:敦化南北路特定專用區,10000,21,持分移轉,01540000
RPSNMLQLKIOFFFA58DA,龍泉段三小段,5.15,都市：商,100000,1062,持分移轉,11040000
RPSNMLQLKIOFFFA58DA,龍泉段三小段,14.19,都市：商,100000,1062,持分移轉,11050000
RPUNMLNJJHPFFBA67CA,雙連段二小段,.08,都市：商,100000,20,持分移轉,06960000
RPQNMLQJJHPFFDA77CA,向陽段,31.06,都市：住,13000,141,持分移轉,00110000
RPROMLPLKIOFFAA87CA,萬隆段二小段,35.61,都市：住,100000,387,持分移轉,04990000
RPUNMLRLKIOFFBA38CA,莒光段二小段,10.00,都市：商,1,1,全筆移轉,06820001
RPROMLRLKIOFFBA18CA,漢中段二小段,1.50,都市：商,100000,53,持分移轉,01880000
RPROMLRLKIOFFBA18CA,漢中段二小段,.01,都市：其他:道路,100000,53,持分移轉,01880001
RPWNMLKMKIOFFBA97CA,直興段三小段,10.62,都市：商,1000,59,持分移轉,01170000
RPRNMLKMKIOFFBA47CA,華江段二小段,11.22,都市：住,9,1,持分移轉,04770000
RPPPMLNKJHPFFAA37CA,景美段五小段,15.00,都市：商,1,1,全筆移轉,01520000
RPRNMLKMKIOFFBA47CA,華江段二小段,4.77,都市：其他:公共設施用地,243,20,持分移轉,04780000
RPXQMLKMKIOFFEA68CA,溫泉段四小段,29.78,都市：住,9,2,持分移轉,05030000
RPXQMLKMKIOFFEA68CA,溫泉段四小段,25.11,都市：住,9,2,持分移轉,05040000
RPXQMLKMKIOFFEA68CA,溫泉段四小段,24.44,都市：住,9,2,持分移轉,05050000
RPXQMLKMKIOFFEA68CA,溫泉段四小段,5.78,都市：其他:公共設施保留地,9,2,持分移轉,05060000
RPPNMLRJJHPFFEA87CA,百齡段五小段,8.16,都市：住,10000,272,持分移轉,00250000
RPPNMLRJJHPFFEA87CA,百齡段五小段,6.72,都市：住,10000,272,持分移轉,00250001
RPPNMLRJJHPFFEA87CA,百齡段五小段,.11,都市：住,10000,272,持分移轉,00320000
RPSPMLMLJHPFFCA97DA,長春段二小段,.28,都市：商,10000,29,持分移轉,04970007
RPSPMLMLJHPFFCA97DA,長春段二小段,.28,都市：商,10000,29,持分移轉,04970008
RPSPMLMLJHPFFCA97DA,長春段二小段,.61,都市：商,10000,29,持分移轉,05040000
RPSPMLMLJHPFFCA97DA,長春段二小段,1.46,都市：商,10000,29,持分移轉,05100000
RPSPMLMLJHPFFCA97DA,長春段二小段,.28,都市：商,10000,29,持分移轉,05110000
RPSPMLMLJHPFFCA97DA,長春段二小段,1.55,都市：商,10000,29,持分移轉,04970004
RPWNMLKKKHPFFAA67CA,南海段二小段,46.00,都市：商,1,1,全筆移轉,00750000
RPXOMLQKJHPFFAA38CA,永昌段三小段,17.40,都市：住,10000,264,持分移轉,04410000
RPXNMLSJJHPFFCA58CA,石潭段四小段,8.42,都市：商,100000,300,持分移轉,04230000
RPOPMLPJKHPFFDA77CA,民生段,4.49,都市：商,681200,449,持分移轉,00620002
RPUOMLQJJHPFFEA38CA,溫泉段四小段,5.58,都市：住,24,1,持分移轉,05030000
RPUOMLQJJHPFFEA38CA,溫泉段四小段,4.71,都市：住,24,1,持分移轉,05040000
RPUOMLQJJHPFFEA38CA,溫泉段四小段,4.58,都市：住,24,1,持分移轉,05050000
RPUOMLQJJHPFFEA38CA,溫泉段四小段,5.42,都市：住,12,1,持分移轉,05070000
RPVOMLKKJHPFFCA77CA,康寧段三小段,1.28,都市：住,10000,2,持分移轉,04910000
RPRNMLSLKIOFFCA28CA,長春段一小段,.34,都市：住,100,17,持分移轉,09170004
RPRNMLSLKIOFFCA28CA,長春段一小段,27.38,都市：住,1000,185,持分移轉,09180000
RPWOMLKKJHPFFCA87CA,康寧段三小段,3.21,都市：住,10000,5,持分移轉,04910000
RPPOMLNKJHPFFAA37DA,興泰段三小段,19.44,都市：住,10000,129,持分移轉,03770002
RPVPMLLMKIOFFCA38DA,東湖段七小段,25.84,都市：商,10000,70,持分移轉,04550000
RPSNMLOKJHPFFDA97DA,逸仙段三小段,2.09,都市：商,66955,49,持分移轉,07000000
RPSNMLOKJHPFFDA97DA,逸仙段三小段,13.62,都市：住,66955,49,持分移轉,07010000
RPSNMLOKJHPFFDA97DA,逸仙段三小段,1.78,都市：商,66955,49,持分移轉,07020000
RPUNMLRLKIOFFFA78CA,瑞安段三小段,55.30,都市：住,10000,547,持分移轉,01650000
RPQNMLNJJHPFFFA67CA,仁愛段二小段,4.48,都市：住,10000,622,持分移轉,04470001
RPQNMLNJJHPFFFA67CA,仁愛段二小段,24.13,都市：住,10000,622,持分移轉,04470002
RPQNMLNJJHPFFFA67CA,仁愛段二小段,3.67,都市：住,10000,622,持分移轉,05500000
RPOQMLPLKIOFFDA08CA,永春段一小段,2.50,都市：其他:道路用地(公共設施用地),4,1,持分移轉,06080000
RPOQMLPLKIOFFDA08CA,永春段一小段,6.00,都市：其他:道路用地(公共設施用地),4,1,持分移轉,06080001
RPOQMLPLKIOFFDA08CA,西松段一小段,.15,都市：其他:道路用地(公共設施用地),21917,102,持分移轉,00490003
RPOPMLRLKIOFFEA28CA,芝蘭段二小段,174.12,都市：其他:保護區,1,1,全筆移轉,05590001
RPOPMLRLKIOFFEA28CA,芝蘭段二小段,133.95,都市：其他:保護區,1,1,全筆移轉,05560001
RPOPMLRLKIOFFEA28CA,芝蘭段二小段,386.51,都市：其他:保護區,1,1,全筆移轉,05560002
RPOPMLRLKIOFFEA28CA,芝蘭段二小段,33.02,都市：其他:保護區,1,1,全筆移轉,05560003
RPOPMLRLKIOFFEA28CA,芝蘭段二小段,28.99,都市：其他:保護區,1,1,全筆移轉,05570000
RPOPMLRLKIOFFEA28CA,芝蘭段二小段,62.90,都市：其他:保護區,1,1,全筆移轉,05590000
RPOPMLRLKIOFFEA28CA,芝蘭段二小段,142.38,都市：其他:保護區,1,1,全筆移轉,05480000
RPOPMLRLKIOFFEA28CA,芝蘭段二小段,648.53,都市：其他:保護區,1,1,全筆移轉,05560000
RPOPMLRLKIOFFEA28CA,芝蘭段二小段,1315.29,都市：其他:保護區,1,1,全筆移轉,05720005
RPOPMLRLKIOFFEA28CA,芝蘭段二小段,247.54,都市：其他:保護區,379,100,持分移轉,05720006
RPOPMLRLKIOFFEA28CA,芝蘭段二小段,1347.71,都市：其他:保護區,1,1,全筆移轉,05720009
RPOPMLRLKIOFFEA28CA,芝蘭段二小段,445.00,都市：其他:保護區,1,1,全筆移轉,05720012
RPOQMLRLKIOFFCA18CA,東湖段五小段,29.52,都市：其他:公共設施保留地,100000,1872,持分移轉,05380000
RPSNMLLMKIOFFDA87CA,福德段四小段,55.16,都市：住,10000,778,持分移轉,03420000
RPUSMLRJJHPFFBA58CA,直興段三小段,6.68,都市：商,100000,483,持分移轉,03350000
RPTSMLRJJHPFFBA48CA,直興段三小段,8.83,都市：商,100000,638,持分移轉,03350000
RPSTMLRJJHPFFBA48CA,直興段三小段,6.66,都市：商,100000,481,持分移轉,03350000
RPRTMLRJJHPFFBA38CA,直興段三小段,6.48,都市：商,100000,468,持分移轉,03350000
RPPTMLRJJHPFFBA18CA,直興段三小段,12.84,都市：商,100000,928,持分移轉,03350000
RPWPMLPLKIOFFBA58CA,青年段一小段,18.35,都市：住,100000,524,持分移轉,01250000
RPWPMLPLKIOFFBA58CA,青年段一小段,19.52,都市：住,100000,524,持分移轉,01240002
RPXSMLRJJHPFFBA88CA,直興段三小段,4.37,都市：商,100000,316,持分移轉,03350000
RPRNMLKLJHPFFDA47CA,逸仙段三小段,1.50,都市：商,46650,93,持分移轉,07500000
RPORMLKMKIOFFEA87CA,溫泉段四小段,4.96,都市：住,27,1,持分移轉,05030000
RPRNMLKLJHPFFDA47CA,逸仙段三小段,.06,都市：商,46650,81,持分移轉,07480000
RPRNMLKLJHPFFDA47CA,逸仙段三小段,.32,都市：住,46650,114,持分移轉,07440000
RPRNMLKLJHPFFDA47CA,逸仙段三小段,1.36,都市：商,46650,114,持分移轉,07440002
RPRNMLKLJHPFFDA47CA,逸仙段三小段,.09,都市：商,46650,84,持分移轉,07470000
RPRNMLKLJHPFFDA47CA,逸仙段三小段,.02,都市：商,46650,24,持分移轉,07490000
RPORMLKMKIOFFEA87CA,溫泉段四小段,4.19,都市：住,27,1,持分移轉,05040000
RPWSMLRJJHPFFBA78CA,直興段三小段,4.54,都市：商,100000,328,持分移轉,03350000
RPORMLKMKIOFFEA87CA,溫泉段四小段,4.07,都市：住,27,1,持分移轉,05050000
RPORMLKMKIOFFEA87CA,溫泉段四小段,.96,都市：其他:公共設施保留地,27,1,持分移轉,05060000
RPQTMLRJJHPFFBA28CA,直興段三小段,4.37,都市：商,100000,316,持分移轉,03350000
RPSNMLQLKIOFFCA18CA,東湖段一小段,26.66,都市：住,10000,50,持分移轉,00020000
RPWOMLPLKIOFFFA88CA,仁愛段三小段,24.84,都市：其他:道路用地(公共設施用地),10000,8873,持分移轉,01480000
RPRPMLOKJHPFFAA67CA,南海段三小段,.04,都市：住,100000,6,持分移轉,03200000
RPRPMLOKJHPFFAA67CA,南海段三小段,.05,都市：商,100000,6,持分移轉,03280000
RPPNMLLMKIOFFFA87DA,瑞安段一小段,3.25,都市：商,100000,729,持分移轉,01170000
RPPRMLRJJHPFFCA08CA,文德段四小段,28.50,都市：住,2,1,持分移轉,00950000
RPPRMLKMKIOFFEA97CA,溫泉段四小段,4.96,都市：住,27,1,持分移轉,05030000
RPPRMLKMKIOFFEA97CA,溫泉段四小段,4.19,都市：住,27,1,持分移轉,05040000
RPPRMLKMKIOFFEA97CA,溫泉段四小段,4.07,都市：住,27,1,持分移轉,05050000
RPPRMLKMKIOFFEA97CA,溫泉段四小段,.96,都市：其他:公共設施保留地,27,1,持分移轉,05060000
RPPUMLLLJHPFFCA97CA,碧湖段一小段,26.04,都市：住,10000,904,持分移轉,08150003
RPQOMLPKJHPFFFA08CA,學府段一小段,61.40,都市：住,100000,1985,持分移轉,06360000
RPOTMLRJJHPFFBA08CA,直興段三小段,6.16,都市：商,100000,445,持分移轉,03350000
RPVSMLRJJHPFFBA68CA,直興段三小段,4.01,都市：商,100000,290,持分移轉,03350000
RPPPMLPLKIOFFDA08CA,西松段二小段,26.75,都市：住,4,1,持分移轉,02490000
RPPPMLPLKIOFFDA08CA,西松段二小段,3.50,都市：其他:道路用地(公共設施用地),4,1,持分移轉,02500000
RPQNMLTJJHPFFCA97CA,康寧段四小段,.01,都市：其他:公園用地,3360,86,持分移轉,02040000
RPQNMLTJJHPFFCA97CA,康寧段三小段,15.16,都市：其他:公園用地,70,1,持分移轉,03500000
RPQNMLTJJHPFFCA97CA,康寧段三小段,.66,都市：其他:公園用地,70,1,持分移轉,03500001
RPSOMLKMKIOFFEA97CA,芝山段一小段,38.72,都市：住,10000,327,持分移轉,09030003
RPUPMLRLKIOFFEA88CA,秀山段二小段,33.43,都市：住,10000,710,持分移轉,05410000
RPPPMLRJJHPFFAA67CA,萬芳段一小段,52.02,都市：住,28719,68,持分移轉,01650000
RPQNMLRLKIOFFEA28CA,蘭雅段二小段,26.25,都市：住,4,1,持分移轉,03400000
RPPOMLRJJHPFFCA77CA,東湖段一小段,6.81,都市：商,10000,114,持分移轉,00130001
RPWNMLKMKIOFFCA08CA,碧湖段四小段,41.33,都市：住,10000,95,持分移轉,00030000
RPQNMLLMKIOFFDA77DA,寶清段一小段,6.85,都市：商,10000,121,持分移轉,01320000
RPPNMLLJJHPFFFA37CA,瑞安段一小段,20.00,都市：住,8,1,持分移轉,02730000
RPPNMLLJJHPFFFA37CA,瑞安段一小段,7.25,都市：住,8,1,持分移轉,02740000
RPUNMLPJJHPFFDA18DA,民生段,23.00,都市：住,8,1,持分移轉,00330056
RPQTMLRLKIOFFCA68CA,碧湖段四小段,39.86,都市：住,10000,240,持分移轉,08030000
RPXNMLLJJHPFFCA97DA,中山段三小段,2.87,都市：商,10000,18,持分移轉,04540000
RPQNMLQJJHPFFCA67CA,中山段一小段,36.25,都市：商,4,1,持分移轉,03390000
RPVSMLRLKIOFFCA09CA,碧湖段三小段,31.48,都市：住,10000,860,持分移轉,05270000
RPPNMLRLKIOFFCA97CA,正義段三小段,.50,都市：其他:第四種商業區,480,20,持分移轉,00570000
RPPNMLRLKIOFFCA97CA,正義段三小段,.71,都市：其他:第四種商業區,480,20,持分移轉,00290000
RPPNMLRLKIOFFCA97CA,正義段三小段,3.21,都市：其他:第四種商業區,480,20,持分移轉,00300000
RPPNMLRLKIOFFCA97CA,正義段三小段,3.08,都市：其他:第四種商業區,480,20,持分移轉,00310000
RPPNMLRLKIOFFCA97CA,正義段三小段,.38,都市：其他:第四種商業區,480,20,持分移轉,00320000
RPPNMLRLKIOFFCA97CA,正義段三小段,3.25,都市：其他:第四種商業區,480,20,持分移轉,00560000
RPPNMLRLKIOFFCA97CA,正義段三小段,.58,都市：其他:第四種商業區,480,20,持分移轉,00260000
RPPNMLRLKIOFFCA97CA,正義段三小段,.46,都市：其他:第四種商業區,480,20,持分移轉,00270000
RPPNMLRLKIOFFCA97CA,正義段三小段,1.71,都市：其他:第四種商業區,480,20,持分移轉,00280000
RPPNMLRLKIOFFCA97CA,正義段三小段,1.17,都市：其他:第四種商業區,480,20,持分移轉,00580000
RPPNMLRLKIOFFCA97CA,正義段三小段,15.75,都市：其他:第四種商業區,480,20,持分移轉,00590000
RPPRMLRLKIOFFCA38CA,文德段一小段,7.22,都市：住,10000,58,持分移轉,01580000
RPVNMLKMKIOFFBA87CA,雙連段二小段,.75,都市：商,10000,21,持分移轉,00500000
RPROMLTJJHPFFCA18CA,碧湖段二小段,21.40,都市：住,10,1,持分移轉,02400000
RPWNMLRLKIOFFFA98CA,大安段三小段,7.69,都市：住,10000,70,持分移轉,00650000
RPOOMLMJJHPFFDA27CA,南港段一小段,16.88,都市：其他:住宅區(特)。,10000,54,持分移轉,13190000
RPUOMLLMKIOFFEA28CA,華岡段一小段,22.46,都市：住,10000,114,持分移轉,03640000
RPRNMLRLKIOFFDA28CA,三興段一小段,26.25,都市：住,1000,70,持分移轉,07240000
RPQQMLMJJHPFFCA57CA,榮星段四小段,2.52,都市：商,144,3,持分移轉,04440000
RPUNMLRJJHPFFEA38CA,百齡段五小段,2.40,都市：住,355,12,持分移轉,04470002
RPUNMLRJJHPFFEA38CA,百齡段五小段,.80,都市：住,140,4,持分移轉,04450001
RPUNMLRJJHPFFEA38CA,百齡段五小段,2.80,都市：住,505,14,持分移轉,04460000
RPUNMLRJJHPFFEA38CA,百齡段五小段,8.20,都市：住,1180,41,持分移轉,04470001
RPUNMLRJJHPFFEA38CA,百齡段五小段,.17,都市：住,30,1,持分移轉,04470003
RPUNMLRJJHPFFEA38CA,百齡段五小段,7.40,都市：住,1300,37,持分移轉,04590000
RPUNMLRJJHPFFEA38CA,百齡段五小段,1.20,都市：住,200,6,持分移轉,04600000
RPQOMLLJJHPFFCA37DA,東湖段二小段,20.33,都市：住,10000,235,持分移轉,00060001
RPQOMLLJJHPFFCA37DA,東湖段二小段,16.29,都市：住,10000,235,持分移轉,00060002
RPXSMLKMKIOFFCA78DA,長春段三小段,82.00,都市：住,1,1,全筆移轉,04270000
RPTOMLMLJHPFFDA97CA,三興段三小段,4.69,都市：商,10000,57,持分移轉,04200000
RPTOMLMLJHPFFDA97CA,三興段三小段,.95,都市：住,10000,57,持分移轉,04200001
RPRNMLKMKIOFFFA87CA,復興段三小段,1.73,都市：住,100000,172,持分移轉,05870000
RPXNMLLMKIOFFCA28CA,吉林段三小段,2.85,都市：商,10000,35,持分移轉,10550000
RPWVMLTJJHPFFCA86DA,吉林段一小段,16.44,都市：住,10000,293,持分移轉,01620000
RPVOMLMLJHPFFDA18CA,敦化段五小段,28.47,都市：住,10000,74,持分移轉,00060000
RPRNMLLMKIOFFCA67CA,中山段二小段,8.73,都市：商,10000,215,持分移轉,00710000
RPQPMLLMKIOFFEA97CA,奇岩段五小段,15.27,都市：商,420000,4916,持分移轉,04450000
RPRPMLRLKIOFFCA38CA,榮星段四小段,20.40,都市：商,10,2,持分移轉,01120000
RPPNMLMKJHPFFAA17DA,華興段四小段,19.46,都市：住,10000,198,持分移轉,00320000
RPXNMLLMKIOFFDA38CA,寶清段二小段,50.35,都市：商,10000,747,持分移轉,02980000
RPXNMLLMKIOFFDA38CA,寶清段二小段,.03,都市：其他:道,33,1,持分移轉,02980006
RPOOMLNJJHPFFEA47CA,富安段二小段,248.25,都市：商,12,1,持分移轉,02940000
RPQPMLLMKIOFFDA87CA,雅祥段三小段,5.24,都市：住,10000,131,持分移轉,01120000
RPQPMLLMKIOFFDA87CA,雅祥段三小段,4.24,都市：住,10000,131,持分移轉,01120002
RPVOMLSJJHPFFDA58CA,寶清段二小段,3.62,都市：商,10000,29,持分移轉,02150000
RPSNMLRJJHPFFFA28CA,龍泉段二小段,35.50,都市：住,12,1,持分移轉,05710000
RPSOMLLMKIOFFAA67CA,萬隆段二小段,35.61,都市：住,100000,387,持分移轉,04990000
RPXQMLKMKIOFFCA48CA,吉林段五小段,.03,都市：商,100000,10,持分移轉,03710000
RPXQMLKMKIOFFCA48CA,吉林段五小段,.01,都市：住,100000,10,持分移轉,03700000
RPXQMLKMKIOFFCA48CA,吉林段五小段,.14,都市：商,100000,10,持分移轉,03720000
RPXPMLKMKIOFFCA38CA,石潭段二小段,611.74,都市：其他:公園用地,5,1,持分移轉,01080000
RPTOMLRKJHPFFCA28CA,榮星段四小段,12.22,都市：住,100000,551,持分移轉,07700000
RPTOMLRKJHPFFCA28CA,榮星段四小段,6.85,都市：住,100000,551,持分移轉,07860000
RPSOMLRKJHPFFCA18CA,榮星段四小段,12.04,都市：住,100000,543,持分移轉,07700000
RPVOMLRKJHPFFCA48CA,榮星段四小段,7.45,都市：住,100000,336,持分移轉,07700000
RPSOMLRKJHPFFCA18CA,榮星段四小段,6.75,都市：住,100000,543,持分移轉,07860000
RPVOMLRKJHPFFCA48CA,榮星段四小段,4.18,都市：住,100000,336,持分移轉,07860000
RPXOMLRKJHPFFCA68CA,榮星段四小段,11.60,都市：住,100000,523,持分移轉,07700000
RPXOMLRKJHPFFCA68CA,榮星段四小段,6.51,都市：住,100000,523,持分移轉,07860000
RPQPMLRKJHPFFCA08CA,榮星段四小段,9.09,都市：住,100000,410,持分移轉,07700000
RPPPMLRKJHPFFCA97CA,榮星段四小段,9.62,都市：住,100000,434,持分移轉,07700000
RPQPMLRKJHPFFCA08CA,榮星段四小段,5.10,都市：住,100000,410,持分移轉,07860000
RPOPMLRKJHPFFCA87CA,榮星段四小段,9.29,都市：住,100000,419,持分移轉,07700000
RPPPMLRKJHPFFCA97CA,榮星段四小段,5.40,都市：住,100000,434,持分移轉,07860000
RPUOMLRKJHPFFCA38CA,榮星段四小段,12.22,都市：住,100000,551,持分移轉,07700000
RPOPMLRKJHPFFCA87CA,榮星段四小段,5.21,都市：住,100000,419,持分移轉,07860000
RPUOMLRKJHPFFCA38CA,榮星段四小段,6.85,都市：住,100000,551,持分移轉,07860000
RPRNMLKMKIOFFDA67CA,福德段一小段,97.38,都市：其他:公共設施保留用地(道路用地),2936861,400000,持分移轉,04280000
RPWOMLRJJHPFFAA28CA,河堤段三小段,4.00,都市：住,1,1,全筆移轉,01570000
RPWOMLRKJHPFFCA58CA,榮星段四小段,9.64,都市：住,100000,435,持分移轉,07700000
RPWOMLRKJHPFFCA58CA,榮星段四小段,5.41,都市：住,100000,435,持分移轉,07860000
RPTNMLLMKIOFFCA87CA,中山段四小段,3.71,都市：商,100000,612,持分移轉,02220000
RPSOMLMJJHPFFDA67CA,永春段一小段,32.50,都市：住,4,1,持分移轉,04410000
RPTNMLLMKIOFFCA87CA,中山段四小段,.00,都市：商,100000,612,持分移轉,02220002
RPTNMLLMKIOFFCA87CA,中山段四小段,.08,都市：其他:道路用地(公共設施用地),100000,612,持分移轉,02240001
RPXNMLLMKIOFFEA48CA,百齡段六小段,11.71,都市：住,14136,55,持分移轉,00750001
RPTNMLNJJHPFFEA87CA,溫泉段二小段,.05,都市：商,1260,66,持分移轉,05050000
RPTNMLNJJHPFFEA87CA,溫泉段二小段,19.07,都市：商,1260,66,持分移轉,05060000
RPRNMLKMKIOFFAA47DA,萬慶段一小段,39.00,都市：住,4,1,持分移轉,01990000
SPQOMLLMKIOFFEA97CA,豐年段二小段,14.40,都市：住,60,1,持分移轉,06970000
SPQOMLLMKIOFFEA97CA,豐年段二小段,.12,都市：住,24,1,持分移轉,06970001
SPQOMLLMKIOFFEA97CA,豐年段二小段,.21,都市：住,24,1,持分移轉,06970002
RPUOMLMJJHPFFBA77DA,大龍段三小段,25.00,都市：商,4,1,持分移轉,00780000
RPOOMLLMKIOFFCA47CA,碧湖段二小段,10.04,都市：住,10000,11,持分移轉,05290000
RPPNMLPJJHPFFCA47CA,榮星段六小段,7.07,都市：住,14,1,持分移轉,03450000
RPPNMLPJJHPFFCA47CA,榮星段六小段,27.21,都市：住,14,1,持分移轉,03460000
RPWOMLKMKIOFFBA08CA,雙連段一小段,16.51,都市：住,10000,58,持分移轉,06810000
RPRNMLRJJHPFFDA97CA,敦化段四小段,46.25,都市：住,200,50,持分移轉,02590000
RPOOMLLLJHPFFEA57DA,秀山段二小段,19.01,都市：住,1,1,全筆移轉,00680001
RPOOMLLLJHPFFEA57DA,秀山段二小段,10.61,都市：其他:機關用地,1,1,全筆移轉,00680002
RPPOMLOJKHPFFCA57CA,東湖段六小段,24.41,都市：住,10000,61,持分移轉,01500000
RPQNMLPJJHPFFBA47CA,青年段一小段,21.42,都市：住,85319,114,持分移轉,00570000
RPQNMLMLJHPFFEA77DA,立農段三小段,5.75,都市：住,4,1,持分移轉,00570001
RPQOMLKMKIOFFFA97DA,學府段二小段,30.25,都市：住,4,1,持分移轉,04800000
RPSNMLLMKIOFFAA67DA,永昌段一小段,11.00,都市：其他:道路用地,1,1,全筆移轉,06870000
RPVNMLNJJHPFFBA87DA,延平段二小段,17.54,都市：其他:特定專用區(供一般商用使用),10000,928,持分移轉,01000000
RPRNMLLJJHPFFEA57DA,立農段一小段,32.50,都市：住,4,1,持分移轉,03590000
RPXNMLKLJHPFFDA08CA,敦化段五小段,37.93,都市：住,10000,121,持分移轉,00160000
RPQOMLLMKIOFFEA87CA,豐年段二小段,14.40,都市：住,60,1,持分移轉,06970000
RPQOMLLMKIOFFEA87CA,豐年段二小段,.12,都市：住,24,1,持分移轉,06970001
RPQOMLLMKIOFFEA87CA,豐年段二小段,.21,都市：住,24,1,持分移轉,06970002
RPVNMLMJJHPFFAA57CA,木柵段二小段,3.46,都市：住,5040,20,持分移轉,01680000
RPVNMLMJJHPFFAA57CA,木柵段二小段,.01,都市：住,151200,2,持分移轉,01700000
RPVPMLNKJHPFFBA18DA,大龍段一小段,14.60,都市：商,7548,668,持分移轉,02830000
RPXOMLSJJHPFFBA58CA,玉泉段一小段,22.00,都市：商,4,1,持分移轉,09190000
RPXOMLSJJHPFFBA58CA,玉泉段一小段,.50,都市：其他:道路用地,4,1,持分移轉,09190001
RPXOMLSJJHPFFBA58CA,玉泉段一小段,15.00,都市：商,4,1,持分移轉,09200000
RPVPMLNKJHPFFBA18DA,大龍段一小段,16.99,都市：商,7548,668,持分移轉,02840000
RPVPMLNKJHPFFBA18DA,大龍段一小段,17.88,都市：商,7548,668,持分移轉,02850000
RPUOMLMJJHPFFCA77CA,碧湖段四小段,39.11,都市：住,10000,167,持分移轉,07800000
RPWNMLPKJHPFFEA48CA,振興段三小段,9.35,都市：商,100000,514,持分移轉,05920000
RPWNMLLMJHPFFDA18CA,三興段三小段,18.00,都市：住,1,1,全筆移轉,05280002
RPVNMLMJJHPFFDA97DA,新光段二小段,4.48,都市：住,60000,610,持分移轉,01350001
RPSNMLMJJHPFFEA67CA,溪洲段二小段,4.58,都市：住,72,1,持分移轉,04640000
RPSNMLMJJHPFFEA67CA,溪洲段二小段,6.33,都市：其他:道路用地,72,1,持分移轉,04650000
RPSNMLMJJHPFFEA67CA,溪洲段二小段,2.78,都市：其他:道路用地,144,1,持分移轉,04690000
RPSNMLMJJHPFFEA67CA,溪洲段二小段,3.87,都市：其他:道路用地,288,1,持分移轉,04730000
RPSNMLMJJHPFFEA67CA,溪洲段三小段,1.14,都市：其他:國小用地,180,41,持分移轉,00030001
RPSNMLMJJHPFFEA67CA,富安段一小段,14.35,都市：住,48,1,持分移轉,00780001
RPOQMLLMKIOFFDA77CA,經貿段,489.89,都市：其他:軟體工業園區,100000,1173,持分移轉,00610001
RPXNMLQJJHPFFDA48CA,新光段二小段,19.74,都市：住,34800,727,持分移轉,03540000
RPXNMLQJJHPFFDA48CA,新光段二小段,6.41,都市：住,34800,727,持分移轉,03560000
RPWNMLPJJHPFFCA28DA,東湖段三小段,22.85,都市：住,10000,64,持分移轉,00130008
RPQPMLNKJHPFFAA47CA,景美段五小段,6.63,都市：商,10000,4420,持分移轉,01520000
RPWOMLSJJHPFFCA58CA,文德段二小段,36.94,都市：住,100000,1169,持分移轉,00970000
RPTNMLRJJHPFFAA87CA,河堤段六小段,47.50,都市：住,4,1,持分移轉,04410000
RPTOMLOKJHPFFEA18CA,光華段三小段,1.76,都市：住,10000,20,持分移轉,08990000
RPUNMLKKJHPFFAA37CA,興隆段二小段,9.00,都市：其他:機關用地(公共設施用地),1,1,全筆移轉,02490018
RPTPMLLMKIOFFEA28CA,文林段一小段,30.77,都市：住,100000,1251,持分移轉,04760000
RPTPMLLMKIOFFEA28CA,文林段一小段,14.20,都市：住,100000,1251,持分移轉,04760012
RPXOMLLMKIOFFEA58CA,新民段二小段,14.05,都市：住,10000,127,持分移轉,02700000
RPVNMLTJJHPFFCA48CA,康寧段三小段,20.67,都市：其他:道路用地,6,1,持分移轉,01660001
RPTNMLTJJHPFFDA38CA,中南段二小段,42.00,都市：其他:道路用地,1,1,全筆移轉,02990005
RPTNMLTJJHPFFDA38CA,中南段二小段,664.00,都市：其他:道路用地,1,1,全筆移轉,02990008
RPTNMLTJJHPFFDA38CA,中南段二小段,178.00,都市：其他:道路用地,1,1,全筆移轉,02880001
RPUPMLOJKHPFFEA38CA,奇岩段四小段,76.00,都市：住,1,1,全筆移轉,04020000
RPSPMLLMKIOFFEA18CA,新安段四小段,72.26,都市：住,1,1,全筆移轉,00110003
RPVNMLNJJHPFFFA28DA,大安段三小段,4.99,都市：住,90827,9,持分移轉,02980000
RPXPMLKKJHPFFEA38DA,百齡段二小段,.06,都市：工,100000,1,持分移轉,03450000
RPQOMLNJJHPFFCA47CA,文德段二小段,20.58,都市：住,10000,92,持分移轉,01150002
RPPNMLOLJHPFFFA87CA,懷生段一小段,.06,都市：其他:市場用地,10000,6,持分移轉,01190000
RPPNMLOLJHPFFFA87CA,懷生段一小段,2.19,都市：其他:市場用地,791000,470,持分移轉,01170000
RPPNMLOLJHPFFFA87CA,懷生段一小段,.07,都市：其他:道路用地,791000,470,持分移轉,01170001
RPPNMLOLJHPFFFA87CA,懷生段一小段,.01,都市：其他:道路用地,791000,470,持分移轉,01170002
RPPNMLOLJHPFFFA87CA,懷生段一小段,.03,都市：其他:市場用地,10000,6,持分移轉,01180000
RPPNMLOLJHPFFFA87CA,懷生段一小段,.03,都市：其他:道路用地,10000,6,持分移轉,01180001
RPPNMLOLJHPFFFA87CA,懷生段一小段,.00,都市：其他:道路用地,10000,6,持分移轉,01190001
RPPNMLOLJHPFFFA87CA,懷生段一小段,.19,都市：其他:市場用地,10000,6,持分移轉,01200000
RPPNMLOLJHPFFFA87CA,懷生段一小段,.02,都市：其他:道路用地,10000,6,持分移轉,01200001
RPPNMLOLJHPFFFA87CA,懷生段一小段,.01,都市：其他:道路用地,10000,6,持分移轉,01200002
RPQNMLRJKHPFFFA18CA,仁愛段一小段,11.04,都市：住,10000,175,持分移轉,02230000
RPRNMLMJJHPFFEA57CA,行義段三小段,29.58,都市：住,10000,248,持分移轉,02270000
RPUNMLPKJHPFFFA38CA,大安段三小段,23.30,都市：住,1000,79,持分移轉,00640000
RPTNMLMJJHPFFEA77CA,新民段一小段,4.80,都市：住,100000,954,持分移轉,03400000
RPQOMLLMKIOFFDA87DA,犂和段二小段,34.44,都市：住,5000,272,持分移轉,05600000
RPQOMLLMKIOFFDA87DA,犂和段二小段,1.75,都市：住,5000,417,持分移轉,05610000
RPVOMLPKJHPFFBA18CA,公園段二小段,3.39,都市：商,10000,48,持分移轉,06660000
SPQOMLKMJHPFFCA57CA,碧湖段四小段,35.44,都市：住,30000,1147,持分移轉,05610000
RPQOMLKMJHPFFCA47CA,碧湖段四小段,35.44,都市：住,30000,1147,持分移轉,05610000
RPXPMLMLJHPFFDA48CA,美仁段一小段,36.83,都市：住,6,1,持分移轉,04080000
RPUNMLPKJHPFFAA87CA,萬慶段三小段,28.00,都市：住,4,1,持分移轉,06830000
RPPQMLLMKIOFFCA77CA,榮星段五小段,41.25,都市：住,4,1,持分移轉,05330000
RPPQMLLMKIOFFCA77CA,榮星段五小段,8.25,都市：其他:道路用地-公共設施用地,4,1,持分移轉,05340000
RPQRMLTJJHPFFAA28DA,興隆段二小段,38.27,都市：住,10000,119,持分移轉,02550000
RPVNMLNJJHPFFCA87CA,吉林段四小段,5.00,都市：其他:第三種住宅區。,300000,790,持分移轉,01410000
RPRNMLNJJHPFFBA37CA,圓環段一小段,13.47,都市：商,100000,2095,持分移轉,05390000
RPRNMLNJJHPFFBA37CA,圓環段一小段,7.35,都市：住,100000,2095,持分移轉,05400000
RPQQMLNKJHPFFEA97CA,大業段五小段,48.81,都市：住,10000,238,持分移轉,00020001
RPOOMLKMJHPFFEA47CA,新民段四小段,22.50,都市：其他:特定休閒旅館住宅專用區,10000,190,持分移轉,03910000
RPQOMLMJJHPFFDA47CA,犂和段二小段,21.00,都市：住,5,1,持分移轉,06500000
RPQOMLMJJHPFFDA47CA,犂和段二小段,12.04,都市：住,10000,259,持分移轉,06510000
RPSQMLTJJHPFFEA68CA,芝山段二小段,15.37,都市：住,100000,845,持分移轉,05860000
RPSRMLKLJHPFFCA87CA,大佳段二小段,269.70,都市：其他:汽車修護展售工業區,1,1,全筆移轉,09440000
RPSRMLKLJHPFFCA87CA,大佳段二小段,296.72,都市：其他:汽車修護展售工業區,1,1,全筆移轉,09420000
RPSRMLKLJHPFFCA87CA,大佳段二小段,364.75,都市：其他:汽車修護展售工業區,1,1,全筆移轉,09430000
RPXOMLRJJHPFFDA68CA,西松段一小段,55.68,都市：其他:-道路用地,5000,2175,持分移轉,06940003
RPXOMLRJJHPFFDA68CA,西松段一小段,256.00,都市：其他:-道路用地,5,4,持分移轉,06940004
RPXOMLRJJHPFFDA68CA,福德段一小段,17.38,都市：其他:-道路用地,30000,910,持分移轉,01860000
RPPNMLMLJHPFFBA27CA,城中段三小段,.15,都市：商,100000,10,持分移轉,01160000
RPVOMLNJKHPFFCA08CA,中山段四小段,26.67,都市：住,29100,2667,持分移轉,04480000
RPTPMLNJJHPFFDA97CA,民生段,37.75,都市：住,8,1,持分移轉,00320022
RPQPMLQKJHPFFCA97CA,中山段一小段,6.49,都市：商,89253,1370,持分移轉,00910000
RPXOMLNJJHPFFBA08CA,華江段三小段,25.98,都市：其他:特定專用區(二),320563,9996,持分移轉,05000000
RPOPMLMKKHPFFDA67DA,美仁段二小段,7.79,都市：住,10000,76,持分移轉,03990000
RPTQMLNJJHPFFCA97CA,潭美段四小段,21.10,都市：住,10000,140,持分移轉,04170000
RPXNMLRJJHPFFEA68CA,開明段二小段,14.57,都市：其他:特定觀光商業專用區。,5000,49,持分移轉,00250000
RPTNMLPJJHPFFDA08DA,虎林段五小段,2.20,都市：商,10000,6,持分移轉,00200000
RPPPMLKKJHPFFDA37CA,新光段二小段,27.70,都市：住,10000,89,持分移轉,05980000
RPPPMLKKJHPFFDA37CA,新光段二小段,4.07,都市：住,10000,89,持分移轉,05990000
RPPPMLKKJHPFFDA37CA,新光段二小段,.31,都市：住,10000,89,持分移轉,06000000
RPSOMLNJJHPFFDA77CA,南港段三小段,30.00,都市：住,4,1,持分移轉,00950000
RPQNMLOJJHPFFFA77CA,通化段五小段,2.37,都市：商,100000,415,持分移轉,00090000
RPQNMLOJJHPFFFA77CA,通化段五小段,1.24,都市：商,100000,1243,持分移轉,00130001
RPUNMLNJJHPFFEA97CA,溪洲段二小段,165.53,都市：其他:國中用地,20000,686,持分移轉,01770000
RPROMLNJJHPFFDA67CA,民生段,14.97,都市：商,10000,96,持分移轉,00630002
RPQNMLPKJHPFFBA57CA,迪化段三小段,13.00,都市：其他:特定專用區(供特定住宅使用),7,1,持分移轉,05890000
RPVOMLTJJHPFFBA48CA,大同段一小段,28.00,都市：其他:道路用地,12,4,持分移轉,03510000
RPWPMLTJJHPFFBA68CA,青年段一小段,47.50,都市：住,100000,373,持分移轉,00860000
RPVOMLTJJHPFFBA48CA,大同段一小段,72.67,都市：其他:道路用地,12,4,持分移轉,04070000
RPPNMLQJJHPFFCA57CA,長安段二小段,5.84,都市：住,80000,811,持分移轉,07050000
RPPNMLQJJHPFFCA57CA,長安段二小段,1.92,都市：住,80000,811,持分移轉,07060000
RPPNMLQJJHPFFCA57CA,長安段二小段,4.67,都市：商,80000,811,持分移轉,07070000
RPPNMLQJJHPFFCA57CA,長安段二小段,9.20,都市：商,80000,811,持分移轉,07080000
RPSNMLQJJHPFFFA18CA,懷生段三小段,13.12,都市：商,100000,1106,持分移轉,02180000
RPTQMLLMJHPFFCA18DA,中山段四小段,10.57,都市：住,14,1,持分移轉,06270000
RPWNMLLLKHPFFCA18DA,榮星段四小段,28.01,都市：商,10000,264,持分移轉,06200000
RPSPMLTJJHPFFBA28CA,漢中段一小段,17.94,都市：商,100000,3136,持分移轉,05300000
RPQPMLMKKHPFFBA57CA,雙連段一小段,1.14,都市：住,10000,4,持分移轉,06810000
RPTOMLRJJHPFFAA08DA,木柵段二小段,8.61,都市：住,10000,19,持分移轉,06310000
RPURMLKLJHPFFCA08CA,中山段三小段,22.08,都市：商,10000,296,持分移轉,05930000
RPWNMLPKJHPFFFA68DA,龍泉段三小段,.65,都市：商,10000,15,持分移轉,00690004
RPWNMLPKJHPFFFA68DA,龍泉段三小段,.25,都市：住,10000,15,持分移轉,00690006
RPVPMLQJJHPFFCA48DA,潭美段五小段,50.94,都市：住,100000,1423,持分移轉,01370000
RPQRMLQJJHPFFCA08CA,大湖段二小段,9.78,都市：商,10000,291,持分移轉,02850000
RPSOMLRJJHPFFEA28CA,秀山段二小段,34.40,都市：住,23660,115,持分移轉,06590000
RPSNMLQJJHPFFEA18DA,三玉段三小段,25.01,都市：住,10000,419,持分移轉,02450000
RPVPMLQJJHPFFEA58CA,行義段四小段,8.26,都市：住,10000,196,持分移轉,04110000
RPVPMLQJJHPFFEA58CA,行義段四小段,1.55,都市：住,10000,196,持分移轉,04120000
RPVPMLQJJHPFFEA58CA,行義段四小段,.64,都市：住,10000,196,持分移轉,04130000
RPVPMLQJJHPFFEA58CA,行義段四小段,.79,都市：住,10000,196,持分移轉,04140000
RPRNMLTJJHPFFBA97CA,華江段一小段,25.32,都市：住,10000,328,持分移轉,03640000
RPRRMLTJJHPFFBA38CA,青年段二小段,.43,都市：住,10000,66,持分移轉,03110000
RPRRMLTJJHPFFBA38CA,青年段二小段,32.31,都市：住,10000,66,持分移轉,03180000
RPQNMLLLJHPFFEA57CA,豐年段一小段,330.58,都市：農,1,1,全筆移轉,03730002
RPRNMLQJJHPFFCA77CA,吉林段四小段,6.10,都市：商,10000,202,持分移轉,04410000
RPSPMLNJJHPFFBA67CA,大龍段一小段,7.66,都市：商,10000,224,持分移轉,02660000
RPRPMLNKJHPFFAA57CA,木柵段三小段,30.81,都市：住,16750,307,持分移轉,04650000
RPQPMLOKJHPFFCA77CA,吉林段五小段,3.05,都市：商,100000,86,持分移轉,03140000
RPXNMLRJJHPFFDA58CA,民生段,4.49,都市：商,681200,449,持分移轉,00620002
RPVOMLMLJHPFFCA08CA,北安段一小段,18.96,都市：住,10000,96,持分移轉,00650000
RPVOMLMLJHPFFCA08CA,北安段一小段,14.90,都市：住,10000,96,持分移轉,00650001
RPVOMLMLJHPFFCA08CA,北安段一小段,.01,都市：其他:道路用地(公共設施用地),10000,96,持分移轉,00650002
RPQQMLOKJHPFFDA97CA,寶清段五小段,.79,都市：住,14,1,持分移轉,00380001
RPQQMLOKJHPFFDA97CA,寶清段五小段,4.79,都市：住,14,1,持分移轉,00400000
RPQQMLOKJHPFFDA97CA,寶清段五小段,14.00,都市：住,14,1,持分移轉,00420000
RPQQMLOKJHPFFDA97CA,寶清段五小段,11.43,都市：住,14,1,持分移轉,00430000
RPWQMLRJJHPFFBA58CA,青年段一小段,41.64,都市：住,100000,327,持分移轉,00860000
RPWOMLLKKHPFFBA97CA,萬華段一小段,13.34,都市：商,10000,449,持分移轉,05780000
RPQQMLRKJHPFFCA18CA,中山段三小段,168.00,都市：商,1,1,全筆移轉,01810000
RPWNMLRJJHPFFCA38CA,德惠段四小段,3.69,都市：商,10000,68,持分移轉,04960000
RPQNMLRJJHPFFCA77CA,德惠段二小段,.38,都市：住,10000,97,持分移轉,00200000
RPQNMLRJJHPFFCA77CA,德惠段二小段,6.42,都市：住,10000,97,持分移轉,00200001
RPQNMLRJJHPFFCA77CA,德惠段二小段,.00,都市：住,10000,97,持分移轉,00200002
RPQNMLRJJHPFFCA77CA,德惠段二小段,.11,都市：其他:道路用地,10000,97,持分移轉,00200003
RPVNMLTJJHPFFDA58CA,犂和段二小段,5.05,都市：住,10000,85,持分移轉,05990000
RPSNMLRJJHPFFEA18CA,振興段二小段,37.75,都市：住,4,1,持分移轉,01750000
RPUPMLNKJHPFFEA28CA,百齡段六小段,11.71,都市：住,14136,55,持分移轉,00750001
RPTOMLQJJHPFFAA87CA,福和段二小段,7.22,都市：住,10000,157,持分移轉,06270000
RPXNMLQJJHPFFCA38CA,中山段二小段,.30,都市：商,100000,20,持分移轉,01180000
RPVNMLOKJHPFFAA97DA,興泰段三小段,220.39,都市：住,1000,138,持分移轉,00890000
RPSOMLQJJHPFFDA08CA,永吉段四小段,2.81,都市：住,21,1,持分移轉,00670000
RPPPMLRJJHPFFCA87CA,東湖段二小段,31.37,都市：住,10000,222,持分移轉,00010006
RPTOMLNJJHPFFBA77DA,青年段一小段,23.60,都市：住,38496,54,持分移轉,01510000
RPUQMLNLLHPFFEA68CA,振興段二小段,22.16,都市：商,100000,1765,持分移轉,04910000
RPQNMLSJJHPFFBA77CA,漢中段一小段,.00,都市：商,1000000,1,持分移轉,01020000
RPQNMLSJJHPFFBA77CA,漢中段一小段,3.34,都市：商,10000,283,持分移轉,01030000
RPQNMLSJJHPFFBA77CA,漢中段一小段,.00,都市：商,1000000,1,持分移轉,01040000
RPQNMLSJJHPFFBA77CA,漢中段一小段,.00,都市：商,1000000,1,持分移轉,01080000
RPQNMLSJJHPFFBA77CA,漢中段一小段,.00,都市：商,1000000,1,持分移轉,01350000
RPQNMLSJJHPFFBA77CA,漢中段一小段,.00,都市：商,1000000,1,持分移轉,01360000
RPQNMLSJJHPFFBA77CA,漢中段一小段,.00,都市：商,1000000,1,持分移轉,01370000
RPQNMLSJJHPFFBA77CA,漢中段一小段,.00,都市：商,1000000,1,持分移轉,01380000
RPQNMLSJJHPFFBA77CA,漢中段一小段,.00,都市：商,1000000,1,持分移轉,01390000
RPQNMLSJJHPFFBA77CA,漢中段一小段,.00,都市：商,1000000,1,持分移轉,01400000
RPQNMLSJJHPFFBA77CA,漢中段一小段,.00,都市：商,1000000,1,持分移轉,01410000
RPPOMLNJKHPFFEA67CA,菁山段二小段,898.90,都市：其他:保護區,1,1,全筆移轉,03040000
RPPOMLNJKHPFFEA67CA,菁山段二小段,1931.99,都市：其他:保護區,1,1,全筆移轉,03050000
RPPOMLNJKHPFFEA67CA,菁山段二小段,2890.59,都市：其他:保護區,1,1,全筆移轉,03060000
RPQOMLRJJHPFFDA97CA,福德段一小段,4.15,都市：住,10000,44,持分移轉,05830000
RPUNMLLJKHPFFCA67CA,東湖段七小段,12.65,都市：住,100000,279,持分移轉,00430000
RPSPMLTJJHPFFCA38CA,中山段一小段,.25,都市：商,100000,105,持分移轉,04780000
RPTOMLPKJHPFFEA28CA,天母段一小段,49.84,都市：住,10000,1428,持分移轉,04170000
RPSOMLQJKHPFFAA87CA,萬隆段二小段,36.70,都市：住,100000,374,持分移轉,04710000
RPUNMLRKJHPFFAA08CA,南海段二小段,1.08,都市：商,10000,114,持分移轉,01720000
RPUNMLRKJHPFFAA08CA,南海段二小段,5.31,都市：商,10000,114,持分移轉,02050000
RPXOMLPJKHPFFAA28CA,興泰段二小段,3.10,都市：其他:交通用地(公共設施用地),90000,375,持分移轉,01860000
RPXOMLPJKHPFFAA28CA,興泰段二小段,.12,都市：其他:交通用地(公共設施用地),90000,375,持分移轉,01810000
RPXOMLPJKHPFFAA28CA,興泰段二小段,.06,都市：其他:交通用地(公共設施用地),90000,375,持分移轉,01820000
RPXOMLPJKHPFFAA28CA,興泰段二小段,1.05,都市：其他:交通用地(公共設施用地),90000,375,持分移轉,01830000
RPXOMLPJKHPFFAA28CA,興泰段二小段,.08,都市：其他:交通用地(公共設施用地),90000,375,持分移轉,01840000
RPXOMLPJKHPFFAA28CA,興泰段二小段,.28,都市：其他:交通用地(公共設施用地),90000,375,持分移轉,01850000
RPXOMLPJKHPFFAA28CA,興泰段二小段,2.68,都市：其他:交通用地(公共設施用地),90000,375,持分移轉,01930000
RPXOMLPJKHPFFAA28CA,興泰段二小段,3.78,都市：其他:交通用地(公共設施用地),90000,375,持分移轉,01950000
RPXOMLPJKHPFFAA28CA,興泰段二小段,.17,都市：其他:交通用地(公共設施用地),90000,375,持分移轉,02220000
RPXOMLPJKHPFFAA28CA,興泰段二小段,.03,都市：其他:交通用地(公共設施用地),90000,375,持分移轉,01560000
RPXOMLPJKHPFFAA28CA,興泰段二小段,.98,都市：其他:交通用地(公共設施用地),90000,375,持分移轉,01570000
RPXOMLPJKHPFFAA28CA,興泰段二小段,.66,都市：其他:交通用地(公共設施用地),90000,375,持分移轉,01580000
RPXOMLPJKHPFFAA28CA,興泰段二小段,.60,都市：其他:交通用地(公共設施用地),90000,375,持分移轉,01590000
RPXOMLPJKHPFFAA28CA,興泰段二小段,2.37,都市：其他:交通用地(公共設施用地),90000,375,持分移轉,01600000
RPXOMLPJKHPFFAA28CA,興泰段二小段,1.03,都市：其他:交通用地(公共設施用地),90000,375,持分移轉,01910000
RPXOMLPJKHPFFAA28CA,興泰段二小段,1.04,都市：其他:交通用地(公共設施用地),90000,375,持分移轉,01920000
RPTNMLRJJHPFFCA08CA,西湖段一小段,31.73,都市：住,10000,96,持分移轉,00950000
RPRPMLRJJHPFFDA18CA,民生段,4.49,都市：商,681200,449,持分移轉,00620002
RPVOMLQJJHPFFDA38CA,福德段三小段,1.80,都市：住,100000,117,持分移轉,04090000
RPROMLKLJHPFFDA57CA,吳興段三小段,24.75,都市：住,4,1,持分移轉,07260000
RPTNMLMLJHPFFAA57CA,萬慶段三小段,6.71,都市：其他:市場用地,10000,24,持分移轉,00920000
RPTPMLRJJHPFFDA48DA,虎林段四小段,33.00,都市：住,4,1,持分移轉,07270000
RPPQMLRJJHPFFCA97CA,長安段二小段,5.84,都市：住,80000,811,持分移轉,07050000
RPPQMLRJJHPFFCA97CA,長安段二小段,1.92,都市：住,80000,811,持分移轉,07060000
RPPQMLRJJHPFFCA97CA,長安段二小段,4.67,都市：商,80000,811,持分移轉,07070000
RPPQMLRJJHPFFCA97CA,長安段二小段,9.20,都市：商,80000,811,持分移轉,07080000
RPOPMLQJJHPFFCA67CA,長安段二小段,.43,都市：商,10000,5,持分移轉,04630000
RPOOMLSJJHPFFBA67CA,萬華段二小段,12.50,都市：商,4,1,持分移轉,05610000
RPOSMLSJJHPFFCA18CA,康寧段三小段,9.48,都市：商,100000,1488,持分移轉,07790000
RPTOMLRJJHPFFDA28CA,虎林段三小段,39.80,都市：其他:第三種之一住宅區及第三種住宅區及道路用地,20,2,持分移轉,03610000
RPTOMLQJJHPFFEA28CA,振興段三小段,42.00,都市：住,4,1,持分移轉,07770000
RPPQMLOKJHPFFBA77DA,延平段一小段,.11,都市：商,10000,2,持分移轉,04520000
RPVNMLQKJHPFFBA18CA,雙園段二小段,21.88,都市：住,200000,1893,持分移轉,07750000
RPTNMLOKJHPFFBA77CA,臨沂段一小段,3.56,都市：商,446992,3435,持分移轉,03570000
RPQOMLPJKHPFFEA08DA,奇岩段三小段,48.00,都市：住,2,1,持分移轉,05120000
RPXOMLRJJHPFFFA88CA,辛亥段六小段,27.14,都市：住,60000,838,持分移轉,00410002
RPSPMLRJJHPFFDA38DA,玉成段三小段,15.91,都市：商,10000,191,持分移轉,08010000
RPTPMLQKJHPFFCA28CA,吉林段三小段,.00,都市：其他:道路用地,360000,130,持分移轉,09210007
RPTPMLQKJHPFFCA28CA,吉林段三小段,2.55,都市：商,360000,130,持分移轉,09210000
RPTPMLQKJHPFFCA28CA,吉林段三小段,.01,都市：其他:道路用地,360000,130,持分移轉,09210006
RPROMLOKJHPFFBA67CA,福星段三小段,1.25,都市：商,92400,125,持分移轉,03080000
RPRNMLKMJHPFFAA27CA,南海段二小段,1.31,都市：商,10000,138,持分移轉,01720000
RPRNMLKMJHPFFAA27CA,南海段二小段,6.42,都市：商,10000,138,持分移轉,02050000
RPSNMLNKJHPFFBA57CA,玉泉段二小段,3.85,都市：商,10000,120,持分移轉,03860000
RPXRMLRJJHPFFCA88CA,中山段三小段,.16,都市：商,10000,1,持分移轉,04540000
RPPRMLPKJHPFFCA97CA,東湖段一小段,22.92,都市：住,10000,43,持分移轉,00020000
RPXNMLTJJHPFFAA48CA,景美段二小段,28.70,都市：住,108592,8137,持分移轉,02660000
RPUNMLRJJHPFFDA38DA,三興段三小段,3.62,都市：商,10000,44,持分移轉,04200000
RPUNMLRJJHPFFDA38DA,三興段三小段,.73,都市：住,10000,44,持分移轉,04200001
RPROMLRJJHPFFDA08CA,永吉段一小段,11.82,都市：住,100000,738,持分移轉,01220000
RPQPMLRJJHPFFAA77CA,興泰段三小段,9.68,都市：住,10000,107,持分移轉,03760000
RPTNMLTJJHPFFFA68DA,復興段一小段,45.75,都市：住,4,1,持分移轉,01160000
RPPQMLPKJHPFFCA87CA,西湖段四小段,108.52,都市：其他:科技工業區(A區，不得作住宅使用),100000,13000,持分移轉,03550000
RPRPMLPKJHPFFEA28DA,光華段三小段,.24,都市：其他:公共設施用地,100,1,持分移轉,01900000
RPRPMLPKJHPFFEA28DA,光華段三小段,.22,都市：其他:公共設施用地,100,1,持分移轉,01900001
RPQSMLOKJHPFFEA28CA,立農段三小段,31.00,都市：住,4,1,持分移轉,02530000
RPWQMLMLJHPFFCA38CA,長安段一小段,8.58,都市：住,100000,3000,持分移轉,01810000
RPWOMLSJJHPFFDA68CA,西松段二小段,18.42,都市：住,10000,133,持分移轉,04590000
RPSNMLSJJHPFFAA87CA,興泰段一小段,71.79,都市：住,100000,453,持分移轉,08020000
RPSNMLSJJHPFFAA87CA,興泰段一小段,2.14,都市：住,100000,453,持分移轉,08040000
RPSNMLSJJHPFFAA87CA,興泰段一小段,18.30,都市：住,100000,453,持分移轉,08200000
RPTOMLKKJHPFFFA87CA,復興段一小段,.93,都市：住,1000,31,持分移轉,02430000
RPTOMLKKJHPFFFA87CA,復興段一小段,4.40,都市：住,1000,31,持分移轉,02870000
RPUPMLQJJHPFFEA48CA,天母段三小段,29.30,都市：住,10000,291,持分移轉,00950000
RPQSMLRJJHPFFCA28CA,吉林段四小段,4.37,都市：商,11037,58,持分移轉,04940000
RPSNMLKMJHPFFAA37CA,南海段二小段,.99,都市：商,10000,104,持分移轉,01720000
RPSNMLKMJHPFFAA37CA,南海段二小段,4.84,都市：商,10000,104,持分移轉,02050000
RPPNMLTKJHPFFFA28CA,金華段四小段,26.00,都市：其他:道路用地公共設施用地,2,1,持分移轉,05180002
RPXNMLMKJHPFFDA18CA,美仁段一小段,5.44,都市：商,10000,126,持分移轉,03910000
RPVRMLOKJHPFFCA58DA,吉林段二小段,32.32,都市：住,10000,171,持分移轉,02790000
RPOPMLRJJHPFFFA08CA,通化段四小段,1.03,都市：商,20000,516,持分移轉,00580000
RPQTMLPKJHPFFCA38DA,大湖段二小段,11.26,都市：住,10000,68,持分移轉,00260000
RPOPMLRJJHPFFFA08CA,通化段四小段,6.17,都市：商,20000,516,持分移轉,00580001
RPQTMLPKJHPFFCA38DA,大湖段二小段,.22,都市：住,10000,68,持分移轉,00260001
RPOPMLRJJHPFFFA08CA,通化段四小段,.72,都市：商,20000,516,持分移轉,00610000
RPPPMLKKJHPFFEA47CA,振興段四小段,19.25,都市：商,4,1,持分移轉,00180000
RPSOMLKKJHPFFEA67CA,開明段三小段,2.00,都市：住,1,1,全筆移轉,05540000
RPSOMLKKJHPFFEA67CA,開明段三小段,29.00,都市：住,1,1,全筆移轉,05700000
RPUNMLNKJHPFFDA97CA,西松段一小段,266.53,都市：其他:道路用地(公共設施用地),5000,3143,持分移轉,06940000
RPRNMLRKJHPFFEA28DA,豐年段三小段,2224.25,都市：農,4,1,持分移轉,01690000
RPUPMLRKJHPFFCA48CA,榮星段四小段,7.83,都市：住,100000,353,持分移轉,07700000
RPUPMLRKJHPFFCA48CA,榮星段四小段,4.39,都市：住,100000,353,持分移轉,07860000
RPTNMLSJJHPFFEA38CA,華岡段五小段,622.20,都市：住,1,1,全筆移轉,00420000
RPTNMLSJJHPFFEA38CA,華岡段五小段,22.08,都市：住,1,1,全筆移轉,01010000
RPVNMLOKJHPFFCA18DA,正義段一小段,23.88,都市：商,8,1,持分移轉,00540000
RPVOMLTJJHPFFAA38CA,福和段一小段,.00,都市：商,10000,1,持分移轉,00100007
RPVOMLTJJHPFFAA38CA,福和段一小段,.20,都市：商,10000,1,持分移轉,09140000
RPVOMLTJJHPFFAA38CA,福和段一小段,.05,都市：商,10000,1,持分移轉,09150000
RPVOMLTJJHPFFAA38CA,福和段一小段,.04,都市：商,10000,1,持分移轉,09160000
RPUPMLTJJHPFFCA58CA,中山段一小段,.18,都市：商,2400000,264,持分移轉,09750000
RPRVMLTJJHPFFCA98DA,石潭段四小段,7.93,都市：商,10000,51,持分移轉,03220000
SPTPMLRKJHPFFCA48CA,榮星段四小段,9.62,都市：住,100000,434,持分移轉,07700000
SPTPMLRKJHPFFCA48CA,榮星段四小段,5.40,都市：住,100000,434,持分移轉,07860000
RPWOMLLLJHPFFAA87CA,永昌段二小段,17.60,都市：住,5,1,持分移轉,00640000
RPWOMLLLJHPFFAA87CA,永昌段二小段,.20,都市：其他:道路用地,5,1,持分移轉,00640001
RPRNMLQKJHPFFBA87DA,萬大段二小段,19.46,都市：商,100000,466,持分移轉,06020000
RPWQMLSJJHPFFCA78CA,康寧段三小段,13.29,都市：住,10000,17,持分移轉,03810000
RPUNMLTJJHPFFDA48CA,三興段三小段,3.07,都市：商,100000,212,持分移轉,05630000
RPUNMLTJJHPFFDA48CA,三興段三小段,.03,都市：住,100000,212,持分移轉,05630003
RPUNMLTJJHPFFDA48CA,三興段三小段,.14,都市：住,100000,149,持分移轉,05770000
RPTNMLOJKHPFFDA97CA,民生段,53.25,都市：住,4,1,持分移轉,01290007
RPPNMLSJJHPFFBA67CA,大同段一小段,17.85,都市：住,10000,68,持分移轉,04750002
RPPOMLRJJHPFFDA87CA,寶清段一小段,.10,都市：工,300000,135,持分移轉,06270000
RPPOMLRJJHPFFDA87CA,寶清段一小段,.66,都市：商,300000,135,持分移轉,06280000
RPTPMLRKJHPFFCA38CA,榮星段四小段,6.36,都市：住,100000,287,持分移轉,07700000
RPUNMLRJJHPFFBA08CA,萬大段一小段,36.67,都市：住,3,1,持分移轉,04860000
RPTPMLRKJHPFFCA38CA,榮星段四小段,3.57,都市：住,100000,287,持分移轉,07860000
RPORMLKLJHPFFCA47CA,碧湖段二小段,813.47,都市：住,10000,3323,持分移轉,06280000
RPUPMLTJJHPFFBA48CA,大龍段三小段,29.60,都市：住,10000,217,持分移轉,09190000
RPOPMLTJJHPFFCA97CA,碧湖段四小段,29.09,都市：住,10000,60,持分移轉,02560000
RPVPMLRJJHPFFDA58CA,雅祥段一小段,22.50,都市：住,4,1,持分移轉,01160000
RPSNMLTJJHPFFCA18CA,舊宗段,47.79,都市：住,270000,197,持分移轉,01130000
RPOVMLTJJHPFFCA58CA,正義段二小段,.08,都市：其他:道路用地(公共設施用地),12,1,持分移轉,00280002
RPOVMLTJJHPFFCA58CA,正義段二小段,15.58,都市：商,12,1,持分移轉,00280000
RPOVMLTJJHPFFCA58CA,正義段二小段,1.42,都市：商,12,1,持分移轉,00280001
RPXOMLNKJHPFFCA28CA,中山段三小段,3.28,都市：商,10000,33,持分移轉,00160000
RPSNMLTJJHPFFAA08DA,政大段一小段,46.36,都市：住,10000,147,持分移轉,01230000
RPQNMLOKJHPFFAA37CA,興安段二小段,45.33,都市：住,1000,173,持分移轉,06890000
RPUTMLRJJHPFFBA68CA,玉泉段一小段,12.36,都市：商,36,5,持分移轉,02060000
RPUTMLRJJHPFFBA68CA,玉泉段一小段,1.67,都市：商,36,5,持分移轉,02060001
RPOOMLTJJHPFFDA97CA,逸仙段二小段,6.83,都市：住,644,8,持分移轉,01980000
RPOOMLTJJHPFFDA97CA,逸仙段二小段,13.32,都市：住,644,8,持分移轉,01990000
RPOOMLKKJHPFFEA37DA,立農段一小段,1.96,都市：商,32190,205,持分移轉,02980001
RPOOMLKKJHPFFEA37DA,立農段一小段,2.88,都市：商,32190,205,持分移轉,02990000
RPOOMLKKJHPFFEA37DA,立農段一小段,10.36,都市：商,32190,205,持分移轉,02980000
RPPNMLSJJHPFFEA97CA,三玉段三小段,25.29,都市：住,18900,721,持分移轉,01830000
RPVNMLKLJHPFFFA18DA,龍泉段三小段,.44,都市：住,30000,48,持分移轉,02140000
RPVNMLKLJHPFFFA18DA,龍泉段三小段,2.92,都市：商,30000,48,持分移轉,02140003
RPPNMLSJJHPFFDA87CA,玉成段一小段,34.00,都市：住,5,1,持分移轉,05740000
RPVNMLKLJHPFFFA18DA,龍泉段三小段,.47,都市：住,30000,48,持分移轉,02200000
RPVNMLKLJHPFFFA18DA,龍泉段三小段,.79,都市：住,30000,48,持分移轉,02230000
RPVNMLKLJHPFFFA18DA,龍泉段三小段,.03,都市：住,30000,48,持分移轉,02230001
RPVNMLKLJHPFFFA18DA,龍泉段三小段,.72,都市：商,30000,48,持分移轉,02230005
RPVNMLKLJHPFFFA18DA,龍泉段三小段,.35,都市：商,30000,48,持分移轉,02230006
RPVNMLKLJHPFFFA18DA,龍泉段三小段,.14,都市：商,30000,48,持分移轉,02250000
RPUNMLTKJHPFFCA58DA,文德段四小段,24.14,都市：住,10000,152,持分移轉,02240001
RPSOMLTJJHPFFDA38CA,舊莊段一小段,886.07,都市：其他:保護區,10000,1434,持分移轉,02270000
RPVRMLQKJHPFFCA68CA,金泰段,43.31,都市：住,500000,206,持分移轉,00720000
RPROMLRJJHPFFBA97DA,市府段一小段,6.25,都市：商,12,1,持分移轉,08360000
RPQQMLSJJHPFFCA28DA,中山段一小段,4.98,都市：商,10000,39,持分移轉,06070000
RPQNMLRKKHPFFBA87CA,市府段三小段,61.67,都市：商,6,5,持分移轉,07280000
RPVPMLTJJHPFFCA68CA,潭美段四小段,37.00,都市：住,4,1,持分移轉,04710000
RPQNMLSJJHPFFAA67CA,南海段一小段,1.90,都市：住,100000,490,持分移轉,05060000
RPQNMLSJJHPFFAA67CA,南海段一小段,2.11,都市：商,100000,490,持分移轉,05070000
RPQNMLSJJHPFFAA67CA,南海段一小段,.15,都市：商,100000,490,持分移轉,05190001
RPROMLPKJHPFFBA77CA,直興段一小段,.03,都市：商,594900,2697,持分移轉,01280000
RPROMLPKJHPFFBA77CA,直興段一小段,2.55,都市：商,594900,2697,持分移轉,01350000
RPROMLPKJHPFFBA77CA,直興段一小段,.01,都市：其他:公共設施用地,594900,2697,持分移轉,01350001
RPXNMLRKJHPFFCA58CA,石潭段四小段,9.54,都市：商,100000,340,持分移轉,04230000
RPQNMLMKJHPFFAA27DA,萬隆段二小段,.68,都市：商,10000,120,持分移轉,02190000
RPQNMLMKJHPFFAA27DA,萬隆段二小段,.32,都市：商,10000,120,持分移轉,02200001
RPQNMLMKJHPFFAA27DA,萬隆段二小段,.37,都市：商,10000,120,持分移轉,02200002
RPQNMLMKJHPFFAA27DA,萬隆段二小段,.30,都市：商,10000,120,持分移轉,02210000
RPQNMLMKJHPFFAA27DA,萬隆段二小段,.40,都市：商,10000,120,持分移轉,02230001
RPQNMLMKJHPFFAA27DA,萬隆段二小段,.70,都市：商,10000,120,持分移轉,02240000
RPQNMLMKJHPFFAA27DA,萬隆段二小段,24.34,都市：商,10000,120,持分移轉,02260000
RPWOMLTJJHPFFCA78DA,德惠段三小段,15.90,都市：住,320,6,持分移轉,06910000
RPROMLPJKHPFFEA08CA,光華段三小段,24.98,都市：商,10000,362,持分移轉,07370000
RPVNMLNKJHPFFDA08CA,向陽段,37.08,都市：住,200000,4706,持分移轉,00090008
RPSPMLRKJHPFFCA28CA,榮星段四小段,7.45,都市：住,100000,336,持分移轉,07700000
RPSPMLRKJHPFFCA28CA,榮星段四小段,4.18,都市：住,100000,336,持分移轉,07860000
RPUNMLKKKHPFFFA97CA,金華段四小段,8.24,都市：住,1000000,10918,持分移轉,05150000
RPUNMLKKKHPFFFA97CA,金華段四小段,4.08,都市：住,1000000,10918,持分移轉,05180007
RPUNMLKKKHPFFFA97CA,金華段四小段,2.47,都市：住,1000000,10918,持分移轉,05190000
RPUNMLKKKHPFFFA97CA,金華段四小段,5.49,都市：住,1000000,10918,持分移轉,05190006
RPVOMLSJJHPFFCA48CA,西湖段二小段,17.45,都市：住,100000,923,持分移轉,03530000
RPXNMLPKJHPFFEA58CA,福林段三小段,1.07,都市：住,1000000,2375,持分移轉,08140000
RPXNMLPKJHPFFEA58CA,福林段三小段,2.58,都市：住,1000000,2375,持分移轉,08150000
RPVQMLSJJHPFFCA68CA,中山段一小段,4.48,都市：商,100000,761,持分移轉,02450000
RPPNMLMKJHPFFCA37DA,吉林段三小段,6.92,都市：商,10000,65,持分移轉,03030000
RPRPMLRKJHPFFCA18CA,榮星段四小段,6.36,都市：住,100000,287,持分移轉,07700000
RPVNMLMLJHPFFFA28CA,大安段三小段,1.21,都市：住,10000,11,持分移轉,00650000
RPRPMLRKJHPFFCA18CA,榮星段四小段,3.57,都市：住,100000,287,持分移轉,07860000
RPPPMLPKJHPFFCA77CA,榮星段四小段,9.62,都市：住,100000,434,持分移轉,07700000
RPPPMLPKJHPFFCA77CA,榮星段四小段,5.40,都市：住,100000,434,持分移轉,07860000
RPWTMLTJJHPFFCA66DA,中山段一小段,.06,都市：商,10000,1,持分移轉,08010000
RPSNMLTKKHPFFBA28CA,福星段三小段,26.52,都市：商,10000,1647,持分移轉,00940000
RPRNMLTJJHPFFAA87CA,福和段一小段,27.33,都市：商,3,1,持分移轉,07650000
RPPNMLNJKHPFFAA17CA,萬隆段二小段,10.66,都市：住,10000,27,持分移轉,01880000
RPPNMLNJKHPFFAA17CA,萬隆段二小段,.01,都市：其他:道路用地(公共設施用地),10000,27,持分移轉,01880003
RPPNMLNJKHPFFAA17CA,萬隆段二小段,.01,都市：其他:道路用地(公共設施用地),10000,27,持分移轉,01880004
RPSNMLNKJHPFFDA77CA,美仁段一小段,19.89,都市：住,98000,499,持分移轉,00180013
RPSNMLOKJHPFFAA67DA,興隆段二小段,38.59,都市：住,10000,120,持分移轉,02550000
RPURMLTJJHPFFCA78CA,康寧段三小段,29.09,都市：住,10000,59,持分移轉,05130000
RPRNMLOKJHPFFAA47CA,萬芳段三小段,34.58,都市：住,10000,445,持分移轉,05630000
RPSRMLLLJHPFFCA97CA,東湖段五小段,47.82,都市：住,10000,584,持分移轉,00160002
RPQOMLRKJHPFFCA97CA,石潭段四小段,9.54,都市：商,100000,340,持分移轉,04230000
RPSPMLNKJHPFFDA97CA,中南段二小段,.07,都市：住,40,1,持分移轉,03500017
RPSPMLNKJHPFFDA97CA,中南段二小段,.20,都市：住,5,1,持分移轉,03500019
RPSPMLNKJHPFFDA97CA,中南段二小段,.12,都市：其他:-道路用地,40,1,持分移轉,03500022
RPSPMLNKJHPFFDA97CA,中南段二小段,.03,都市：其他:-道路用地,40,1,持分移轉,03500036
RPSPMLNKJHPFFDA97CA,中南段二小段,5.38,都市：住,40,1,持分移轉,03510017
RPSPMLNKJHPFFDA97CA,中南段二小段,.47,都市：住,40,1,持分移轉,03510018
RPSPMLNKJHPFFDA97CA,中南段二小段,17.20,都市：住,5,1,持分移轉,03510020
RPSPMLNKJHPFFDA97CA,中南段二小段,.03,都市：其他:-道路用地,40,1,持分移轉,03510027
RPWQMLTJJHPFFAA68CA,萬芳段三小段,1.80,都市：住,10000,243,持分移轉,01340000
RPWQMLTJJHPFFAA68CA,萬芳段三小段,29.33,都市：住,10000,131,持分移轉,01420000
RPWQMLTJJHPFFAA68CA,萬芳段三小段,14.39,都市：住,10000,144,持分移轉,01530000
RPWQMLTJJHPFFAA68CA,萬芳段三小段,6.18,都市：住,10000,73,持分移轉,01640000
RPOOMLLKJHPFFCA27DA,中山段二小段,22.75,都市：商,4,1,持分移轉,03000000
RPPNMLTJJHPFFCA87CA,碧湖段三小段,5.42,都市：住,10000,39,持分移轉,01490000
RPVOMLSJJHPFFBA38CA,龍山段一小段,2.97,都市：商,10000,37,持分移轉,00320000
RPPNMLTJJHPFFCA87CA,碧湖段三小段,2.10,都市：住,10000,39,持分移轉,01490004
RPVOMLSJJHPFFBA38CA,龍山段一小段,.42,都市：商,8800,33,持分移轉,00330000
RPVOMLSJJHPFFBA38CA,龍山段一小段,.07,都市：商,8800,33,持分移轉,00340000
RPPNMLTJJHPFFCA87CA,碧湖段三小段,2.75,都市：住,10000,39,持分移轉,01500000
RPPNMLTJJHPFFCA87CA,碧湖段三小段,.05,都市：住,10000,39,持分移轉,01500006
RPPNMLTJJHPFFCA87CA,碧湖段三小段,.37,都市：住,10000,39,持分移轉,01510001
RPSOMLTKKHPFFBA38CA,青年段一小段,12.33,都市：住,21886,44,持分移轉,01260000
RPSOMLTKKHPFFBA38CA,青年段一小段,2.89,都市：住,21886,44,持分移轉,01260001
RPSOMLTKKHPFFBA38CA,青年段一小段,.00,都市：其他:道路用地(公共設施用地),21886,44,持分移轉,01260002
RPSOMLTKKHPFFBA38CA,青年段一小段,.00,都市：其他:道路用地(公共設施用地),21886,44,持分移轉,01260003
RPUNMLRKJHPFFCA28CA,石潭段四小段,10.10,都市：商,100000,360,持分移轉,04230000
RPTNMLTJJHPFFBA18CA,漢中段一小段,.75,都市：商,200000,62,持分移轉,03280000
RPROMLKKJHPFFEA57CA,軟橋段,1358.93,都市：住,1,1,全筆移轉,00260000
RPQOMLOKJHPFFAA57DA,興隆段三小段,10.81,都市：住,10000,297,持分移轉,01650000
RPPOMLRKJHPFFCA87CA,石潭段四小段,8.70,都市：商,100000,310,持分移轉,04230000
RPWNMLRKJHPFFCA48CA,石潭段四小段,9.54,都市：商,100000,340,持分移轉,04230000
RPXOMLTJJHPFFDA88CA,新光段三小段,25.00,都市：住,4,1,持分移轉,04580000
RPTOMLKKJHPFFEA77CA,芝山段三小段,34.97,都市：住,10000,72,持分移轉,04890000
RPUPMLMLJHPFFCA08CA,德惠段二小段,15.36,都市：住,10000,268,持分移轉,05300000
RPUOMLSJJHPFFDA48CA,南港段四小段,21.03,都市：住,100000,202,持分移轉,01090000
RPUPMLMLJHPFFCA08CA,德惠段二小段,2.14,都市：住,10000,268,持分移轉,05310000
RPUPMLMLJHPFFCA08CA,德惠段二小段,7.08,都市：住,10000,268,持分移轉,05400000
RPUPMLMLJHPFFCA08CA,德惠段二小段,5.44,都市：住,10000,268,持分移轉,05410000
RPWNMLTJJHPFFEA78CA,桃源段四小段,20.62,都市：住,10000,84,持分移轉,02770000
RPWNMLTJJHPFFEA78CA,桃源段四小段,.65,都市：住,10000,84,持分移轉,02770001
RPPOMLKKJHPFFBA07CA,華江段三小段,16.81,都市：其他:特定專用區(二),320563,6468,持分移轉,05000000
RPQOMLTJJHPFFFA38CA,辛亥段三小段,26.50,都市：住,4,1,持分移轉,03600000
RPUOMLTJJHPFFFA78CA,復興段三小段,6.15,都市：住,280,6,持分移轉,04560000
RPUNMLOKJHPFFCA08DA,吉林段二小段,.16,都市：商,10000,5,持分移轉,05270000
RPPOMLTJJHPFFFA28CA,仁愛段六小段,7.81,都市：住,100000,1929,持分移轉,06160005
RPTNMLRKJHPFFDA28CA,犂和段二小段,137.00,都市：住,2,1,持分移轉,02660000
RPXQMLTJJHPFFCA98CA,碧湖段四小段,28.78,都市：住,20000,312,持分移轉,02520000
RPWNMLKKJHPFFEA97CA,奇岩段五小段,27.11,都市：住,10000,214,持分移轉,02860000
RPOOMLRKKHPFFFA18CA,仁愛段五小段,35.18,都市：住,1000,20,持分移轉,02240000
RPXRMLSJJHPFFCA98CA,康寧段二小段,28.70,都市：住,10000,283,持分移轉,02300000
RPQNMLLLJHPFFDA57DA,逸仙段三小段,7.23,都市：住,10000,139,持分移轉,03260000
RPQNMLTJJHPFFFA28CA,通化段四小段,45.74,都市：住,15000,406,持分移轉,08020000
RPPOMLTJJHPFFDA08CA,雅祥段四小段,2.67,都市：商,100000,169,持分移轉,02760000
RPSNMLLLJHPFFBA47CA,迪化段三小段,11.16,都市：其他:特定專用區,90000,3653,持分移轉,03440000
RPPOMLTJJHPFFDA08CA,雅祥段四小段,1.12,都市：住,100000,169,持分移轉,02830000
RPSNMLLLJHPFFBA47CA,迪化段三小段,.24,都市：其他:道路用地,90000,3653,持分移轉,03440001
RPUOMLKMJHPFFCA87CA,長安段四小段,11.32,都市：商,10000,255,持分移轉,03640000
RPWNMLTJJHPFFAA38CA,興安段一小段,4.00,都市：商,2,1,持分移轉,02800000
RPRTMLTJJHPFFCA78DA,中山段一小段,.06,都市：商,10000,1,持分移轉,08010000
RPOQMLTJJHPFFBA97CA,橋北段二小段,21.42,都市：商,10000,139,持分移轉,00180000
RPOQMLTJJHPFFBA97CA,橋北段二小段,1.13,都市：商,10000,139,持分移轉,00200001
RPSNMLOKJHPFFEA97CA,光華段二小段,30.25,都市：住,4,1,持分移轉,01800000
RPOQMLKKJHPFFDA37CA,信義段一小段,23.75,都市：商,4,1,持分移轉,00110000
RPXNMLNKJHPFFDA28CA,雅祥段四小段,1.06,都市：商,100000,67,持分移轉,02760000
RPXNMLNKJHPFFDA28CA,雅祥段四小段,.44,都市：住,100000,67,持分移轉,02830000
RPPNMLOJKHPFFEA67CA,海光段三小段,7.84,都市：商,10000,202,持分移轉,00310000
RPPNMLOJKHPFFEA67CA,海光段三小段,1.54,都市：住,10000,202,持分移轉,00350000
RPXNMLKKJHPFFEA08CA,振興段一小段,2.09,都市：商,10000,10,持分移轉,00210000
RPPPMLTJJHPFFCA08CA,碧湖段三小段,53.25,都市：住,100000,2446,持分移轉,01510000
RPTQMLTJJHPFFCA58CA,石潭段四小段,113.22,都市：住,20000,176,持分移轉,01120000
RPPNMLTJJHPFFFA18CA,通化段一小段,25.50,都市：住,4,1,持分移轉,03790000
RPPNMLTJJHPFFFA18CA,通化段一小段,4.75,都市：住,4,1,持分移轉,03800000
RPUOMLPKJHPFFCA18CA,吉林段二小段,1.00,都市：住,100000,100,持分移轉,09470000
RPTNMLLJKHPFFCA57CA,石潭段四小段,.97,都市：商,200000,103,持分移轉,00400000
RPTNMLLJKHPFFCA57CA,石潭段四小段,.40,都市：住,200000,652,持分移轉,00400001
RPQPMLTJJHPFFBA18DA,漢中段三小段,7.78,都市：商,100000,468,持分移轉,02700000
RPQOMLKMJHPFFBA47DA,雙園段二小段,16.75,都市：住,200000,1449,持分移轉,07750000
RPTNMLLJKHPFFCA57CA,石潭段四小段,.00,都市：住,200000,5,持分移轉,00460001
RPWQMLQKJHPFFCA68CA,金泰段,138.25,都市：住,90000,3730,持分移轉,00480003
RPXNMLNKKHPFFEA48CA,桃源段一小段,38.72,都市：住,10000,677,持分移轉,00590000
RPWOMLPKJHPFFDA48CA,寶清段三小段,22.08,都市：住,10000,905,持分移轉,04980000
RPPVMLTJJHPFFCA68CA,康寧段三小段,30.67,都市：住,3,1,持分移轉,07260000
RPQPMLKKJHPFFDA47CA,寶清段七小段,6.15,都市：商,10000,35,持分移轉,07080000
RPPOMLSJJHPFFAA67CA,實踐段三小段,21.71,都市：住,10000,547,持分移轉,07650000
RPTNMLRKJHPFFCA18CA,石潭段四小段,8.64,都市：商,100000,308,持分移轉,04230000
RPQVMLTJJHPFFCA78CA,中山段三小段,3.45,都市：商,90000,118,持分移轉,02070000
RPTNMLQJKHPFFFA38CA,龍泉段三小段,8.55,都市：住,10000,629,持分移轉,02980000
RPQNMLNKJHPFFDA57CA,玉成段五小段,27.04,都市：住,44877,315,持分移轉,02060000
RPPOMLPKJHPFFCA67CA,碧湖段四小段,7.54,都市：其他:交通用地,100000,171,持分移轉,04610000
RPRQMLTJJHPFFEA58CA,文林段四小段,21.20,都市：住,5,1,持分移轉,02430000
RPUNMLNKJHPFFFA18CA,懷生段一小段,9.71,都市：商,7,1,持分移轉,07240000
RPUNMLNKJHPFFFA18CA,懷生段一小段,28.57,都市：住,7,1,持分移轉,07240001
RPQNMLKKJHPFFEA37CA,文林段四小段,23.00,都市：商,4,1,持分移轉,06830000
RPXNMLKLJHPFFFA38DA,龍泉段二小段,14.10,都市：住,40,4,持分移轉,01020000
RPXNMLKLJHPFFFA38DA,龍泉段二小段,17.90,都市：住,40,4,持分移轉,01060000
RPXNMLKLJHPFFFA38DA,龍泉段二小段,.30,都市：住,40,4,持分移轉,01400001
RPWPMLKKJHPFFEA18CA,崇仰段一小段,37.77,都市：其他:特定休閒旅館住宅專用區,4,1,持分移轉,01900000
RPVNMLLKJHPFFCA87DA,金泰段,47.09,都市：住,500000,224,持分移轉,00720000
RPWNMLKKJHPFFCA77CA,長春段二小段,31.25,都市：住,4,1,持分移轉,08400000
RPTPMLKKJHPFFCA67CA,碧湖段四小段,.04,都市：住,10000,85,持分移轉,03120002
RPTPMLKKJHPFFCA67CA,碧湖段四小段,.30,都市：住,10000,85,持分移轉,03120003
RPTPMLKKJHPFFCA67CA,碧湖段四小段,21.95,都市：住,10000,85,持分移轉,05470004
RPTPMLKKJHPFFCA67CA,碧湖段四小段,2.61,都市：住,10000,85,持分移轉,05480000
RPQPMLKMJHPFFCA67DA,碧湖段一小段,18.60,都市：住,10,2,持分移轉,07100000
RPROMLKKJHPFFCA47DA,中山段一小段,7.80,都市：商,100000,607,持分移轉,06750000
RPQPMLKKJHPFFEA57CA,開明段三小段,2.13,都市：住,10000,36,持分移轉,00730000
RPQPMLKKJHPFFEA57CA,開明段三小段,1.85,都市：住,10000,36,持分移轉,00740000
RPQPMLKKJHPFFEA57CA,開明段三小段,19.67,都市：住,10000,36,持分移轉,00750000
RPQPMLKKJHPFFEA57CA,開明段三小段,.00,都市：住,10000,36,持分移轉,00760003
RPSOMLTJJHPFFAA08CA,福和段一小段,13.57,都市：其他:第三之二種住宅區及第三種住宅區及道路用地,10000,76,持分移轉,03210000
RPSOMLTJJHPFFAA08CA,福和段一小段,.54,都市：住,10000,76,持分移轉,08950000
SPXPMLTJJHPFFDA09CA,雅祥段四小段,6.21,都市：住,67,1,持分移轉,03100000
SPXPMLTJJHPFFDA09CA,雅祥段四小段,.48,都市：住,67,1,持分移轉,03100001
RPWPMLTJJHPFFDA88CA,雅祥段四小段,40.00,都市：住,1,1,全筆移轉,03180000
RPXQMLTJJHPFFBA88CA,臨沂段四小段,32.00,都市：住,4,1,持分移轉,02190000
RPXQMLTJJHPFFBA88CA,臨沂段四小段,6.50,都市：住,4,1,持分移轉,02200000
RPVOMLSJJHPFFEA68CA,蘭雅段二小段,6.44,都市：工,100000,204,持分移轉,00050000
RPVOMLMLJHPFFEA28CA,百齡段六小段,23.83,都市：住,12,2,持分移轉,04050000
RPVOMLMLJHPFFEA28CA,百齡段六小段,11.92,都市：住,12,1,持分移轉,04050000
RPVOMLSJJHPFFEA68CA,蘭雅段二小段,.35,都市：住,100000,198,持分移轉,00070000
RPVOMLSJJHPFFEA68CA,蘭雅段二小段,2.68,都市：住,100000,198,持分移轉,00130000
RPRNMLMKJHPFFCA57DA,東湖段二小段,22.67,都市：住,24000,162,持分移轉,00340000
RPWNMLTJJHPFFFA88CA,仁愛段二小段,2.98,都市：其他:道路用地,461880,5269,持分移轉,05000000
RPPNMLQKJHPFFBA67DA,青年段一小段,14.42,都市：住,38496,33,持分移轉,01510000
RPQNMLKMJHPFFCA37CA,正義段三小段,.65,都市：其他:道路用地,100000,16224,持分移轉,04180001
RPRPMLKKJHPFFCA47CA,榮星段四小段,21.56,都市：商,10000,222,持分移轉,06520000
RPRNMLKKJHPFFFA57CA,大安段一小段,5.20,都市：商,10000,68,持分移轉,06560000
RPSNMLKLJHPFFAA27CA,河堤段三小段,25.34,都市：住,100000,9318,持分移轉,06960000
RPUOMLPJKHPFFDA28CA,福德段三小段,4.00,都市：住,48,2,持分移轉,05470000
RPOOMLPJKHPFFBA47CA,玉泉段二小段,2.81,都市：其他:特定專用區(供一般商業使用),10000,27,持分移轉,00390000
RPRPMLKKJHPFFEA67CA,秀山段一小段,80.00,都市：住,2,1,持分移轉,01440000
RPSOMLPJKHPFFEA18CA,開明段一小段,40.36,都市：住,100000,5039,持分移轉,00480000
RPRPMLKKJHPFFEA67CA,秀山段一小段,13.50,都市：住,2,1,持分移轉,01450001
RPPQMLTJJHPFFDA38DA,敦化段二小段,3.75,都市：商,100000,369,持分移轉,02560000
RPXOMLKKJHPFFDA08CA,吳興段一小段,12.35,都市：住,300000,5664,持分移轉,06490000
RPXOMLKKJHPFFDA08CA,吳興段一小段,.66,都市：住,300000,5664,持分移轉,06500000
RPXOMLKKJHPFFDA08CA,吳興段一小段,4.29,都市：住,300000,5664,持分移轉,06510002
RPXOMLKKJHPFFDA08CA,吳興段一小段,1.51,都市：住,300000,5664,持分移轉,06530000
RPOQMLNKJHPFFDA67CA,西松段三小段,10.50,都市：住,100000,2705,持分移轉,00280000
RPWVMLOKJHPFFEA66DA,芝山段二小段,31.51,都市：住,10000,505,持分移轉,05670002
RPWNMLMLJHPFFAA87CA,永昌段四小段,8.63,都市：住,12000,50,持分移轉,06500000
RPWNMLMLJHPFFAA87CA,永昌段四小段,1.98,都市：住,12000,50,持分移轉,06500001
RPWNMLMLJHPFFAA87CA,永昌段四小段,.02,都市：其他:道路用地,12000,50,持分移轉,06500002
RPXPMLTJJHPFFDA98CA,雅祥段四小段,6.21,都市：住,67,1,持分移轉,03100000
RPXPMLTJJHPFFDA98CA,雅祥段四小段,.48,都市：住,67,1,持分移轉,03100001
RPPNMLTKJHPFFDA18DA,祥和段三小段,28.12,都市：住,10000,178,持分移轉,01290000
RPUQMLNKJHPFFEA48DA,蘭雅段一小段,.23,都市：住,10000,2,持分移轉,03710000
RPPNMLKKJHPFFBA96CA,公園段三小段,.67,都市：商,10000,149,持分移轉,00150006
RPPNMLKKJHPFFBA96CA,公園段三小段,11.83,都市：商,10000,149,持分移轉,00260000
RPPNMLKKJHPFFBA96CA,公園段三小段,1.42,都市：商,10000,149,持分移轉,00270000
RPQQMLTJJHPFFEA58DA,三玉段三小段,45.33,都市：住,10000,479,持分移轉,00670000
RPOOMLTJJHPFFAA77DA,政大段二小段,14.24,都市：住,100000,476,持分移轉,04730000
RPRNMLQKJHPFFFA28DA,龍泉段二小段,23.84,都市：住,10000,1806,持分移轉,02880000
RPVNMLKKJHPFFCA67CA,西湖段一小段,26.86,都市：住,10000,166,持分移轉,06040000
RPQNMLLLJHPFFCA47DA,德惠段四小段,18.20,都市：商,1000,100,持分移轉,01590000
RPTNMLNKJHPFFEA97CA,三玉段二小段,17.40,都市：商,10000,62,持分移轉,00740000
RPQOMLOKJHPFFEA97DA,關渡段二小段,15.95,都市：商,60000,2160,持分移轉,00310000
RPQOMLOKJHPFFEA97DA,關渡段二小段,2.32,都市：商,60000,490,持分移轉,00350000
RPVNMLLLJHPFFFA18CA,金華段二小段,52.12,都市：住,32,4,持分移轉,00440000
RPVPMLKKJHPFFEA08CA,新民段一小段,9.79,都市：住,20000,96,持分移轉,03020000
RPVPMLKKJHPFFEA08CA,新民段一小段,.19,都市：其他:道路用地,20000,96,持分移轉,03020001
RPXNMLQJKHPFFAA28CA,萬慶段一小段,41.00,都市：商,2,1,持分移轉,04020000
RPXNMLQJKHPFFAA28CA,萬慶段一小段,88.00,都市：商,1,1,全筆移轉,04060000
RPTPMLKKJHPFFEA87CA,新民段四小段,11.60,都市：其他:市場用地,100000,540,持分移轉,01320000
RPPOMLTJJHPFFEA18CA,芝山段二小段,17.00,都市：其他:道路用地,2,1,持分移轉,04000001
RPRQMLPKJHPFFCA08CA,石潭段五小段,65.70,都市：住,10000,1447,持分移轉,00110000
RPWSMLKLJHPFFCA38CA,碧湖段二小段,15.44,都市：商,10000,138,持分移轉,01930000
RPWSMLKLJHPFFCA38CA,碧湖段二小段,.03,都市：商,10000,1,持分移轉,02000000
RPPNMLQKJHPFFAA57DA,興泰段一小段,54.72,都市：住,10000,97,持分移轉,05110000
RPPSMLRKJHPFFCA28CA,碧湖段三小段,27.62,都市：商,10000,173,持分移轉,07150000
RPQRMLTJJHPFFBA28CA,福星段二小段,3.66,都市：商,10000,137,持分移轉,01720000
RPPPMLQKJHPFFEA08CA,立農段三小段,18.38,都市：住,100000,4633,持分移轉,01280000
RPSOMLMLJHPFFCA87DA,長安段一小段,41.86,都市：住,10000,1150,持分移轉,01800000
RPRNMLPKJHPFFBA67CA,福星段四小段,1.77,都市：商,10000,16,持分移轉,02080000
RPQNMLMKJHPFFCA47DA,東湖段六小段,17.60,都市：住,10000,44,持分移轉,01500000
RPQNMLNKJHPFFBA37CA,雙園段二小段,22.75,都市：住,4,1,持分移轉,00420000
RPOPMLQKJHPFFEA97CA,行義段四小段,21.81,都市：住,100000,7761,持分移轉,03560000
RPPPMLQKJHPFFDA97CA,寶清段六小段,22.20,都市：商,5,1,持分移轉,00460000
RPRNMLNKJHPFFFA87CA,龍泉段三小段,8.68,都市：商,10000,199,持分移轉,00690004
RPRNMLNKJHPFFFA87CA,龍泉段三小段,3.26,都市：住,10000,199,持分移轉,00690006
RPVQMLOJKHPFFBA28CA,玉泉段二小段,6.72,都市：其他:特定專用區(供一般商業使用),10000,250,持分移轉,00040000
RPQOMLPKJHPFFAA57CA,南海段四小段,6.25,都市：住,10000,125,持分移轉,07190001
RPQOMLPKJHPFFAA57CA,南海段四小段,11.33,都市：住,9999,121,持分移轉,07200000
RPQOMLPKJHPFFAA57CA,南海段四小段,.12,都市：其他:道路用地,10000,125,持分移轉,07190003
RPTQMLLLJHPFFBA87CA,橋北段二小段,6.63,都市：其他:聯合開發區(捷),100000,162,持分移轉,06360000
RPTQMLLLJHPFFBA87CA,橋北段二小段,.04,都市：其他:聯合開發區(捷),100000,162,持分移轉,06800010
RPTQMLLLJHPFFBA87CA,橋北段二小段,.01,都市：其他:聯合開發區(捷),100000,162,持分移轉,06800011
RPQNMLQKJHPFFAA67DA,實踐段一小段,16.56,都市：住,10000,413,持分移轉,05280000
RPQPMLNKJHPFFEA87CA,永新段一小段,24.00,都市：住,4,1,持分移轉,03900000
RPVNMLRKJHPFFDA48CA,美仁段二小段,8.04,都市：商,1000000,7417,持分移轉,04860000
RPWPMLOJKHPFFBA28CA,雙園段一小段,16.62,都市：住,40,1,持分移轉,03900000
RPSOMLNKJHPFFCA77CA,東湖段八小段,21.27,都市：住,10000,44,持分移轉,00070000
RPOOMLLLJHPFFCA27CA,中山段一小段,.25,都市：商,100000,105,持分移轉,04780000
RPQNMLNKJHPFFCA47CA,正義段三小段,8.89,都市：商,10000,102,持分移轉,02120000
RPOWMLOKJHPFFEA58DA,新民段一小段,31.49,都市：住,70,1,持分移轉,02310000
RPOWMLOKJHPFFEA58DA,新民段一小段,.17,都市：其他:道路用地(公共設施用地),70,1,持分移轉,02310001
RPOWMLOKJHPFFEA58DA,新民段一小段,.14,都市：其他:道路用地(公共設施用地),70,1,持分移轉,02310002
RPURMLOJKHPFFCA38CA,東湖段一小段,23.38,都市：住,60,1,持分移轉,00160011
RPURMLOJKHPFFCA38CA,東湖段一小段,.05,都市：其他:道路用地,60,1,持分移轉,00160013
RPSPMLNKJHPFFAA67CA,華興段四小段,47.22,都市：住,10000,292,持分移轉,01730000
RPPNMLKLJHPFFEA37CA,溫泉段三小段,24.50,都市：住,4,1,持分移轉,03730000
RPTNMLKMJHPFFFA97CA,辛亥段四小段,37.00,都市：住,4,1,持分移轉,01150000
RPTNMLMKJHPFFDA87DA,美仁段二小段,44.75,都市：住,8,1,持分移轉,04010000
RPUNMLQKJHPFFBA08CA,青年段一小段,10.32,都市：商,8425,117,持分移轉,01320000
RPUNMLQKJHPFFBA08CA,青年段一小段,1.21,都市：商,8425,117,持分移轉,01330000
RPSNMLNKJHPFFCA67CA,榮星段四小段,79.00,都市：其他:道路用地,1,1,全筆移轉,07530000
RPSNMLNKJHPFFCA67CA,榮星段四小段,23.00,都市：其他:道路用地,1,1,全筆移轉,07610000
RPUNMLRLKHPFFDA58CA,三興段三小段,.87,都市：商,10000,5,持分移轉,04640000
RPUNMLRLKHPFFDA58CA,三興段三小段,.48,都市：住,10000,5,持分移轉,04640001
RPUNMLRLKHPFFDA58CA,三興段三小段,.00,都市：其他:道路用地(公共設施用地),10000,5,持分移轉,04650000
RPUNMLRLKHPFFDA58CA,三興段三小段,.00,都市：其他:道路用地(公共設施用地),10000,5,持分移轉,04660000
RPUNMLRLKHPFFDA58CA,三興段三小段,.00,都市：商,10000,5,持分移轉,04680000
RPPOMLPKJHPFFDA77CA,延吉段一小段,.21,都市：商,10000,12,持分移轉,04060000
RPPOMLPKJHPFFDA77CA,延吉段一小段,4.10,都市：住,10000,12,持分移轉,04060001
RPPPMLQKJHPFFBA87DA,萬華段一小段,.47,都市：商,10000,3,持分移轉,02120000
RPWOMLLLJHPFFCA08CA,正義段三小段,5.84,都市：商,10000,67,持分移轉,02120000
RPWNMLNKJHPFFDA18CA,玉成段一小段,31.50,都市：工,4,1,持分移轉,03610000
RPSOMLMLJHPFFDA97DA,美仁段一小段,7.46,都市：商,100000,2235,持分移轉,02390000
RPSOMLMLJHPFFDA97DA,美仁段一小段,2.08,都市：商,100000,2235,持分移轉,02390001
RPTOMLQJKHPFFCA18CA,金泰段,11.19,都市：商,10000,130,持分移轉,00830003
RPOOMLOJKHPFFAA27CA,南海段四小段,27.73,都市：住,17562,284,持分移轉,04680002
RPQOMLNKJHPFFBA47CA,市府段二小段,1.01,都市：商,1000,56,持分移轉,03890000
RPQOMLNKJHPFFBA47CA,市府段二小段,.06,都市：其他:道路用地(公共設施用地),1000,56,持分移轉,03890001
RPQOMLNKJHPFFBA47CA,市府段二小段,6.22,都市：商,1000,56,持分移轉,03900000
RPOQMLRKJHPFFBA87CA,橋北段二小段,9.58,都市：其他:聯合開發區(捷),100000,234,持分移轉,06360000
RPOQMLRKJHPFFBA87CA,橋北段二小段,.06,都市：其他:聯合開發區(捷),100000,234,持分移轉,06800010
RPOQMLRKJHPFFBA87CA,橋北段二小段,.01,都市：其他:聯合開發區(捷),100000,234,持分移轉,06800011
RPPRMLKLJHPFFCA57CA,正義段二小段,6.06,都市：商,30000,490,持分移轉,02850000
RPQRMLKKJHPFFCA57CA,德惠段四小段,3.81,都市：商,10000,57,持分移轉,04200000
RPPQMLRJKHPFFCA08CA,德惠段三小段,50.04,都市：住,10000,446,持分移轉,00980000
RPSNMLRJKHPFFFA38CA,金華段四小段,34.35,都市：住,10000,760,持分移轉,02230000
RPPQMLQKJHPFFCA97CA,吉林段四小段,6.16,都市：商,10000,30,持分移轉,05470000
RPSNMLPKJHPFFEA08CA,振興段一小段,12.03,都市：商,10000,166,持分移轉,01280000
RPRNMLNKJHPFFBA47CA,臨沂段二小段,9.49,都市：住,10000,308,持分移轉,02900000
RPWOMLNKJHPFFCA18CA,東湖段七小段,24.02,都市：住,100000,530,持分移轉,00430000
RPWNMLOKJHPFFAA97CA,實踐段二小段,33.02,都市：住,30000,246,持分移轉,06410000
RPPOMLLMJHPFFCA47CA,文德段五小段,102.00,都市：其他:科技工業區,10000,403,持分移轉,00980000
RPTOMLOJKHPFFDA08CA,敦化段三小段,.06,都市：住,10000,2,持分移轉,02030000
RPPOMLLMJHPFFCA47CA,文德段五小段,21.63,都市：其他:科技工業區,10000,403,持分移轉,00980001
RPSPMLNKJHPFFCA97DA,東湖段五小段,25.88,都市：住,10000,177,持分移轉,04660000
RPWOMLOKJHPFFFA58CA,大安段三小段,24.93,都市：住,90827,45,持分移轉,02980000
RPWNMLNKJHPFFAA87CA,公訓段二小段,.13,都市：商,10000,1,持分移轉,04190000
RPROMLNKJHPFFAA47CA,景美段四小段,4.04,都市：商,10000,141,持分移轉,06060000
RPWNMLNKJHPFFAA87CA,公訓段二小段,.26,都市：商,10000,1,持分移轉,04220000
RPVNMLNKJHPFFEA18CA,天母段一小段,.15,都市：住,10000,1,持分移轉,01430000
RPQNMLLKJHPFFAA07CA,興隆段一小段,24.99,都市：住,10000,78,持分移轉,01570000
RPVNMLKKJHPFFEA87CA,振興段三小段,11.76,都市：其他:道路用地,16,13,持分移轉,10160001
RPOPMLNKJHPFFCA47CA,碧湖段一小段,43.49,都市：住,10000,352,持分移轉,07480000
RPWRMLKLJHPFFCA38DA,榮星段六小段,30.06,都市：住,32,1,持分移轉,01350000
RPQPMLOKJHPFFAA57CA,景美段四小段,.03,都市：商,100000,1,持分移轉,01970000
RPWPMLRJKHPFFBA58CA,橋北段二小段,8.47,都市：其他:聯合開發區(捷),100000,207,持分移轉,06360000
RPWPMLRJKHPFFBA58CA,橋北段二小段,.05,都市：其他:聯合開發區(捷),100000,207,持分移轉,06800010
RPWPMLRJKHPFFBA58CA,橋北段二小段,.01,都市：其他:聯合開發區(捷),100000,207,持分移轉,06800011
RPWPMLRKJHPFFDA78CA,敦化段一小段,30.86,都市：住,42,1,持分移轉,05620000
RPQQMLPKJHPFFDA08CA,寶清段一小段,7.64,都市：商,10000,135,持分移轉,01320000
RPPOMLNKJHPFFDA57CA,西松段一小段,10.89,都市：住,30700,94,持分移轉,00090038
RPPOMLNKJHPFFDA57CA,西松段一小段,8.42,都市：住,30700,94,持分移轉,00090007
RPRQMLNKJHPFFCA87CA,康寧段三小段,2.14,都市：住,10000,6,持分移轉,05410003
RPUOMLOJKHPFFDA18CA,敦化段三小段,.06,都市：住,10000,2,持分移轉,02030000
RPSQMLNKJHPFFCA97CA,文德段一小段,.07,都市：住,1060000,14955,持分移轉,02230020
RPSQMLNKJHPFFCA97CA,文德段一小段,26.87,都市：住,1060000,14955,持分移轉,02700000
RPVOMLKKJHPFFAA57CA,華興段四小段,57.23,都市：住,10000,250,持分移轉,01750000
RPUNMLLKJHPFFCA77DA,文德段四小段,.00,都市：商,5000000,11,持分移轉,00210001
RPQOMLNKJHPFFDA67CA,逸仙段三小段,9.17,都市：住,100000,8900,持分移轉,01690000
RPQOMLNKJHPFFDA67CA,逸仙段三小段,9.17,都市：住,4000,356,持分移轉,01720000
RPUOMLNKJHPFFDA08CA,寶清段二小段,3.49,都市：商,10000,28,持分移轉,02150000
RPTOMLLLJHPFFEA08DA,永新段二小段,25.17,都市：住,10000,290,持分移轉,01310000
RPTOMLLLJHPFFEA08DA,永新段二小段,1.16,都市：住,10000,290,持分移轉,01710001
RPXOMLRKJHPFFDA78CA,延吉段三小段,29.64,都市：住,10000,176,持分移轉,02280000
RPXQMLNKJHPFFCA58DA,康寧段三小段,36.63,都市：住,14000,61,持分移轉,05840000
RPRQMLKKKHPFFDA77CA,延吉段三小段,22.68,都市：其他:第三之一種住宅區(特)及第三種住宅區及道路用地(公共設施用地),10000,71,持分移轉,02490000
RPVNMLLLJHPFFAA67CA,南海段五小段,2.46,都市：住,20000,44,持分移轉,04460000
RPVNMLLLJHPFFAA67CA,南海段五小段,5.27,都市：住,20000,216,持分移轉,04560000
RPVNMLLLJHPFFAA67CA,南海段五小段,.26,都市：其他:道路用地(公共設施用地),20000,216,持分移轉,04560002
RPVNMLLLJHPFFAA67CA,南海段五小段,5.36,都市：住,20000,216,持分移轉,04570000
RPVNMLLLJHPFFAA67CA,南海段五小段,.26,都市：其他:道路用地(公共設施用地),20000,216,持分移轉,04570002
RPVQMLNKJHPFFEA58DA,百齡段二小段,4.58,都市：工,10000,15,持分移轉,03940000
RPVQMLNKJHPFFEA58DA,百齡段五小段,.00,都市：工,10000,15,持分移轉,00010000
RPPNMLLLJHPFFAA07CA,興泰段三小段,22.94,都市：住,100000,861,持分移轉,03980000
RPPNMLLLJHPFFAA07CA,興泰段三小段,3.38,都市：住,100000,861,持分移轉,03990000
RPWQMLKLJHPFFCA28DA,碧湖段二小段,41.09,都市：住,10000,45,持分移轉,05290000
RPOOMLPKJHPFFDA67CA,南港段一小段,16.20,都市：商,20000,140,持分移轉,11330000
RPUNMLLLJHPFFAA67DA,興泰段一小段,.84,都市：住,100000,178,持分移轉,08040000
RPUNMLLLJHPFFAA67DA,興泰段一小段,28.21,都市：住,100000,178,持分移轉,08020000
RPUNMLLLJHPFFAA67DA,興泰段一小段,7.19,都市：住,100000,178,持分移轉,08200000
RPRNMLOKJHPFFEA97DA,秀山段三小段,26.39,都市：住,2000,91,持分移轉,01850000
RPWQMLRKJHPFFCA78CA,正義段一小段,16.69,都市：商,16,1,持分移轉,04400000
RPSNMLPKJHPFFFA18CA,仁愛段二小段,14.30,都市：商,10000,60,持分移轉,00350000
RPSNMLPKJHPFFFA18CA,仁愛段二小段,7.27,都市：商,10000,60,持分移轉,00350001
RPSNMLPKJHPFFFA18CA,仁愛段二小段,.04,都市：其他:道路用地,10000,60,持分移轉,00350002
RPSNMLPKJHPFFFA18CA,仁愛段二小段,.25,都市：其他:道路用地,10000,60,持分移轉,00360000
RPSNMLTKJHPFFCA38DA,石潭段四小段,37.22,都市：住,10000,130,持分移轉,00190000
RPRNMLTKJHPFFFA58DA,復興段一小段,25.93,都市：住,10000,349,持分移轉,01280000
RPTOMLNJKHPFFAA67CA,河堤段四小段,15.50,都市：商,100000,1636,持分移轉,05270000
RPTOMLNJKHPFFAA67CA,河堤段四小段,2.32,都市：住,100000,1636,持分移轉,05280001
RPWSMLRKJHPFFCA98CA,中山段二小段,8.75,都市：住,10000,343,持分移轉,03720000
RPWSMLRKJHPFFCA98CA,中山段二小段,5.49,都市：商,10000,343,持分移轉,03720001
RPPNMLOKJHPFFDA57CA,新光段三小段,16.12,都市：住,8,1,持分移轉,02120000
RPWNMLKKKHPFFEA08CA,振興段一小段,.04,都市：其他:道路用地,10000,121,持分移轉,03940001
RPWNMLKKKHPFFEA08CA,振興段一小段,30.03,都市：住,10000,121,持分移轉,03940000
RPPOMLKLJHPFFDA37CA,敦化段三小段,.13,都市：商,10000,2,持分移轉,03850000
RPOPMLOJKHPFFAA37CA,南海段三小段,36.00,都市：住,8,2,持分移轉,06270000
SPQOMLKLJHPFFAA37DA,興泰段一小段,.20,都市：住,10000,1,持分移轉,05730000
RPOPMLNJKHPFFAA27CA,政大段四小段,39.67,都市：住,100000,2447,持分移轉,05890000
SPQOMLKLJHPFFAA37DA,興泰段一小段,.00,都市：住,10000,1,持分移轉,05760000
SPQOMLKLJHPFFAA37DA,興泰段一小段,.01,都市：住,10000,1,持分移轉,05990000
RPQOMLPKJHPFFDA97DA,三興段一小段,2.00,都市：住,20000,75,持分移轉,08190000
RPTNMLSKJHPFFCA38DA,碧湖段三小段,27.13,都市：住,10000,48,持分移轉,04020000
RPTNMLSKJHPFFCA38DA,碧湖段三小段,.02,都市：住,10000,48,持分移轉,04130002
RPWOMLQKJHPFFCA48CA,德惠段四小段,3.00,都市：商,1980,6,持分移轉,02830000
RPSOMLPKJHPFFAA77CA,興隆段二小段,22.52,都市：住,20000,342,持分移轉,02690000
RPWNMLPKJHPFFAA08CA,頭廷段二小段,33.37,都市：住,10000,113,持分移轉,05410000
RPUPMLNKJHPFFBA97CA,直興段一小段,32.79,都市：住,10000,87,持分移轉,01400000
RPWNMLMKKHPFFEA28CA,溫泉段二小段,41.17,都市：住,270,39,持分移轉,04240000
RPWNMLMKKHPFFEA28CA,溫泉段二小段,74.64,都市：住,56,22,持分移轉,04260000
RPQOMLKLJHPFFAA27DA,興泰段一小段,.20,都市：住,10000,1,持分移轉,05730000
RPQOMLKLJHPFFAA27DA,興泰段一小段,.00,都市：住,10000,1,持分移轉,05760000
RPQOMLKLJHPFFAA27DA,興泰段一小段,.01,都市：住,10000,1,持分移轉,05990000
RPPPMLLLKHPFFEA77CA,行義段四小段,24.73,都市：住,10,2,持分移轉,04020000
RPPPMLLLKHPFFEA77CA,行義段四小段,15.59,都市：住,10,2,持分移轉,04030000
RPPPMLLLKHPFFEA77CA,行義段四小段,18.20,都市：住,10,2,持分移轉,04040000
RPPPMLLLKHPFFEA77CA,行義段四小段,3.90,都市：住,10,2,持分移轉,04050000
RPPPMLLLKHPFFEA77CA,行義段四小段,5.65,都市：住,10,2,持分移轉,04060000
RPXNMLRKJHPFFDA68CA,三興段一小段,90.44,都市：商,1000000,18861,持分移轉,08720000
RPVQMLKLJHPFFCA18DA,碧湖段四小段,15.29,都市：住,10000,1040,持分移轉,02830000
RPVQMLKLJHPFFCA18DA,碧湖段四小段,.31,都市：其他:道路用地(公共設施用地),10000,1040,持分移轉,02830001
RPVQMLKLJHPFFCA18DA,碧湖段四小段,2.29,都市：住,10000,1040,持分移轉,03100002
RPVNMLPKJHPFFAA97CA,永昌段四小段,23.51,都市：住,10000,2583,持分移轉,02520000
RPVNMLPKJHPFFAA97CA,永昌段四小段,4.52,都市：住,40000,2583,持分移轉,02720000
RPXNMLOKJHPFFDA38CA,永春段一小段,30.00,都市：住,4,1,持分移轉,05030000
RPTNMLKMJHPFFAA47CA,南海段二小段,1.08,都市：商,10000,114,持分移轉,01720000
RPTNMLKMJHPFFAA47CA,南海段二小段,5.31,都市：商,10000,114,持分移轉,02050000
RPWNMLKLJHPFFBA87DA,福星段二小段,9.98,都市：商,10000,28,持分移轉,04310000
RPQRMLRJKHPFFCA28CA,吉林段五小段,3.05,都市：商,100000,86,持分移轉,03140000
RPXNMLKLJHPFFAA87DA,興泰段三小段,.08,都市：其他:市場用地(公共設施用地),10000,82,持分移轉,02540001
RPXNMLKLJHPFFAA87DA,興泰段三小段,1.71,都市：其他:市場用地(公共設施用地),10000,82,持分移轉,02610000
RPXNMLKLJHPFFAA87DA,興泰段三小段,16.79,都市：其他:市場用地(公共設施用地),10000,82,持分移轉,02620000
RPVNMLKMJHPFFDA08DA,信義段三小段,9.52,都市：其他:特定業務區,10000,29,持分移轉,00360001
RPTOMLOJKHPFFCA97CA,正義段一小段,35.50,都市：商,4,1,持分移轉,06210000
RPPNMLSKJHPFFFA18CA,大安段三小段,1.91,都市：商,10000,97,持分移轉,03980000
RPPNMLSKJHPFFFA18CA,大安段三小段,.02,都市：商,10000,3,持分移轉,03990000
RPPNMLSKJHPFFFA18CA,大安段三小段,.00,都市：商,10000,3,持分移轉,03990001
RPPNMLSKJHPFFFA18CA,大安段三小段,.01,都市：商,10000,3,持分移轉,04000000
RPPNMLSKJHPFFFA18CA,大安段三小段,.00,都市：商,10000,3,持分移轉,04000001
RPPNMLSKJHPFFFA18CA,大安段三小段,.01,都市：商,10000,3,持分移轉,04010000
RPPNMLSKJHPFFFA18CA,大安段三小段,.00,都市：商,10000,3,持分移轉,04010001
RPPNMLSKJHPFFFA18CA,大安段三小段,.02,都市：商,10800,3,持分移轉,04020000
RPPNMLSKJHPFFFA18CA,大安段三小段,.05,都市：商,10000,2,持分移轉,04210000
RPQPMLRKJHPFFBA97CA,橋北段二小段,13.63,都市：其他:聯合開發區(捷),100000,333,持分移轉,06360000
RPQPMLRKJHPFFBA97CA,橋北段二小段,.08,都市：其他:聯合開發區(捷),100000,333,持分移轉,06800010
RPQPMLRKJHPFFBA97CA,橋北段二小段,.02,都市：其他:聯合開發區(捷),100000,333,持分移轉,06800011
RPQPMLRKJHPFFDA18CA,西松段二小段,19.37,都市：住,10000,135,持分移轉,06900000
RPRPMLNKJHPFFEA97CA,溪洲段三小段,11.80,都市：住,20,4,持分移轉,02110000
RPRPMLNKJHPFFEA97CA,溪洲段一小段,17.00,都市：其他:交通用地,32,2,持分移轉,02240000
RPRPMLNKJHPFFEA97CA,溪洲段一小段,24.75,都市：其他:交通用地,48,3,持分移轉,04170000
RPSOMLQKJHPFFDA18CA,民生段,28.53,都市：其他:敦化南北路特定專用區,300000,4958,持分移轉,01400004
RPXOMLNKJHPFFAA08CA,實踐段三小段,5.55,都市：住,100000,398,持分移轉,00990000
RPXOMLNKJHPFFAA08CA,實踐段三小段,13.62,都市：住,100000,398,持分移轉,01020000
RPRNMLTKKHPFFBA18CA,市府段三小段,34.06,都市：商,841,341,持分移轉,04230000
RPRNMLTKKHPFFBA18CA,市府段三小段,9.76,都市：商,241,98,持分移轉,04240000
RPUOMLPKJHPFFAA97CA,木柵段四小段,36.08,都市：住,10000,192,持分移轉,06950000
RPQNMLKKKHPFFBA17CA,市府段三小段,16.98,都市：商,841,170,持分移轉,04230000
RPQNMLKKKHPFFBA17CA,市府段三小段,4.88,都市：商,241,49,持分移轉,04240000
RPPQMLOKJHPFFDA87CA,西松段二小段,9.58,都市：其他:第二種商業區及第三種住宅區。,10000,28,持分移轉,05690000
RPPNMLKMJHPFFEA47CA,永平段四小段,18.30,都市：住,10000,461,持分移轉,03430000
RPWPMLLLKHPFFCA28CA,文德段四小段,12.88,都市：商,5220000,22582,持分移轉,00210000
RPROMLPKJHPFFCA87CA,金泰段,47.09,都市：住,500000,224,持分移轉,00720000
RPPOMLKKKHPFFFA57CA,金華段四小段,8.19,都市：住,1000000,10848,持分移轉,05150000
RPPOMLKKKHPFFFA57CA,金華段四小段,4.06,都市：住,1000000,10848,持分移轉,05180007
RPPOMLKKKHPFFFA57CA,金華段四小段,2.45,都市：住,1000000,10848,持分移轉,05190000
RPPOMLKKKHPFFFA57CA,金華段四小段,5.46,都市：住,1000000,10848,持分移轉,05190006
RPWPMLOKJHPFFDA48CA,南港段三小段,42.75,都市：住,4,1,持分移轉,00940000
RPPPMLOJKHPFFBA57CA,成功段二小段,5.01,都市：商,10000,206,持分移轉,00070000
RPVOMLOKJHPFFEA48DA,中洲段,24.50,都市：其他:(公園用地)公共設施用地,6,1,持分移轉,08310000
RPPNMLTKJHPFFCA08DA,碧湖段二小段,10.04,都市：住,10000,11,持分移轉,05290000
RPVNMLKMJHPFFAA67CA,南海段二小段,1.01,都市：商,10000,106,持分移轉,01720000
RPOPMLOKJHPFFDA67CA,民生段,42.62,都市：住,16,2,持分移轉,00470033
RPVNMLKMJHPFFAA67CA,南海段二小段,4.93,都市：商,10000,106,持分移轉,02050000
RPWSMLPKJHPFFCA78CA,榮星段二小段,7.70,都市：住,8860,77,持分移轉,04590000
RPQOMLPKJHPFFEA97CA,溫泉段一小段,2.94,都市：商,10000,31,持分移轉,02590000
RPQOMLPKJHPFFEA97CA,溫泉段一小段,5.68,都市：住,10000,31,持分移轉,02630000
RPPQMLKKKHPFFFA77CA,通化段四小段,24.62,都市：商,50000,2438,持分移轉,00130000
RPPNMLSJKHPFFDA97CA,民生段,5.90,都市：商,20000,12,持分移轉,00440000
RPUNMLQKJHPFFCA18CA,榮星段二小段,5.70,都市：住,10000,58,持分移轉,06010001
RPUNMLQKJHPFFCA18CA,榮星段二小段,1.44,都市：住,10000,58,持分移轉,06010005
RPROMLNJKHPFFBA57CA,橋北段一小段,28.00,都市：住,4,1,持分移轉,02550000
RPQOMLTKJHPFFCA28DA,康寧段三小段,34.26,都市：住,10000,127,持分移轉,01700000
RPQOMLTKJHPFFCA28DA,康寧段三小段,.04,都市：其他:道路用地,10000,127,持分移轉,01700001
RPUPMLOKJHPFFAA97CA,景美段四小段,3.64,都市：商,100000,139,持分移轉,02080000
RPXOMLOKJHPFFAA18CA,華興段一小段,21.99,都市：住,10000,201,持分移轉,00100000
RPSQMLPKJHPFFCA18CA,榮星段二小段,26.12,都市：商,26,1,持分移轉,06410000
RPTOMLPKJHPFFAA87CA,木柵段一小段,17.93,都市：商,1000000,6987,持分移轉,05380000
RPSOMLPKJHPFFBA87CA,福星段四小段,4.18,都市：商,100000,379,持分移轉,02080000
RPPNMLTKJHPFFEA18CA,振興段四小段,50.75,都市：住,4,1,持分移轉,03350000
RPQOMLMLJHPFFCA67DA,吉林段一小段,22.45,都市：商,10000,286,持分移轉,00600000
RPRRMLOKJHPFFCA08CA,長安段二小段,6.42,都市：商,10000,132,持分移轉,02470000
RPQOMLQKJHPFFEA18DA,蘭雅段二小段,28.67,都市：住,20140,287,持分移轉,04100002
RPRQMLNJKHPFFCA87CA,康寧段二小段,30.84,都市：住,10000,149,持分移轉,04850000
RPRQMLNJKHPFFCA87CA,碧湖段一小段,7.39,都市：住,10000,149,持分移轉,08370000
RPSNMLTKJHPFFBA18CA,臨沂段四小段,12.91,都市：住,10000,636,持分移轉,03520000
RPSNMLTKJHPFFBA18CA,臨沂段四小段,60.10,都市：住,10000,636,持分移轉,03520005
RPSNMLTKJHPFFBA18CA,臨沂段四小段,.19,都市：其他:道路用地(公共設施保留地),10000,636,持分移轉,03520009
RPOOMLOKJHPFFBA47DA,華江段二小段,1.25,都市：其他:道路用地(公共設施用地,4,1,持分移轉,05370001
RPWQMLPJKHPFFCA58CA,康寧段二小段,32.52,都市：住,40000,692,持分移轉,02900000
RPWOMLNJKHPFFBA08CA,橋北段二小段,6.63,都市：其他:聯合開發區(捷),100000,162,持分移轉,06360000
RPWOMLNJKHPFFBA08CA,橋北段二小段,.04,都市：其他:聯合開發區(捷),100000,162,持分移轉,06800010
RPWOMLNJKHPFFBA08CA,橋北段二小段,.01,都市：其他:聯合開發區(捷),100000,162,持分移轉,06800011
RPSRMLPKJHPFFCA28CA,中山段三小段,6.41,都市：商,100000,478,持分移轉,06450000
RPWOMLQKJHPFFAA38DA,興隆段二小段,19.81,都市：住,10000,177,持分移轉,01850000
RPWOMLQKJHPFFAA38DA,興隆段二小段,3.33,都市：住,10000,177,持分移轉,01900003
RPQOMLRKJHPFFDA08CA,中南段二小段,32.25,都市：住,4,1,持分移轉,01610000
RPWQMLQKLHPFFCA88CA,榮星段五小段,.40,都市：住,10000,10,持分移轉,01080000
RPQOMLRKJHPFFDA08CA,中南段二小段,2.75,都市：住,4,1,持分移轉,01620000
RPUNMLOKJHPFFDA18DA,寶清段七小段,10.43,都市：商,100000,920,持分移轉,01320000
RPWOMLOJKHPFFBA18CA,文昌段一小段,31.33,都市：住,10000,342,持分移轉,06950000
RPWPMLKMJHPFFEA38CA,立農段一小段,33.72,都市：住,50000,1733,持分移轉,01650000
RPPNMLRKJHPFFCA77CA,康寧段三小段,9.40,都市：商,1000000000,14750000,持分移轉,07790000
RPUPMLQJKHPFFCA38CA,榮星段四小段,7.12,都市：住,100000,321,持分移轉,07700000
RPUPMLQJKHPFFCA38CA,榮星段四小段,3.99,都市：住,100000,321,持分移轉,07860000
RPTPMLQJKHPFFCA28CA,榮星段四小段,8.80,都市：住,100000,397,持分移轉,07700000
RPTPMLQJKHPFFCA28CA,榮星段四小段,4.94,都市：住,100000,397,持分移轉,07860000
RPRPMLPKJHPFFFA28CA,通化段一小段,.52,都市：住,10000,20,持分移轉,07770000
RPRPMLKLJHPFFBA47CA,迪化段一小段,9.11,都市：商,10000,161,持分移轉,01260000
RPSPMLQJKHPFFCA18CA,榮星段四小段,6.36,都市：住,100000,287,持分移轉,07700000
RPRPMLKLJHPFFBA47CA,迪化段一小段,10.37,都市：其他:特定專用區,10000,161,持分移轉,01260002
RPSPMLQJKHPFFCA18CA,榮星段四小段,3.57,都市：住,100000,287,持分移轉,07860000
RPSNMLKKKHPFFFA77CA,復興段三小段,3.88,都市：其他:敦化南北路特定專用區,6524,14,持分移轉,00060000
RPSNMLKKKHPFFFA77CA,復興段三小段,.64,都市：其他:敦化南北路特定專用區,6524,14,持分移轉,00060001
RPTSMLLLJHPFFCA18CA,德惠段三小段,11.18,都市：住,10000,601,持分移轉,02700000
RPOSMLLLJHPFFCA67CA,吉林段四小段,10.10,都市：商,1000000,6004,持分移轉,06420000
RPRNMLPKJHPFFDA87CA,中南段四小段,37.00,都市：住,4,1,持分移轉,05840000
RPRPMLOKJHPFFBA77CA,成功段二小段,18.66,都市：住,90000,425,持分移轉,00720000
RPUNMLPKJHPFFDA18CA,中南段二小段,30.06,都市：住,10000,88,持分移轉,03660000
RPOPMLQJKHPFFCA77CA,榮星段四小段,9.64,都市：住,100000,435,持分移轉,07700000
RPOPMLQJKHPFFCA77CA,榮星段四小段,5.41,都市：住,100000,435,持分移轉,07860000
RPTNMLPKJHPFFDA08CA,寶清段七小段,30.50,都市：商,4,1,持分移轉,02750001
RPTNMLTKJHPFFCA38CA,中山段一小段,8.58,都市：商,100000,2357,持分移轉,04490000
RPWNMLPKJHPFFDA38CA,玉成段二小段,19.00,都市：工,6,1,持分移轉,06280000
RPOQMLQJKHPFFCA87CA,榮星段四小段,8.42,都市：住,100000,380,持分移轉,07700000
RPPOMLLKKHPFFFA67CA,懷生段一小段,10.38,都市：住,16,1,持分移轉,02860000
RPOQMLQJKHPFFCA87CA,榮星段四小段,4.73,都市：住,100000,380,持分移轉,07860000
RPOOMLPKJHPFFAA47DA,萬隆段一小段,.81,都市：商,10000,12,持分移轉,00050000
RPOOMLPKJHPFFAA47DA,萬隆段一小段,.03,都市：商,10000,12,持分移轉,00240000
RPOOMLPKJHPFFAA47DA,萬隆段一小段,.54,都市：商,10000,12,持分移轉,00250000
RPPQMLQJKHPFFCA97CA,榮星段四小段,12.22,都市：住,100000,551,持分移轉,07700000
RPPQMLQJKHPFFCA97CA,榮星段四小段,6.85,都市：住,100000,551,持分移轉,07860000
RPQPMLQJKHPFFCA97CA,榮星段四小段,7.49,都市：住,100000,338,持分移轉,07700000
RPRNMLPKJHPFFCA77CA,碧湖段三小段,29.12,都市：住,10000,201,持分移轉,00160000
RPQPMLQJKHPFFCA97CA,榮星段四小段,4.20,都市：住,100000,338,持分移轉,07860000
RPRNMLPKJHPFFCA77CA,碧湖段三小段,.04,都市：住,10000,201,持分移轉,00200007
RPRNMLPKJHPFFCA77CA,碧湖段三小段,.12,都市：住,10000,201,持分移轉,00200008
RPPNMLRKJHPFFAA57CA,實踐段一小段,4.94,都市：住,128,8,持分移轉,01590000
RPPNMLRKJHPFFAA57CA,實踐段一小段,56.00,都市：住,64,8,持分移轉,01620000
RPWSMLLLJHPFFCA48CA,德惠段三小段,11.01,都市：住,10000,592,持分移轉,02700000
RPPQMLLKKHPFFCA57CA,榮星段五小段,36.50,都市：住,4,1,持分移轉,05770000
RPPNMLLKKHPFFDA37CA,福德段一小段,17.89,都市：住,10000,173,持分移轉,09220000
RPPNMLLKKHPFFDA37CA,福德段一小段,26.00,都市：住,4,1,持分移轉,09230000
RPQNMLOJKHPFFDA67CA,南港段三小段,30.08,都市：住,10000,142,持分移轉,00840000
RPQQMLQJKHPFFCA08CA,榮星段四小段,8.09,都市：住,100000,365,持分移轉,07700000
RPQQMLQJKHPFFCA08CA,榮星段四小段,4.54,都市：住,100000,365,持分移轉,07860000
RPQOMLQKJHPFFDA97CA,信義段三小段,15.19,都市：其他:特定業務區(信義計畫特定專用區)。,100000,493,持分移轉,00360008
RPRQMLKLJHPFFBA67DA,圓環段一小段,10.85,都市：住,10000,142,持分移轉,03910000
RPQPMLQKJHPFFBA97DA,青年段一小段,17.65,都市：住,10000,43,持分移轉,00630003
RPQQMLRJKHPFFCA18CA,潭美段四小段,13.45,都市：住,100000,643,持分移轉,04810000
RPSPMLQKJHPFFDA38DA,寶清段四小段,.02,都市：商,2388,1,持分移轉,05790000
RPSPMLQKJHPFFDA38DA,寶清段四小段,.05,都市：商,2388,1,持分移轉,05790001
RPPOMLQKJHPFFAA57CA,老泉段二小段,49.40,都市：其他:保護區,5,1,持分移轉,03320002
RPPOMLQKJHPFFAA57CA,老泉段二小段,42.73,都市：其他:保護區,15,1,持分移轉,03340000
RPTOMLQKJHPFFAA97CA,實踐段二小段,32.10,都市：住,10000,642,持分移轉,00330000
RPROMLLMJHPFFCA67CA,文德段四小段,14.09,都市：商,5220000,24710,持分移轉,00210000
RPQPMLMLJHPFFCA67CA,西湖段二小段,22.60,都市：住,100000,2369,持分移轉,03480000
RPTNMLLLJHPFFBA57CA,漢中段二小段,14.05,都市：商,10000,100,持分移轉,08930000
RPTNMLQKJHPFFCA08CA,德惠段二小段,31.25,都市：住,4,1,持分移轉,07860000
RPQNMLQKJHPFFFA08CA,復興段一小段,44.50,都市：商,4,1,持分移轉,00710000
RPPPMLQKJHPFFCA87CA,中山段三小段,5.14,都市：商,10000,36,持分移轉,03120000
RPQOMLRKKHPFFDA28DA,民生段,2.56,都市：住,40000,106,持分移轉,00250002
RPUOMLKLJHPFFEA97CA,關渡段二小段,9.81,都市：住,10000,76,持分移轉,00240000
RQUQMLQJKHPFFCA58CA,榮星段四小段,4.35,都市：住,100000,350,持分移轉,07860000
RPUPMLLLJHPFFDA08CA,南港段一小段,6.67,都市：商,100000,520,持分移轉,12230000
RQUQMLQJKHPFFCA58CA,榮星段四小段,7.76,都市：住,100000,350,持分移轉,07700000
RPOSMLPKJHPFFCA97CA,榮星段六小段,52.00,都市：住,4,1,持分移轉,03360000
RPSNMLQKJHPFFCA97CA,德惠段二小段,30.75,都市：住,4,1,持分移轉,07870000
RPWNMLQKJHPFFDA48CA,西松段一小段,40.25,都市：住,4,1,持分移轉,04670000
RPQNMLKLJHPFFDA37CA,永吉段一小段,22.14,都市：住,100000,1383,持分移轉,01220000
QQUQMLQJKHPFFCA48CA,榮星段四小段,6.77,都市：住,100000,544,持分移轉,07860000
QQUQMLQJKHPFFCA48CA,榮星段四小段,12.06,都市：住,100000,544,持分移轉,07700000
RPPOMLNKKHPFFCA57CA,東湖段一小段,23.46,都市：住,2000,24,持分移轉,00040003
RPWNMLQKJHPFFAA18CA,景美段一小段,30.50,都市：住,4,1,持分移轉,01440000
RPWOMLPKJHPFFFA68CA,辛亥段三小段,.14,都市：住,10000,1,持分移轉,04690000
RPWOMLPKJHPFFFA68CA,辛亥段三小段,.38,都市：住,300000,30,持分移轉,04770000
RPPPMLNJKHPFFAA37CA,政大段四小段,39.52,都市：住,100000,2438,持分移轉,05890000
RPSOMLTKJHPFFCA48DA,中山段二小段,6.35,都市：商,100000,600,持分移轉,01770000
RPOQMLKMJHPFFEA67CA,新安段四小段,716.36,都市：住,1,1,全筆移轉,00480000
RPOQMLKMJHPFFEA67CA,新安段四小段,685.41,都市：住,1,1,全筆移轉,00490000
RPQPMLPKJHPFFEA08CA,芝山段二小段,33.12,都市：住,40,1,持分移轉,00300000
RPQPMLPKJHPFFEA08CA,芝山段二小段,.09,都市：住,10000,1,持分移轉,00650000
RPQPMLPKJHPFFEA08CA,芝山段二小段,.00,都市：其他:道路用地,10000,1,持分移轉,00650003
RPQPMLPKJHPFFEA08CA,芝山段二小段,.07,都市：住,10000,1,持分移轉,00650004
RPQPMLPKJHPFFEA08CA,芝山段二小段,.00,都市：其他:道路用地,10000,1,持分移轉,00650005
RPUQMLQJKHPFFCA48CA,榮星段四小段,11.68,都市：住,100000,527,持分移轉,07700000
RPUQMLQJKHPFFCA48CA,榮星段四小段,6.56,都市：住,100000,527,持分移轉,07860000
RPQPMLPKJHPFFAA67CA,興泰段三小段,23.40,都市：住,10000,57,持分移轉,03610000
SPUQMLQJKHPFFCA58CA,榮星段四小段,6.85,都市：住,100000,551,持分移轉,07860000
SPUQMLQJKHPFFCA58CA,榮星段四小段,12.22,都市：住,100000,551,持分移轉,07700000
RPTNMLKLJHPFFFA87CA,仁愛段五小段,.73,都市：商,34183,211,持分移轉,02400000
RPTNMLKLJHPFFFA87CA,仁愛段五小段,.14,都市：商,7563,42,持分移轉,02410000
RPOQMLQKJHPFFCA87CA,正義段一小段,63.82,都市：商,1320,120,持分移轉,02950000
RPTNMLKLJHPFFFA87CA,仁愛段五小段,.20,都市：商,10285,60,持分移轉,02420000
RPTNMLKLJHPFFFA87CA,仁愛段五小段,.25,都市：商,11495,60,持分移轉,02470000
RPTNMLKLJHPFFFA87CA,仁愛段五小段,.49,都市：商,22385,120,持分移轉,02480000
RPTNMLKLJHPFFFA87CA,仁愛段五小段,4.42,都市：商,235345,1331,持分移轉,02490000
RPTNMLKLJHPFFFA87CA,仁愛段五小段,2.52,都市：商,151250,756,持分移轉,02500000
RPPQMLNJKHPFFDA77CA,南港段一小段,7.06,都市：商,100000,550,持分移轉,12230000
RPXPMLOJKHPFFDA58CA,西松段二小段,3.37,都市：住,10000,46,持分移轉,00160004
RPXPMLOJKHPFFDA58CA,西松段二小段,7.39,都市：商,10000,46,持分移轉,00170000
RPPRMLKLJHPFFDA67CA,寶清段五小段,19.79,都市：其他:第三種住宅區。,6000,462,持分移轉,01380000
RPVNMLQKJHPFFFA58CA,通化段四小段,1.83,都市：商,10000,457,持分移轉,00580000
RPVNMLQKJHPFFFA58CA,通化段四小段,10.92,都市：商,10000,457,持分移轉,00580001
RPVNMLQKJHPFFFA58CA,通化段四小段,1.28,都市：商,10000,457,持分移轉,00610000
RPXNMLRKJHPFFBA48CA,延平段一小段,2.39,都市：商,20000,126,持分移轉,00290000
RPTNMLLMJHPFFBA67CA,雙園段一小段,42.00,都市：住,2,1,持分移轉,04710000
UPUQMLQJKHPFFCA78CA,榮星段四小段,5.40,都市：住,100000,434,持分移轉,07860000
UPUQMLQJKHPFFCA78CA,榮星段四小段,9.62,都市：住,100000,434,持分移轉,07700000
RPSNMLLLJHPFFDA67CA,三興段二小段,18.20,都市：住,100000,2619,持分移轉,05410000
RPPOMLLLJHPFFAA17CA,華興段一小段,48.30,都市：住,10000,242,持分移轉,01180000
RPWNMLLLJHPFFDA08CA,逸仙段二小段,18.90,都市：住,15170,265,持分移轉,04530003
RPWNMLLLJHPFFDA08CA,逸仙段二小段,7.60,都市：住,15170,265,持分移轉,04530000
RPVOMLNJKHPFFDA18CA,民生段,39.50,都市：住,4,1,持分移轉,00590019
RPRNMLTJKHPFFDA28CA,美仁段二小段,2.48,都市：住,10000,46,持分移轉,07660000
RPRNMLTJKHPFFDA28CA,美仁段二小段,6.18,都市：住,10000,46,持分移轉,07730000
RPRNMLTJKHPFFDA28CA,美仁段二小段,7.02,都市：住,10000,46,持分移轉,07730001
RPRQMLQJKHPFFCA18CA,榮星段四小段,8.69,都市：住,100000,392,持分移轉,07700000
RPRQMLQJKHPFFCA18CA,榮星段四小段,4.88,都市：住,100000,392,持分移轉,07860000
RPQNMLQKJHPFFEA97CA,立農段二小段,1.56,都市：住,36,1,持分移轉,02180001
RPQNMLQKJHPFFEA97CA,立農段二小段,27.92,都市：住,36,1,持分移轉,02190000
VPUQMLQJKHPFFCA88CA,榮星段四小段,6.56,都市：住,100000,527,持分移轉,07860000
VPUQMLQJKHPFFCA88CA,榮星段四小段,11.68,都市：住,100000,527,持分移轉,07700000
TPUQMLQJKHPFFCA68CA,榮星段四小段,3.76,都市：住,100000,302,持分移轉,07860000
RPSQMLQJKHPFFCA28CA,榮星段四小段,7.43,都市：住,100000,335,持分移轉,07700000
TPUQMLQJKHPFFCA68CA,榮星段四小段,6.70,都市：住,100000,302,持分移轉,07700000
RPSQMLQJKHPFFCA28CA,榮星段四小段,4.17,都市：住,100000,335,持分移轉,07860000
RPTRMLPKJHPFFCA38CA,正義段一小段,17.50,都市：商,6,1,持分移轉,00780000
RPPPMLMLJHPFFCA57CA,西湖段二小段,22.60,都市：住,100000,2369,持分移轉,03480000
RPUNMLQKJHPFFEA38CA,芝蘭段一小段,270.16,都市：其他:道路用地,7,6,持分移轉,01200001
RPUNMLRKJHPFFFA58CA,仁愛段六小段,.24,都市：商,10000,31,持分移轉,03800001
RPUNMLRKJHPFFFA58CA,仁愛段六小段,5.16,都市：商,10000,30,持分移轉,03800000
RPUQMLKKKHPFFDA08CA,西松段一小段,65.00,都市：其他:道路用地,6,2,持分移轉,03090000
RPUQMLKKKHPFFDA08CA,西松段一小段,150.00,都市：其他:道路用地,1,1,全筆移轉,06740000
RPUQMLKKKHPFFDA08CA,西松段一小段,131.00,都市：其他:道路用地,1,1,全筆移轉,06740001
RPUQMLKKKHPFFDA08CA,西松段一小段,132.00,都市：其他:道路用地,1,1,全筆移轉,06740002
RPUQMLKKKHPFFDA08CA,西松段一小段,5.00,都市：其他:道路用地,6,5,持分移轉,06740005
RPUQMLKKKHPFFDA08CA,西松段一小段,1.33,都市：其他:道路用地,6,2,持分移轉,07450000
RPTQMLQJKHPFFCA38CA,榮星段四小段,12.22,都市：住,100000,551,持分移轉,07700000
RPTQMLQJKHPFFCA38CA,榮星段四小段,6.85,都市：住,100000,551,持分移轉,07860000
RPVNMLOJKHPFFCA08CA,潭美段四小段,42.34,都市：住,10000,395,持分移轉,03230000
RPVNMLOJKHPFFCA08CA,潭美段四小段,5.55,都市：其他:道路用地,31,1,持分移轉,03340003
RPRUMLLLJHPFFCA18CA,長春段三小段,12.83,都市：住,10000,192,持分移轉,01980000
RPTQMLKLJHPFFDA97CA,中南段四小段,47.67,都市：住,10000,191,持分移轉,04700000
WPUQMLQJKHPFFCA98CA,榮星段四小段,6.58,都市：住,100000,529,持分移轉,07860000
WPUQMLQJKHPFFCA98CA,榮星段四小段,11.73,都市：住,100000,529,持分移轉,07700000
XPUQMLQJKHPFFCA09CA,榮星段四小段,4.35,都市：住,100000,350,持分移轉,07860000
XPUQMLQJKHPFFCA09CA,榮星段四小段,7.76,都市：住,100000,350,持分移轉,07700000
ZPUQMLQJKHPFFCA66CA,榮星段四小段,6.56,都市：住,100000,527,持分移轉,07860000
ZPUQMLQJKHPFFCA66CA,榮星段四小段,11.68,都市：住,100000,527,持分移轉,07700000
RPVPMLNJKHPFFCA18CA,康寧段三小段,12.21,都市：住,10000,934,持分移轉,04300024
RPUOMLQKJHPFFCA28CA,北安段二小段,23.00,都市：住,4,1,持分移轉,06240000
RPTUMLLLJHPFFCA38CA,長春段三小段,3.11,都市：商,10000,31,持分移轉,00820000
RPTUMLLLJHPFFCA38CA,長春段三小段,.04,都市：商,10000,31,持分移轉,00890001
RPUOMLQKJHPFFAA08CA,南海段三小段,.28,都市：商,10000,5,持分移轉,01570000
RPUOMLQKJHPFFAA08CA,南海段三小段,.03,都市：住,10000,5,持分移轉,01580001
RPTRMLRKJHPFFCA58CA,東湖段一小段,35.35,都市：住,10000,44,持分移轉,00300001
RPQSMLNKKHPFFCA08CA,金泰段,66.87,都市：其他:娛樂區(供觀光旅館使用)。,20000,53,持分移轉,00290000
RPQOMLQKJHPFFBA87DA,中正段二小段,12.40,都市：住,6000,244,持分移轉,00270000
RPXNMLQKJHPFFEA68CA,立農段一小段,35.75,都市：住,4,1,持分移轉,03540000
RPRPMLRKJHPFFBA18DA,莒光段二小段,25.50,都市：住,6,1,持分移轉,01480001
RPRPMLRKJHPFFBA18DA,莒光段二小段,.83,都市：其他:道路用地(公共設施用地),6,1,持分移轉,01480002
RPQOMLQKJHPFFBA87DA,中正段二小段,.41,都市：其他:道路用地(公共設施用地),6000,244,持分移轉,00270001
RPRPMLRKJHPFFBA18DA,莒光段二小段,.17,都市：其他:道路用地(公共設施用地),6,1,持分移轉,01480003
RPQOMLQKJHPFFBA87DA,中正段二小段,2.16,都市：住,6000,244,持分移轉,00270002
RPQOMLQKJHPFFBA87DA,中正段二小段,16.55,都市：住,6000,244,持分移轉,00270003
SQUQMLQJKHPFFCA68CA,榮星段四小段,5.92,都市：住,100000,476,持分移轉,07860000
RPRSMLKLJHPFFCA87CA,碧湖段四小段,36.85,都市：住,10000,76,持分移轉,02560000
SQUQMLQJKHPFFCA68CA,榮星段四小段,10.55,都市：住,100000,476,持分移轉,07700000
RPWOMLPKKHPFFDA58CA,虎林段四小段,.08,都市：商,100000,10,持分移轉,00970000
RPTPMLLLJHPFFBA77CA,福星段二小段,77.00,都市：商,1,1,全筆移轉,02810000
RPWNMLKMJHPFFAA77CA,南海段二小段,1.08,都市：商,10000,114,持分移轉,01720000
RPTPMLLLJHPFFBA77CA,福星段二小段,15.00,都市：商,1,1,全筆移轉,02910000
RPWNMLKMJHPFFAA77CA,南海段二小段,5.31,都市：商,10000,114,持分移轉,02050000
RPTPMLLLJHPFFBA77CA,福星段二小段,48.00,都市：商,1,1,全筆移轉,02920000
RPSNMLQKJHPFFBA87CA,福星段四小段,3.34,都市：商,100000,451,持分移轉,04430000
RPXOMLPKJHPFFAA28CA,興隆段一小段,25.47,都市：住,10000,62,持分移轉,02710000
RPSNMLQKJHPFFBA87CA,福星段四小段,.00,都市：其他:道路用地(公共設施用地),100000,451,持分移轉,04450002
RPUOMLSKKHPFFDA78DA,虎林段一小段,12.71,都市：住,10000,229,持分移轉,04900000
YPUQMLQJKHPFFCA56CA,榮星段四小段,5.73,都市：住,100000,461,持分移轉,07860000
YPUQMLQJKHPFFCA56CA,榮星段四小段,10.22,都市：住,100000,461,持分移轉,07700000
RPRPMLPKJHPFFBA87CA,莒光段三小段,29.92,都市：住,10000,181,持分移轉,04640001
RPRPMLPKJHPFFBA87CA,莒光段三小段,3.06,都市：住,10000,181,持分移轉,04640000
RPOPMLRKJHPFFDA97CA,新光段二小段,27.55,都市：住,82800,2755,持分移轉,05180000
RPTNMLMLJHPFFDA87CA,玉成段三小段,28.93,都市：住,10000,282,持分移轉,06000000
RPWOMLRJKHPFFDA68CA,中南段二小段,30.06,都市：住,10000,88,持分移轉,03660000
RPWPMLKLJHPFFBA08DA,橋北段三小段,8.60,都市：住,20000,483,持分移轉,09110000
RPWPMLKLJHPFFBA08DA,橋北段三小段,.19,都市：其他:道路用地(公共設施用地),20000,483,持分移轉,09110001
RPWPMLKLJHPFFBA08DA,橋北段三小段,.05,都市：其他:道路用地(公共設施用地),20000,483,持分移轉,09110002
RPXNMLQKJHPFFFA88DA,辛亥段六小段,14.70,都市：住,4820,147,持分移轉,00260005
RPXNMLQKJHPFFFA88DA,辛亥段六小段,14.90,都市：住,4910,149,持分移轉,00260015
RPUQMLKLJHPFFCA08DA,吉林段四小段,11.04,都市：商,10000,216,持分移轉,04960000
RPSPMLKLJHPFFEA87CA,立農段三小段,18.38,都市：住,100000,4633,持分移轉,01280000
RPPNMLMLJHPFFCA47DA,吉林段五小段,6.12,都市：其他:市場用地,10000,12,持分移轉,03360001
RPSOMLLLJHPFFCA67CA,東湖段一小段,8.83,都市：住,100000,289,持分移轉,00150002
RPROMLLKKHPFFEA77CA,天山段二小段,8.22,都市：住,42400,110,持分移轉,04690000
RPPPMLKLJHPFFAA27DA,公訓段三小段,59.13,都市：住,10000,27,持分移轉,01450000
RPPPMLKLJHPFFAA27DA,公訓段三小段,3.63,都市：住,10000,27,持分移轉,01450001
RPQOMLQKJHPFFFA18CA,仁愛段二小段,16.02,都市：商,1000,143,持分移轉,00310000
RPQOMLQKJHPFFFA18CA,仁愛段二小段,38.90,都市：商,1000,143,持分移轉,00310001
RPSRMLQKJHPFFCA38CA,吉林段四小段,10.01,都市：商,100000,3708,持分移轉,05260000
RPRNMLRKJHPFFCA97CA,正義段二小段,26.00,都市：商,36,6,持分移轉,02140000
RPQPMLQKJHPFFDA08CA,新光段三小段,30.40,都市：住,20,1,持分移轉,01630000
RPWNMLMLJHPFFEA38DA,天山段二小段,25.26,都市：住,10000,133,持分移轉,03830000
RPRNMLMLJHPFFEA87DA,芝山段二小段,25.49,都市：住,10000,804,持分移轉,06330000
RPQNMLRKJHPFFDA97CA,永吉段二小段,30.82,都市：住,100000,3936,持分移轉,01710000
RPSNMLRKJHPFFEA28CA,行義段三小段,10.13,都市：住,10000,75,持分移轉,05350000
RPSNMLPLKHPFFEA28CA,永平段三小段,33.67,都市：住,3,1,持分移轉,00440000
RPPOMLTKJHPFFCA18DA,金泰段,47.09,都市：住,500000,224,持分移轉,00720000
RPRQMLKLJHPFFCA77DA,石潭段三小段,38.44,都市：其他:高速公路用地(公共設施用地),2880,63,持分移轉,01360000
RPRQMLKLJHPFFCA77DA,石潭段三小段,23.88,都市：其他:高速公路用地(公共設施用地),2880,63,持分移轉,01370000
RPRQMLKLJHPFFCA77DA,石潭段三小段,32.75,都市：其他:高速公路用地(公共設施用地),2880,63,持分移轉,01410000
RPRQMLKLJHPFFCA77DA,石潭段三小段,6.80,都市：其他:高速公路用地(公共設施用地),2880,63,持分移轉,01420000
RPRQMLKLJHPFFCA77DA,石潭段三小段,24.10,都市：其他:高速公路用地(公共設施用地),2880,33,持分移轉,01430000
RPRQMLKLJHPFFCA77DA,石潭段三小段,47.25,都市：其他:高速公路用地(公共設施用地),32,1,持分移轉,01490000
RPSQMLKLJHPFFCA77CA,長安段一小段,28.51,都市：住,10000,617,持分移轉,03030000
RPRNMLQJKHPFFBA77CA,大同段一小段,26.00,都市：商,1,1,全筆移轉,02330000
RPPOMLLLJHPFFFA67CA,學府段四小段,14.00,都市：住,10000,172,持分移轉,01930000
RPPOMLLLJHPFFFA67CA,學府段四小段,3.75,都市：住,10000,172,持分移轉,01930001
RPSNMLRKJHPFFCA08CA,石潭段三小段,25.67,都市：住,100000,519,持分移轉,06580000
RPPNMLRKJHPFFFA08CA,懷生段二小段,.79,都市：住,100000,655,持分移轉,05770000
RPPNMLRKJHPFFFA08CA,懷生段二小段,2.38,都市：商,100000,655,持分移轉,05780000
RPPPMLOKKHPFFCA77CA,中山段三小段,9.30,都市：商,10000,210,持分移轉,02980000
RPUNMLMKKHPFFEA08CA,天山段二小段,54.26,都市：住,1000,42,持分移轉,04820000
RPROMLKLJHPFFBA47DA,臨沂段一小段,1.29,都市：商,100000,134,持分移轉,04520000
RPROMLKLJHPFFBA47DA,臨沂段一小段,.45,都市：商,100000,134,持分移轉,04700001
RPPQMLLLJHPFFDA67CA,敦化段三小段,19.36,都市：住,14,1,持分移轉,02040000
RPRNMLRKJHPFFFA28CA,仁愛段二小段,39.53,都市：住,681000,73560,持分移轉,05840001
RPRNMLMLJHPFFCA57CA,康寧段三小段,14.08,都市：住,10000,18,持分移轉,03810000
RPTNMLRKJHPFFEA38CA,大業段四小段,8.44,都市：工,100000,215,持分移轉,05600000
RPRPMLKLJHPFFFA97DA,仁愛段六小段,7.01,都市：住,100000,2922,持分移轉,04540000
RPVQMLOJKHPFFCA38CA,吉林段三小段,31.22,都市：商,90000,398,持分移轉,09210000
RPVQMLOJKHPFFCA38CA,吉林段三小段,.06,都市：其他:道路用地(公共設施用地),90000,398,持分移轉,09210006
RPVQMLOJKHPFFCA38CA,吉林段三小段,.02,都市：其他:道路用地(公共設施用地),90000,398,持分移轉,09210007
RPWOMLOLKHPFFDA58CA,信義段一小段,18.02,都市：住,10000,18,持分移轉,02690000
RPPOMLPJKHPFFDA77CA,福德段四小段,14.50,都市：住,8,1,持分移轉,00400000
RPPQMLKLJHPFFCA57DA,石潭段二小段,90.61,都市：其他:公園用地(公共設施用地),32,1,持分移轉,02840000
RPPQMLKLJHPFFCA57DA,石潭段二小段,105.01,都市：其他:公園用地(公共設施用地),160000,4475,持分移轉,03000000
RPPOMLPJKHPFFDA77CA,福德段四小段,6.00,都市：住,4,1,持分移轉,00400001
RPPOMLLKKHPFFDA47CA,寶清段一小段,24.22,都市：住,10000,578,持分移轉,03500000
RPQNMLQJKHPFFBA67CA,大同段一小段,24.00,都市：商,1,1,全筆移轉,02320000
RPWNMLOJKHPFFFA48CA,辛亥段六小段,39.69,都市：住,16,1,持分移轉,00390000
RPQNMLOKKHPFFAA57DA,萬隆段二小段,35.61,都市：住,100000,387,持分移轉,04990000
RPPOMLKLJHPFFAA07CA,政大段二小段,13.97,都市：住,100000,467,持分移轉,04730000
RPSNMLRKJHPFFDA28DA,敦化段一小段,4.48,都市：住,20000,111,持分移轉,07240000
RPSNMLRKJHPFFDA28DA,敦化段一小段,1.10,都市：住,20000,1221,持分移轉,07090000
RPSNMLRKJHPFFDA28DA,敦化段一小段,.06,都市：住,20000,111,持分移轉,07150000
RPSNMLRKJHPFFDA28DA,敦化段一小段,7.56,都市：住,4000,27,持分移轉,07160000
RPSNMLRKJHPFFDA28DA,敦化段一小段,.66,都市：住,10000,10,持分移轉,07190000
RPSNMLRKJHPFFDA28DA,敦化段一小段,.13,都市：住,20000,111,持分移轉,07210000
RPSNMLRKJHPFFDA28DA,敦化段一小段,.22,都市：住,20000,111,持分移轉,07230000
RPSOMLKLJHPFFBA57DA,城中段二小段,8.67,都市：商,100000,279,持分移轉,02460000
RPQOMLLMJHPFFAA37CA,萬慶段二小段,32.50,都市：住,4,1,持分移轉,08100000
RPQNMLRKJHPFFCA87CA,東湖段五小段,21.54,都市：住,10000,70,持分移轉,02820000
RPWPMLRKJHPFFBA58CA,圓環段三小段,6.03,都市：商,10000,58,持分移轉,03140000
RPTOMLRKJHPFFEA48CA,溫泉段一小段,2.66,都市：商,10000,28,持分移轉,02590000
RPTOMLRKJHPFFEA48CA,溫泉段一小段,5.13,都市：住,10000,28,持分移轉,02630000
RPOOMLRKJHPFFBA67CA,延平段一小段,13.71,都市：商,100000000,1620105,持分移轉,01540000
RPXNMLPJKHPFFEA68DA,天山段一小段,13.62,都市：其他:道路用地,1,1,全筆移轉,04420005
RPTOMLRKKHPFFDA58DA,民生段,2.56,都市：住,40000,106,持分移轉,00250002
RPXNMLPJKHPFFEA68DA,天山段一小段,3.64,都市：其他:道路用地,1,1,全筆移轉,04420006
RPXNMLPJKHPFFEA68DA,天山段一小段,18.29,都市：其他:道路用地,1,1,全筆移轉,04420007
RPQPMLKLJHPFFEA67CA,文林段一小段,31.75,都市：住,10000,161,持分移轉,03760000
RPQPMLKLJHPFFEA67CA,文林段一小段,.34,都市：其他:道路用地,10000,161,持分移轉,03760004
RPQPMLKLJHPFFEA67CA,文林段一小段,1.03,都市：住,10000,161,持分移轉,03770000
RPQPMLKLJHPFFEA67CA,文林段一小段,1.29,都市：住,10000,161,持分移轉,03800000
RPQPMLKLJHPFFEA67CA,文林段一小段,.05,都市：住,10000,161,持分移轉,03820000
RPSOMLLLJHPFFDA77CA,新光段三小段,22.75,都市：住,4,1,持分移轉,04790000
RPQNMLLMJHPFFDA57CA,福德段一小段,24.99,都市：住,20000,980,持分移轉,08200000
RPQNMLLJKHPFFCA27CA,榮星段二小段,36.00,都市：住,10000,221,持分移轉,02010000
RPTNMLKLJHPFFEA77CA,行義段三小段,30.54,都市：住,10000,256,持分移轉,02270000
RPWNMLTKJHPFFCA78DA,碧湖段一小段,19.80,都市：住,5,1,持分移轉,07040000
RPRRMLKLJHPFFDA97DA,福德段三小段,19.11,都市：住,10000,84,持分移轉,03270000
RPOPMLKLJHPFFBA17CA,龍山段一小段,29.00,都市：商,2,1,持分移轉,08760000
RPRNMLLLJHPFFBA37CA,延平段一小段,3.25,都市：商,10000,62,持分移轉,00020000
RPTOMLOLKHPFFBA08CA,華江段三小段,34.79,都市：其他:特定專用區,100,1,持分移轉,05950002
RPVNMLOJKHPFFDA18CA,民生段,35.50,都市：住,4,1,持分移轉,01070012
RPPNMLLLJHPFFBA17CA,福星段四小段,1.88,都市：商,10000,17,持分移轉,02080000
RPQNMLTKJHPFFEA28CA,芝蘭段一小段,.02,都市：住,10000,9,持分移轉,01760000
RPQNMLTKJHPFFEA28CA,芝蘭段一小段,.94,都市：住,10000,9,持分移轉,01750000
RPQNMLTKJHPFFEA28CA,芝蘭段一小段,.13,都市：住,10000,9,持分移轉,01770000
RPQNMLTKJHPFFEA28CA,芝蘭段一小段,.00,都市：住,10000,9,持分移轉,01780000
RPXNMLMLJHPFFAA97CA,興隆段三小段,52.20,都市：住,10000,2559,持分移轉,04060000
RPQNMLTKJHPFFEA28CA,芝蘭段一小段,7.30,都市：住,10000,23,持分移轉,01790000
RPQNMLMKKHPFFFA77CA,金華段四小段,28.20,都市：住,10000,943,持分移轉,02200000
RPVRMLKLJHPFFCA28DA,北安段三小段,21.60,都市：住,10000,66,持分移轉,06050000
RPQOMLKLJHPFFDA47CA,玉成段三小段,10.84,都市：商,10000,437,持分移轉,02360000
RPPOMLOJKHPFFEA77CA,福順段一小段,27.28,都市：住,100000,4158,持分移轉,04170000
RPPOMLOJKHPFFEA77CA,福順段一小段,2.41,都市：住,100000,4158,持分移轉,04170001
RPUTMLLLJHPFFCA38CA,石潭段四小段,4.60,都市：住,100,1,持分移轉,01380000
RPUTMLLLJHPFFCA38CA,石潭段四小段,5.01,都市：住,100,1,持分移轉,01900000
RPPNMLNLJHPFFAA27CA,木柵段二小段,23.50,都市：住,12,2,持分移轉,03470000
RPUPMLRKJHPFFBA38CA,雙園段三小段,3.06,都市：住,10000,134,持分移轉,03420001
RPUPMLRKJHPFFBA38CA,雙園段三小段,14.32,都市：住,10000,134,持分移轉,03420000
RPRPMLKLJHPFFEA77CA,豐年段二小段,23.99,都市：其他:第三種住宅區。,3750,79,持分移轉,01450000
RPRSMLRKJHPFFCA48CA,吉林段四小段,26.63,都市：商,10000,85,持分移轉,09230000
RPXRMLKLJHPFFCA48DA,大湖段二小段,53.70,都市：住,10000,1000,持分移轉,00070010
RPPNMLMLJHPFFFA67CA,瑞安段一小段,31.22,都市：住,44658,112,持分移轉,02940000
RPRNMLSKJHPFFEA38DA,百齡段三小段,57.33,都市：住,3,1,持分移轉,04700000
RPPNMLMLJHPFFFA67CA,瑞安段一小段,.01,都市：其他:道路用地,44658,112,持分移轉,02940001
RPPNMLPKKHPFFDA77CA,西松段三小段,21.50,都市：住,10000,118,持分移轉,07560000
RPTOMLLKKHPFFBA67CA,青年段一小段,1.80,都市：住,100000,259,持分移轉,07110000
RPTOMLLKKHPFFBA67CA,青年段一小段,.86,都市：住,100000,259,持分移轉,07110003
RPROMLLKKHPFFBA47CA,青年段一小段,1.60,都市：住,100000,230,持分移轉,07110000
RPTOMLLKKHPFFBA67CA,青年段二小段,42.63,都市：住,100000,259,持分移轉,00180000
RPTOMLLKKHPFFBA67CA,青年段二小段,.34,都市：住,100000,259,持分移轉,00180039
RPROMLLKKHPFFBA47CA,青年段二小段,37.86,都市：住,100000,230,持分移轉,00180000
RPQOMLLKKHPFFBA37CA,青年段一小段,1.60,都市：住,100000,230,持分移轉,07110000
RPROMLLKKHPFFBA47CA,青年段二小段,.30,都市：住,100000,230,持分移轉,00180039
RPROMLLKKHPFFBA47CA,青年段一小段,.76,都市：住,100000,230,持分移轉,07110003
RPRPMLOJKHPFFAA67CA,華興段三小段,30.79,都市：住,10000,235,持分移轉,02860000
RPQOMLLKKHPFFBA37CA,青年段二小段,37.86,都市：住,100000,230,持分移轉,00180000
RPRQMLMJLHPFFCA87CA,吉林段四小段,.31,都市：商,10000,1,持分移轉,09230000
RPQOMLLKKHPFFBA37CA,青年段二小段,.30,都市：住,100000,230,持分移轉,00180039
RPQOMLLKKHPFFBA37CA,青年段一小段,.76,都市：住,100000,230,持分移轉,07110003
RPTPMLOJKHPFFEA28CA,溫泉段三小段,64.50,都市：住,6,1,持分移轉,02740000
RPSNMLKLJHPFFCA47CA,東湖段八小段,29.93,都市：住,100000,1285,持分移轉,00400000
RPQQMLKLJHPFFBA47CA,龍山段一小段,2.25,都市：商,10000,28,持分移轉,00320000
RPQQMLKLJHPFFBA47CA,龍山段一小段,.32,都市：商,88000,250,持分移轉,00330000
RPQQMLKLJHPFFBA47CA,龍山段一小段,.06,都市：商,88000,250,持分移轉,00340000
RPQNMLKMJHPFFDA47CA,永吉段一小段,11.66,都市：住,100000,728,持分移轉,01220000
RPRNMLLKKHPFFEA67CA,百齡段二小段,33.50,都市：住,4,1,持分移轉,02820000
RPVNMLMLJHPFFAA77CA,河堤段三小段,4.20,都市：住,1000,10,持分移轉,00710000
RPPNMLPKKHPFFBA57CA,莒光段二小段,150.00,都市：住,1,1,全筆移轉,01860000
RPSOMLLKKHPFFBA57CA,青年段一小段,1.60,都市：住,100000,230,持分移轉,07110000
RPSOMLLKKHPFFBA57CA,青年段二小段,37.86,都市：住,100000,230,持分移轉,00180000
RPSOMLLKKHPFFBA57CA,青年段二小段,.30,都市：住,100000,230,持分移轉,00180039
RPSOMLLKKHPFFBA57CA,青年段一小段,.76,都市：住,100000,230,持分移轉,07110003
RPOOMLLKKHPFFBA17CA,青年段一小段,20.86,都市：住,100000,560,持分移轉,01240002
RPOOMLLKKHPFFBA17CA,青年段一小段,19.61,都市：住,100000,560,持分移轉,01250000
RPQNMLKLJHPFFBA17CA,華江段二小段,9.13,都市：住,9600,97,持分移轉,00220000
RPQNMLKLJHPFFBA17CA,華江段二小段,3.21,都市：住,9600,97,持分移轉,00220001
RPOOMLKLJHPFFEA37CA,大屯段一小段,190.26,都市：其他:陽明山國家公園區,1,1,全筆移轉,04450000
RPUOMLKMJHPFFFA28DA,瑞安段二小段,46.25,都市：住,4,1,持分移轉,07990000
RPQPMLOKKHPFFEA08CA,天山段一小段,23.22,都市：住,10000,203,持分移轉,04380000
RPSNMLLKKHPFFAA37CA,萬隆段二小段,35.61,都市：住,100000,387,持分移轉,04990000
RPXOMLRKJHPFFAA48CA,河堤段一小段,50.75,都市：住,4,1,持分移轉,05360000
RPVQMLKLJHPFFDA18CA,新光段三小段,22.75,都市：住,4,1,持分移轉,02820000
RPROMLKLJHPFFAA27CA,興隆段一小段,8.78,都市：住,10000,26,持分移轉,03760000
RPSNMLOKKHPFFFA18CA,懷生段二小段,24.76,都市：住,10000,255,持分移轉,04770000
RPTNMLTJKHPFFDA48CA,民生段,16.80,都市：住,10,1,持分移轉,00300030
RPPNMLRJKHPFFFA08CA,瑞安段三小段,22.60,都市：住,10000,614,持分移轉,03760000
RPPNMLRJKHPFFFA08CA,瑞安段三小段,21.98,都市：住,10000,614,持分移轉,03770000
RPUPMLRJKHPFFBA38CA,漢中段一小段,4.74,都市：商,10000,179,持分移轉,07770000
RPRNMLTKJHPFFBA08CA,直興段三小段,10.10,都市：商,100000,730,持分移轉,03350000
RPPNMLNJKHPFFFA67CA,通化段三小段,.02,都市：商,100000,5,持分移轉,00890000
RPOQMLRKJHPFFCA97CA,西湖段一小段,20.37,都市：住,10000,420,持分移轉,07690000
RPOQMLRKJHPFFCA97CA,西湖段一小段,8.82,都市：住,10000,420,持分移轉,07700000
RPTOMLNJKHPFFCA87CA,康寧段三小段,17.01,都市：其他:市場用地,100000,411,持分移轉,02670001
RPRQMLKLJHPFFDA77CA,新光段三小段,14.00,都市：住,4,1,持分移轉,03030000
RPXPMLMLJHPFFAA18CA,景美段二小段,.35,都市：住,10000,15,持分移轉,00200000
RPSNMLKLJHPFFEA67CA,文林段一小段,30.14,都市：住,300000,3675,持分移轉,04760000
RPSNMLKLJHPFFEA67CA,文林段一小段,13.90,都市：住,300000,3675,持分移轉,04760012
RPRPMLLKKHPFFEA87CA,大業段二小段,23.75,都市：住,4,1,持分移轉,02980000
RPRPMLLKKHPFFEA87CA,大業段二小段,.75,都市：其他:道路用地(公共設施用地),4,1,持分移轉,02990000
RPUNMLMLJHPFFCA87CA,康寧段二小段,34.79,都市：住,10000,88,持分移轉,00670000
RPOPMLRJKHPFFCA87CA,碧湖段四小段,27.47,都市：住,10000,335,持分移轉,06850000
RPXPMLKKKHPFFDA28CA,南港段四小段,25.44,都市：住,50,1,持分移轉,02410000
RPUNMLLLJHPFFCA77CA,正義段二小段,9.14,都市：商,1030000,32570,持分移轉,01030000
RPUNMLLLJHPFFCA77CA,正義段二小段,9.68,都市：商,1030000,32570,持分移轉,01080000
RPRQMLNJKHPFFDA97CA,敦化段一小段,16.33,都市：商,10000,118,持分移轉,00970000
RPTNMLLLJHPFFEA87CA,蘭雅段三小段,18.56,都市：住,1000,67,持分移轉,04980000
RPTNMLLLJHPFFEA87CA,蘭雅段三小段,26.40,都市：住,1000,67,持分移轉,05740000
RPPNMLTJKHPFFFA28CA,瑞安段二小段,28.30,都市：住,10000,83,持分移轉,00720000
RPUNMLKMJHPFFAA57CA,南海段二小段,1.08,都市：商,10000,114,持分移轉,01720000
RPUNMLKMJHPFFAA57CA,南海段二小段,5.31,都市：商,10000,114,持分移轉,02050000
RPTRMLKLJHPFFCA97CA,東湖段三小段,75.84,都市：住,10000,905,持分移轉,00040002
RPTTMLLLJHPFFCA28CA,德惠段二小段,13.35,都市：住,10000,49,持分移轉,10480000
RPTTMLLLJHPFFCA28CA,德惠段二小段,2.91,都市：住,10000,49,持分移轉,10490000
RPUPMLKLJHPFFBA77CA,華中段三小段,32.25,都市：住,4,1,持分移轉,02290000
RPXOMLNJKHPFFCA28CA,西湖段四小段,170.87,都市：其他:科技工業區,1,1,全筆移轉,02570000
RPSTMLLLJHPFFCA28DA,正義段二小段,5.32,都市：商,100000,1683,持分移轉,02550000
RPPQMLKMJHPFFCA57CA,東湖段一小段,29.99,都市：住,12000000,762480,持分移轉,00220000
RPXPMLLMJHPFFCA38CA,西湖段四小段,53.15,都市：其他:科技工業區(A區),100000,646,持分移轉,01570000
RPPRMLPJKHPFFCA97CA,長安段三小段,10.15,都市：商,1920,40,持分移轉,04400000
RPSOMLOJKHPFFCA97DA,西湖段一小段,58.26,都市：住,10000,355,持分移轉,06520000
RPQNMLTLJHPFFFA48CA,懷生段二小段,3.28,都市：商,40000,820,持分移轉,00220000
RPQNMLTLJHPFFFA48CA,懷生段二小段,8.36,都市：商,40000,820,持分移轉,00220002
RPQOMLRJKHPFFAA77CA,景美段一小段,10.67,都市：其他:市場用地,10000,56,持分移轉,03800000
RPQOMLRJKHPFFAA77CA,景美段一小段,15.29,都市：其他:市場用地,10000,56,持分移轉,03810000
RPRPMLLLJHPFFAA47CA,興隆段三小段,39.25,都市：住,4,1,持分移轉,04030000
RPPPMLOJKHPFFDA77CA,福德段一小段,28.50,都市：住,4,1,持分移轉,01650000
RPWNMLMLJHPFFCA08CA,碧湖段四小段,.11,都市：住,10000,75,持分移轉,06670000
RPTOMLLMJHPFFBA77CA,雙園段一小段,2.50,都市：住,4,1,持分移轉,05360000
RPWNMLMLJHPFFCA08CA,碧湖段四小段,30.16,都市：住,10000,75,持分移轉,06720000
RPTOMLLMJHPFFBA77CA,雙園段一小段,21.25,都市：住,4,1,持分移轉,05370003
RPWNMLMLJHPFFCA08CA,碧湖段四小段,1.78,都市：住,10000,75,持分移轉,06730000
RPOPMLMLJHPFFDA57CA,寶清段二小段,3.49,都市：商,10000,28,持分移轉,02150000
RPRNMLMLJHPFFAA37CA,萬隆段一小段,.03,都市：商,10000,12,持分移轉,00240000
RPRNMLMLJHPFFAA37CA,萬隆段一小段,.54,都市：商,10000,12,持分移轉,00250000
RPRNMLMLJHPFFAA37CA,萬隆段一小段,.81,都市：商,10000,12,持分移轉,00050000
RPTNMLLLJHPFFCA67CA,東湖段五小段,29.19,都市：住,10000,162,持分移轉,02500000
RPTNMLLLJHPFFCA67CA,東湖段五小段,.02,都市：其他:道路用地(公共設施用地),10000,162,持分移轉,02550000
RPTOMLKMJHPFFEA97CA,行義段一小段,23.18,都市：住,10000,145,持分移轉,03600000
RPXNMLLLJHPFFEA28CA,福順段二小段,.84,都市：住,10000,4,持分移轉,04410000
RPXNMLLLJHPFFEA28CA,福順段二小段,.04,都市：住,10000,4,持分移轉,04410001
RPRNMLLKKHPFFAA27CA,萬隆段二小段,37.19,都市：住,100000,1634,持分移轉,04630000
RPXNMLLLJHPFFAA87CA,南海段三小段,28.94,都市：住,10000,1092,持分移轉,03030000
RPSOMLMLJHPFFAA57CA,興隆段三小段,38.51,都市：住,10000,985,持分移轉,03370000
RPSNMLMLJHPFFCA67CA,文德段五小段,67.94,都市：工,10000,278,持分移轉,02330000
RPOPMLNJKHPFFCA47CA,西湖段四小段,153.33,都市：其他:科技工業區,1,1,全筆移轉,02580000
RPQRMLOJKHPFFCA97CA,正義段一小段,22.00,都市：商,1,1,全筆移轉,08510012
RPPNMLTLJHPFFFA38CA,懷生段二小段,3.28,都市：商,40000,820,持分移轉,00220000
RPPNMLTLJHPFFFA38CA,懷生段二小段,8.36,都市：商,40000,820,持分移轉,00220002
RPQPMLOKKHPFFDA97CA,向陽段,30.25,都市：住,10000,274,持分移轉,00110011
RPWRMLOJKHPFFCA58CA,康寧段二小段,12.21,都市：住,10000,59,持分移轉,04850000
RPWRMLOJKHPFFCA58CA,碧湖段一小段,2.93,都市：住,10000,59,持分移轉,08370000
RPPRMLNJKHPFFCA77CA,東湖段一小段,30.02,都市：住,10000,132,持分移轉,00300000
RPSSMLKLJHPFFCA97CA,吉林段四小段,4.90,都市：商,11037,65,持分移轉,04940000
RPQQMLKMJHPFFDA77CA,福德段三小段,.28,都市：其他:道路用地(公共設施用地),60,17,持分移轉,03590000
RPQQMLKMJHPFFDA77CA,福德段三小段,21.53,都市：住,60,17,持分移轉,03600000
RPPRMLLLJHPFFCA67CA,長安段二小段,52.19,都市：住,100000,3768,持分移轉,06840000
RPPQMLKLJHPFFDA57CA,中南段一小段,28.30,都市：住,17040,283,持分移轉,00290000
RPQPMLOJKHPFFDA87CA,美仁段一小段,8.15,都市：其他:道路用地,1788000,36500,持分移轉,03360000
RPWPMLLMJHPFFCA28CA,西湖段四小段,67.05,都市：其他:科技工業區(A區),100000,815,持分移轉,01570000
RPUNMLNJKHPFFAA77DA,景美段四小段,3.24,都市：商,10000,113,持分移轉,06060000
RPWOMLNJKHPFFCA18CA,榮星段三小段,29.20,都市：住,5,1,持分移轉,02050000
RPRPMLLLJHPFFBA67DA,圓環段三小段,4.18,都市：商,10000,24,持分移轉,04610000
RPUNMLOKKHPFFFA38CA,大安段三小段,21.91,都市：住,73499,32,持分移轉,02980000
RPSNMLMJKHPFFDA77DA,福德段二小段,32.25,都市：住,4,1,持分移轉,05140000
RPUOMLKMJHPFFEA08CA,秀山段二小段,30.92,都市：住,100000,3175,持分移轉,06630000
RPRNMLMLJHPFFDA77DA,逸仙段三小段,19.50,都市：住,136,39,持分移轉,04260000
RPRNMLMLJHPFFDA77DA,逸仙段三小段,7.50,都市：住,1340,150,持分移轉,04290000
RPPNMLMLJHPFFEA67DA,三玉段五小段,23.56,都市：住,16,1,持分移轉,04470000
RPPNMLMLJHPFFEA67DA,三玉段五小段,3.50,都市：其他:道路用地,16,1,持分移轉,04480000
RPRNMLKMJHPFFBA37CA,圓環段三小段,11.06,都市：商,10000,103,持分移轉,00720000
RPSQMLOJKHPFFCA08CA,碧湖段三小段,15.22,都市：住,20000,46,持分移轉,01540000
RPOOMLMLJHPFFEA67DA,芝山段二小段,27.74,都市：住,10000,451,持分移轉,08280000
RPSQMLOJKHPFFCA08CA,碧湖段三小段,.01,都市：其他:道路用地。,20000,46,持分移轉,01540006
RPTNMLMLJHPFFFA18DA,仁愛段一小段,29.24,都市：商,10000,93,持分移轉,00050000
RPTNMLMLJHPFFFA18DA,仁愛段一小段,.91,都市：其他:道路用地(公共設施用地),10000,93,持分移轉,00060000
RPXOMLOLKHPFFBA48CA,圓環段一小段,47.00,都市：住,96,48,持分移轉,04910000
RPXOMLOLKHPFFBA48CA,圓環段一小段,4.00,都市：住,96,48,持分移轉,04930000
RPVNMLNKKHPFFBA97CA,城中段一小段,7.90,都市：商,10000,119,持分移轉,05310000
RPQNMLQJKHPFFCA77CA,中山段一小段,7.08,都市：商,10000,266,持分移轉,04850000
RPVNMLOLKHPFFDA38CA,寶清段一小段,19.67,都市：住,419916,936,持分移轉,00570005
RPWNMLSKKHPFFCA68CA,北安段三小段,1.16,都市：住,10000,204,持分移轉,08790000
RPWNMLSKKHPFFCA68CA,北安段三小段,.07,都市：住,10000,204,持分移轉,08790001
RPWNMLSKKHPFFCA68CA,北安段三小段,7.73,都市：住,10000,204,持分移轉,08790002
RPWNMLSKKHPFFCA68CA,北安段三小段,.08,都市：其他:道路用地,10000,204,持分移轉,08790003
RPWNMLSKKHPFFCA68CA,北安段三小段,6.48,都市：住,10000,204,持分移轉,08790004
RPWNMLSKKHPFFCA68CA,北安段三小段,5.98,都市：住,10000,204,持分移轉,08790005
RPWNMLSKKHPFFCA68CA,北安段三小段,6.13,都市：住,10000,204,持分移轉,08790006
RPPOMLLMJHPFFEA67CA,振興段四小段,12.16,都市：住,10000,117,持分移轉,04980000
RPUOMLKMJHPFFDA08DA,寶清段二小段,6.90,都市：商,10000,88,持分移轉,04120000
RPSNMLLLJHPFFAA47DA,興隆段一小段,19.69,都市：住,10000,26,持分移轉,04070001
RPOOMLMLJHPFFDA47CA,敦化段三小段,3.44,都市：商,100000,554,持分移轉,03920000
RPOOMLMLJHPFFDA47CA,敦化段三小段,.27,都市：商,100000,554,持分移轉,03920002
RPTPMLNJKHPFFCA97CA,中山段一小段,8.69,都市：商,10000,265,持分移轉,01850000
RPQPMLLLJHPFFAA37CA,萬隆段二小段,27.52,都市：住,850000,1854,持分移轉,03820000
RPVNMLMLJHPFFCA97CA,正義段三小段,12.86,都市：商,10000,67,持分移轉,03840000
RPVNMLMLJHPFFDA08CA,中南段五小段,.00,都市：住,100000,274,持分移轉,03490000
RPPNMLLMJHPFFBA27CA,雙園段二小段,10.42,都市：住,10000,67,持分移轉,01250000
RPVNMLMLJHPFFDA08CA,中南段五小段,70.93,都市：住,100000,274,持分移轉,03560000
RPTNMLKKKHPFFCA57CA,石潭段四小段,15.57,都市：商,100000,555,持分移轉,04230000
RPSNMLNJKHPFFEA97DA,奇岩段四小段,30.25,都市：住,4,1,持分移轉,04140000
RPTQMLLKKHPFFDA08CA,敦化段五小段,21.58,都市：住,10000,70,持分移轉,00160002
RPPNMLMLJHPFFAA17CA,木柵段三小段,36.89,都市：住,10000,97,持分移轉,07550000
RPSPMLKMJHPFFEA97CA,天母段一小段,68.13,都市：住,2000,309,持分移轉,02270000
RPUNMLOJKHPFFDA08CA,三興段二小段,25.14,都市：住,10000,378,持分移轉,07700000
RPSPMLTKKHPFFBA48CA,漢中段三小段,8.25,都市：商,8,1,持分移轉,02260000
RPSPMLTKKHPFFBA48CA,漢中段三小段,6.00,都市：商,8,1,持分移轉,02310000
RPTQMLKMJHPFFCA97CA,東湖段三小段,7.33,都市：住,10000,77,持分移轉,00030000
RPTQMLKMJHPFFCA97CA,東湖段三小段,3.24,都市：住,10000,77,持分移轉,00030001
RPTQMLKMJHPFFCA97CA,東湖段三小段,6.97,都市：住,10000,77,持分移轉,00030009
RPUNMLMLJHPFFDA97CA,舊莊段一小段,792.15,都市：其他:保護區,10000,1282,持分移轉,02270000
RPQNMLMLJHPFFBA37CA,直興段一小段,4.49,都市：商,10000,94,持分移轉,00130000
RPSPMLMLJHPFFDA08DA,延吉段一小段,9.41,都市：住,100000,1656,持分移轉,01750000
RPSPMLMLJHPFFDA08DA,延吉段一小段,19.95,都市：住,100000,1656,持分移轉,01900000
RPVOMLOLKHPFFEA58CA,行義段二小段,.72,都市：其他:道路用地(公共設施用地),10000,115,持分移轉,01250000
RPVOMLOLKHPFFEA58CA,行義段二小段,22.42,都市：住,10000,115,持分移轉,01240000
RPUOMLOLKHPFFEA48CA,立農段三小段,18.38,都市：住,100000,4633,持分移轉,01280000
RPPPMLOJKHPFFEA87CA,華岡段三小段,2.43,都市：其他:道路用地,1,1,全筆移轉,04910000
RPPPMLOJKHPFFEA87CA,華岡段三小段,27.62,都市：住,5,4,持分移轉,04930000
RPPPMLOJKHPFFEA87CA,華岡段三小段,1443.41,都市：住,5,4,持分移轉,04940000
RPVOMLLLJHPFFAA77CA,興泰段三小段,18.24,都市：住,10000,144,持分移轉,03770009
RPTNMLMLJHPFFCA77CA,潭美段四小段,13.08,都市：住,100000,625,持分移轉,04810000
RPRNMLNJKHPFFDA67CA,吳興段三小段,30.00,都市：住,1,1,全筆移轉,03240000
RPRNMLQJKHPFFFA18CA,懷生段二小段,8.37,都市：住,336,4,持分移轉,01550000
RPSQMLPJKHPFFCA28DA,康寧段三小段,.44,都市：住,10000,51,持分移轉,05500001
RPSQMLPJKHPFFCA28DA,康寧段四小段,11.80,都市：住,10000,51,持分移轉,00380000
RPSQMLPJKHPFFCA28DA,康寧段四小段,.04,都市：其他:公園用地,10000,51,持分移轉,00380001
RPSQMLPJKHPFFCA28DA,康寧段四小段,.04,都市：其他:公園用地,10000,51,持分移轉,00380002
RPQOMLLKKHPFFFA77CA,仁愛段二小段,9.48,都市：其他:敦化南北路特定專用區,5579,24,持分移轉,07000000
RPQOMLLKKHPFFFA77CA,仁愛段二小段,.26,都市：其他:道路用地,5579,24,持分移轉,07010000
RPQOMLLKKHPFFFA77CA,仁愛段二小段,.04,都市：其他:敦化南北路特定專用區,5579,24,持分移轉,07010001
RPSQMLNJKHPFFDA08CA,永吉段二小段,5.36,都市：商,53130,109,持分移轉,00010000
RPSQMLNJKHPFFDA08CA,永吉段二小段,3.36,都市：住,53130,109,持分移轉,00010003
RPPPMLKMJHPFFDA57CA,敦化段三小段,1.13,都市：商,62815,572,持分移轉,00110000
RPPPMLKMJHPFFDA57CA,敦化段三小段,2.35,都市：商,62815,572,持分移轉,00120000
RPPPMLKMJHPFFDA57CA,敦化段三小段,.27,都市：商,62815,572,持分移轉,00230001
RPPPMLKMJHPFFDA57CA,敦化段三小段,3.18,都市：商,62815,572,持分移轉,00250000
RPPPMLKMJHPFFDA57CA,敦化段三小段,.48,都市：商,62815,572,持分移轉,00290000
RPQNMLKMJHPFFEA57CA,天山段二小段,35.10,都市：住,10,1,持分移轉,04310000
RPPPMLKMJHPFFDA57CA,敦化段三小段,.11,都市：商,62815,572,持分移轉,00090000
RPSNMLRKKHPFFCA18CA,北安段二小段,34.81,都市：住,10000,515,持分移轉,02910000
RPWNMLKMJHPFFEA18CA,芝蘭段四小段,.08,都市：住,10000,87,持分移轉,01150000
RPWNMLKMJHPFFEA18CA,芝蘭段四小段,5.48,都市：住,10000,87,持分移轉,01160000
RPWNMLKMJHPFFEA18CA,芝蘭段四小段,31.04,都市：住,10000,87,持分移轉,01170000
RPPOMLKMJHPFFFA67CA,辛亥段六小段,12.03,都市：住,10000,104,持分移轉,00310004
RPROMLKMJHPFFAA37CA,興隆段三小段,42.25,都市：住,4,1,持分移轉,01340000
RPXNMLKMJHPFFBA97CA,雙連段三小段,.01,都市：商,4800,4,持分移轉,07810000
RPXNMLKMJHPFFBA97CA,雙連段三小段,.02,都市：商,4800,4,持分移轉,07820000
RPXNMLKMJHPFFBA97CA,雙連段三小段,4.91,都市：商,10000,43,持分移轉,07830000
RPXNMLKMJHPFFBA97CA,雙連段三小段,.08,都市：商,4800,4,持分移轉,08420000
RPSNMLKMJHPFFEA77CA,光華段四小段,7.73,都市：住,100000,529,持分移轉,08000000
RPSNMLKMJHPFFEA77CA,光華段四小段,.30,都市：住,100000,529,持分移轉,08020001
SPRNMLNJKHPFFDA77CA,吳興段三小段,30.00,都市：住,1,1,全筆移轉,03250000
RPSQMLSKKHPFFCA58CA,文德段一小段,26.34,都市：其他:第?種商業區及第三種住宅區,10000,96,持分移轉,00450000
RPSNMLTJKHPFFDA38CA,雅祥段三小段,5.84,都市：住,10000,146,持分移轉,01120000
RPSNMLTJKHPFFDA38CA,雅祥段三小段,4.73,都市：住,10000,146,持分移轉,01120002
RPQOMLKMJHPFFFA77CA,辛亥段一小段,6.33,都市：其他:交通用地(公共設施用地【78/4/3】,10000,33,持分移轉,01590002
RPQOMLKMJHPFFFA77CA,辛亥段一小段,10.10,都市：住,10000,61,持分移轉,01710000
RPROMLLMJHPFFAA57DA,南海段一小段,11.32,都市：商,10000,437,持分移轉,07450000
RPTOMLKMJHPFFAA57CA,永昌段四小段,21.65,都市：住,20,1,持分移轉,05690000
RPROMLLMJHPFFAA57DA,南海段一小段,.09,都市：商,10000,437,持分移轉,07480001
RPTOMLKMJHPFFAA57CA,永昌段四小段,.30,都市：其他:道路用地,20,1,持分移轉,05690001
RPSOMLPJKHPFFFA28CA,懷生段二小段,30.88,都市：住,42708,309,持分移轉,00460000
RPXPMLKMJHPFFDA38CA,民生段,35.50,都市：住,4,1,持分移轉,00510004
RPPNMLKKKHPFFDA27CA,犂和段三小段,.03,都市：住,45252,10,持分移轉,02660000
RPPNMLKKKHPFFDA27CA,犂和段三小段,6.80,都市：住,100000,337,持分移轉,01970000
RPPNMLKKKHPFFDA27CA,犂和段三小段,.04,都市：住,42076,10,持分移轉,02700000
RPTNMLNJKHPFFEA97CA,光華段三小段,13.04,都市：商,10000,189,持分移轉,07370000
RPUNMLOJKHPFFBA87CA,雙連段一小段,17.00,都市：商,1,1,全筆移轉,01050000
RPTNMLKMJHPFFEA87CA,奇岩段三小段,.66,都市：住,70,1,持分移轉,04000000
RPTNMLKMJHPFFEA87CA,奇岩段三小段,.57,都市：住,70,1,持分移轉,04010000
RPTNMLKMJHPFFEA87CA,奇岩段三小段,35.80,都市：住,5,1,持分移轉,04020000
RPTNMLKMJHPFFEA87CA,奇岩段三小段,.54,都市：住,70,1,持分移轉,04100000
RPUPMLKMJHPFFCA97CA,榮星段四小段,12.70,都市：住,10,1,持分移轉,03550000
RPUPMLKMJHPFFCA97CA,榮星段四小段,12.10,都市：住,10,1,持分移轉,03550002
RPOQMLKMJHPFFDA57CA,寶清段一小段,28.45,都市：住,13185,118,持分移轉,00520000
RPPNMLMJKHPFFDA47DA,寶清段一小段,21.84,都市：住,33106,86,持分移轉,00570004
RPWQMLKMJHPFFCA28CA,康寧段二小段,36.74,都市：住,10000,406,持分移轉,01780000
RPRNMLTJKHPFFBA08CA,臨沂段三小段,.27,都市：住,1000,30,持分移轉,01320002
RPRNMLTJKHPFFBA08CA,臨沂段三小段,.15,都市：住,1000,30,持分移轉,01320001
RPRNMLTJKHPFFBA08CA,臨沂段三小段,14.64,都市：住,1000,30,持分移轉,01320000
RPWOMLRKKHPFFDA78CA,逸仙段二小段,52.15,都市：工,100000,5010,持分移轉,00120000
RPVNMLLLKHPFFCA97CA,中山段一小段,21.07,都市：商,10000,196,持分移轉,06360000
RPVNMLPJKHPFFEA48DA,秀山段一小段,40.25,都市：住,8,1,持分移轉,07690000
RPUOMLMLJHPFFCA08DA,長安段二小段,8.91,都市：住,1420000,12923,持分移轉,05890000
RPWPMLKMJHPFFCA18CA,中山段一小段,4.63,都市：商,31188,359,持分移轉,00950000
RPQQMLNJKHPFFDA87CA,福德段一小段,17.40,都市：住,100000,4286,持分移轉,00860000
RPXOMLRKKHPFFDA88CA,西松段一小段,10.48,都市：商,1000000,8825,持分移轉,01270000
RPXOMLRKKHPFFDA88CA,西松段一小段,4.74,都市：商,1000000,8825,持分移轉,01270001
RPPNMLLLKHPFFBA27CA,臨沂段三小段,13.20,都市：住,30000,1218,持分移轉,05970000
RPPOMLNJKHPFFBA37CA,大龍段二小段,39.00,都市：住,2,1,持分移轉,01410000
RPWNMLKMJHPFFCA97CA,康寧段四小段,34.00,都市：住,4,1,持分移轉,02530000
RPVPMLTKKHPFFBA78CA,大龍段一小段,6.38,都市：商,7548,292,持分移轉,02830000
RPVPMLTKKHPFFBA78CA,大龍段一小段,7.43,都市：商,7548,292,持分移轉,02840000
RPVPMLTKKHPFFBA78CA,大龍段一小段,7.81,都市：商,7548,292,持分移轉,02850000
RPTQMLQKOHPFFBA78CA,延平段三小段,3.00,都市：其他:道路用地,1,1,全筆移轉,04230001
RPTQMLQKOHPFFBA78CA,延平段三小段,271.00,都市：其他:特定專用區,1,1,全筆移轉,04230000
RPQNMLMLJHPFFFA77CA,通化段四小段,2.56,都市：住,10000,223,持分移轉,07460019
RPQNMLMLJHPFFFA77CA,通化段四小段,9.08,都市：住,10000,223,持分移轉,07470000
RPWNMLLMJHPFFBA97CA,青年段一小段,53.48,都市：住,100000,420,持分移轉,00860000
RPWNMLLMJHPFFAA87CA,政大段四小段,15.38,都市：商,10000,71,持分移轉,05920000
RPTNMLOJKHPFFCA97DA,吉林段三小段,2.41,都市：商,10000,11,持分移轉,09220000
RPXNMLKMJHPFFAA97DA,河堤段六小段,21.50,都市：商,1000,250,持分移轉,03690000
RPQOMLPJKHPFFCA77CA,東湖段六小段,79.40,都市：其他:公園用地,10,1,持分移轉,05090000
RPVPMLMLJHPFFDA28CA,福德段三小段,47.50,都市：其他:-道路用地,4,2,持分移轉,01470000
RPQPMLKMJHPFFEA77CA,桃源段五小段,6.13,都市：住,10000,547,持分移轉,07030001
RPQPMLKMJHPFFEA77CA,桃源段五小段,50.97,都市：住,10000,547,持分移轉,07080000
RPUNMLRKKHPFFBA28CA,漢中段二小段,4.80,都市：其他:第四種商業區及道路用地,10000,32,持分移轉,00570000
RPQOMLKMJHPFFDA57CA,虎林段四小段,29.90,都市：住,20000,34,持分移轉,03050000
RPSNMLPJKHPFFBA77CA,臨沂段三小段,.26,都市：商,100000,421,持分移轉,03700000
RPOPMLKMJHPFFDA47CA,新光段二小段,22.20,都市：住,38000,21,持分移轉,04090000
RPSNMLPJKHPFFBA77CA,臨沂段三小段,1.41,都市：商,100000,421,持分移轉,03700001
RPSNMLPJKHPFFBA77CA,臨沂段三小段,.08,都市：商,100000,421,持分移轉,03700002
RPSNMLPJKHPFFBA77CA,臨沂段三小段,.01,都市：商,100000,421,持分移轉,03700003
RPSNMLPJKHPFFBA77CA,臨沂段三小段,.01,都市：商,100000,421,持分移轉,03700004
RPWOMLKMJHPFFBA97CA,大同段二小段,29.87,都市：住,10000,173,持分移轉,03420000
RPSNMLPJKHPFFBA77CA,臨沂段三小段,.13,都市：商,100000,421,持分移轉,03700005
RPSNMLPJKHPFFBA77CA,臨沂段三小段,.47,都市：商,100000,421,持分移轉,03710000
RPSNMLPJKHPFFBA77CA,臨沂段三小段,.61,都市：商,100000,421,持分移轉,03710002
RPSNMLPJKHPFFBA77CA,臨沂段三小段,.35,都市：商,100000,421,持分移轉,03860000
RPSNMLPJKHPFFBA77CA,臨沂段三小段,.41,都市：商,100000,421,持分移轉,03860002
RPSNMLPJKHPFFBA77CA,臨沂段三小段,.62,都市：商,100000,421,持分移轉,03860004
RPSNMLPJKHPFFBA77CA,臨沂段三小段,.33,都市：商,100000,421,持分移轉,03860006
RPXOMLNJKHPFFBA18CA,橋北段二小段,.06,都市：其他:聯合開發區(捷),100000,234,持分移轉,06800010
RPXOMLNJKHPFFBA18CA,橋北段二小段,.01,都市：其他:聯合開發區(捷),100000,234,持分移轉,06800011
RPXOMLNJKHPFFBA18CA,橋北段二小段,9.58,都市：其他:聯合開發區(捷),100000,234,持分移轉,06360000
RPSPMLPJKHPFFFA38CA,大安段一小段,1.42,都市：商,1609570,1801,持分移轉,02640000
RPSPMLPJKHPFFFA38CA,大安段一小段,2.37,都市：住,1609570,1801,持分移轉,02640001
RPQNMLNJKHPFFCA47CA,西湖段二小段,19.48,都市：住,10000,105,持分移轉,03520000
RPROMLOJKHPFFAA57CA,公訓段三小段,34.89,都市：住,100000,1535,持分移轉,00390000
RPROMLOJKHPFFAA57CA,公訓段三小段,4.10,都市：住,100000,1535,持分移轉,00390001
RPROMLOJKHPFFAA57CA,公訓段三小段,14.90,都市：住,100000,1535,持分移轉,00390002
RPOPMLKMJHPFFAA17CA,南海段一小段,10.73,都市：商,10000,139,持分移轉,03490000
RPOPMLKMJHPFFAA17CA,南海段一小段,.13,都市：其他:道路用地(公共設施用地)【62/6/22】,10000,139,持分移轉,03490001
RPWOMLKMJHPFFAA87CA,萬隆段二小段,27.40,都市：住,5,1,持分移轉,00250000
RPOSMLLMJHPFFCA77CA,碧湖段三小段,35.97,都市：住,10000,704,持分移轉,01130000
RPOOMLRLKHPFFDA08CA,敦化段三小段,13.40,都市：住,10,1,持分移轉,02790000
RPROMLLMJHPFFDA77CA,南港段一小段,13.33,都市：住,10000,31,持分移轉,05090000
RPXOMLMKKHPFFBA18CA,青年段一小段,23.40,都市：住,450000,260,持分移轉,00880000
RPXQMLKMJHPFFCA38CA,正義段三小段,7.55,都市：商,10000,140,持分移轉,05420000
RPOOMLPJKHPFFEA77CA,立農段三小段,18.94,都市：住,100000,4774,持分移轉,01280000
RPSPMLLMJHPFFCA87CA,正義段一小段,28.30,都市：商,100000,4535,持分移轉,06230000
RPPQMLKKKHPFFDA57CA,三興段二小段,39.25,都市：住,4,1,持分移轉,06150000
RPPQMLKKKHPFFDA57CA,三興段二小段,6.50,都市：其他:道路用地(公共設施用地),4,1,持分移轉,06150001
RPPNMLPJKHPFFCA57CA,正義段三小段,1.50,都市：其他:道路用地,8,3,持分移轉,04180001
RPUNMLLMJHPFFEA08CA,新民段二小段,8.57,都市：其他:特定觀光商業專用區,10000,59,持分移轉,04470000
RPUNMLLMJHPFFEA08CA,新民段二小段,.66,都市：其他:特定觀光商業專用區,10000,59,持分移轉,04510000
RPUNMLLMJHPFFEA08CA,新民段二小段,.04,都市：住,10000,59,持分移轉,04510001
RPUNMLLMJHPFFEA08CA,開明段二小段,.04,都市：其他:特定觀光商業專用區,10000,59,持分移轉,00050004
RPUPMLMKKHPFFEA28CA,溫泉段二小段,21.93,都市：住,100000,1721,持分移轉,02930000
RPSOMLRJKHPFFDA28CA,麗山段四小段,864.00,都市：農,1,1,全筆移轉,01930000
RPSOMLRJKHPFFDA28CA,麗山段四小段,231.00,都市：農,1,1,全筆移轉,01980000
RPTRMLLMJHPFFCA18CA,榮星段五小段,39.75,都市：住,4,1,持分移轉,02640000
RPPPMLLMJHPFFEA87DA,奇岩段四小段,24.26,都市：住,10000,72,持分移轉,02730000
RPVNMLLMJHPFFDA08CA,南港段四小段,32.05,都市：住,10000,76,持分移轉,01210000
RPSNMLLMJHPFFBA67DA,青年段一小段,14.42,都市：住,38496,33,持分移轉,01510000
RPSOMLLMJHPFFCA77CA,碧湖段二小段,21.00,都市：住,10000,23,持分移轉,05290000
RPSNMLLMJHPFFAA47CA,興泰段一小段,84.05,都市：住,10000,149,持分移轉,05110000
RPVNMLQJKHPFFAA08CA,南海段二小段,16.58,都市：商,10000,358,持分移轉,02670000
RPVNMLQJKHPFFAA08CA,南海段二小段,5.84,都市：商,10000,358,持分移轉,02710000
RPURMLNKKHPFFCA38CA,碧湖段三小段,5.96,都市：住,10000,9,持分移轉,01540000
RPURMLNKKHPFFCA38CA,碧湖段三小段,.00,都市：其他:道路用地,10000,9,持分移轉,01540006
RPTNMLOJKHPFFFA28DA,瑞安段一小段,18.31,都市：商,100000,4070,持分移轉,01130000
RPTNMLOJKHPFFFA28DA,瑞安段一小段,.10,都市：商,100000,87,持分移轉,01130001
RPRNMLOJKHPFFAA57DA,河堤段六小段,2.15,都市：住,100000,925,持分移轉,05120000
RPRNMLOJKHPFFAA57DA,河堤段六小段,12.19,都市：商,100000,925,持分移轉,05270000
RPUOMLLMJHPFFCA97CA,舊宗段,23.22,都市：住,100000,1555,持分移轉,01050001
RPVNMLNJKHPFFFA28CA,仁愛段一小段,5.88,都市：其他:道路用地,16,1,持分移轉,04960000
RPVNMLNJKHPFFFA28CA,仁愛段一小段,5.81,都市：其他:道路用地,16,1,持分移轉,04960001
RPVNMLNJKHPFFFA28CA,仁愛段一小段,1.73,都市：其他:道路用地,64,3,持分移轉,05030000
RPVNMLNJKHPFFFA28CA,仁愛段一小段,7.50,都市：其他:道路用地,64,3,持分移轉,05410000
RPQQMLKKKHPFFCA57CA,中山段三小段,3.48,都市：商,10000,35,持分移轉,00160000
RPROMLOJKHPFFFA18DA,辛亥段一小段,14.55,都市：住,10000,67,持分移轉,01790000
RPVPMLLMJHPFFCA28DA,康寧段三小段,21.88,都市：住,10000,103,持分移轉,00790000
RPSPMLLKKHPFFBA67CA,大龍段三小段,28.67,都市：住,3,1,持分移轉,05730000
RPPPMLNJKHPFFBA57DA,大龍段三小段,25.17,都市：商,12,1,持分移轉,09680000
RPXPMLOJKHPFFBA38CA,福星段四小段,.44,都市：商,100000,1103,持分移轉,01670000
RPXPMLOJKHPFFBA38CA,福星段四小段,2.68,都市：商,100000,1103,持分移轉,01680000
RPXPMLOJKHPFFBA38CA,福星段四小段,1.24,都市：商,100000,1103,持分移轉,01690000
RPQNMLTJKHPFFDA28DA,西松段一小段,16.64,都市：商,80380,416,持分移轉,06180000
RPWNMLOJKHPFFBA08CA,華江段一小段,37.00,都市：住,1,1,全筆移轉,02550000
RPPSMLLMJHPFFCA87CA,北安段二小段,55.75,都市：住,4,1,持分移轉,04150000
RPVPMLPJKHPFFCA38CA,長春段一小段,4.69,都市：住,900500,156,持分移轉,00020000
RPQNMLOJKHPFFCA57CA,正義段一小段,3.27,都市：商,1000000,2062,持分移轉,08110000
RPQNMLMJKHPFFCA47DA,東湖段六小段,19.64,都市：住,10000,84,持分移轉,01350000
RPUNMLMJLHPFFCA97DA,潭美段五小段,40.48,都市：住,10000,651,持分移轉,01080000
RPPOMLNJKHPFFAA27CA,木柵段二小段,12.23,都市：住,10000,27,持分移轉,06310000
RPTNMLNJKHPFFCA77CA,康寧段二小段,25.30,都市：住,10000,64,持分移轉,00670000
RPPNMLNJKHPFFDA47CA,中南段五小段,21.67,都市：住,24,1,持分移轉,00570000
RPOOMLNJKHPFFDA47CA,經貿段,54.69,都市：住,100000,1210,持分移轉,00250000
RPPPMLPJKHPFFBA67CA,大龍段三小段,16.25,都市：住,10000,625,持分移轉,04250000
RPWNMLOJKHPFFAA97CA,興安段二小段,29.25,都市：其他:道路用地(公共設施用地),10000,1250,持分移轉,01940000
RPOPMLOLKHPFFBA77DA,青年段一小段,23.40,都市：住,90000,52,持分移轉,00880000
RPQRMLNJKHPFFCA97DA,中山段二小段,5.51,都市：住,8100,83,持分移轉,03060000
RPQRMLNJKHPFFCA97DA,中山段二小段,15.25,都市：住,4,1,持分移轉,03090000
RPVQMLPJKHPFFCA58DA,東湖段一小段,7.74,都市：住,10000,54,持分移轉,00260006
RPPNMLNKKHPFFDA57CA,寶清段一小段,7.26,都市：商,100000,1438,持分移轉,06290000
RPTNMLRKKHPFFEA48CA,芝山段三小段,30.41,都市：住,10000,749,持分移轉,03090000
RPOPMLQJLHPFFDA97CA,虎林段五小段,2.57,都市：商,10000,7,持分移轉,00200000
RPWOMLPJKHPFFFA68CA,仁愛段一小段,15.68,都市：住,60000,960,持分移轉,04160000
RPWOMLPJKHPFFFA68CA,仁愛段一小段,1.63,都市：其他:敦化南北路特定專用區,60000,960,持分移轉,04160002
RPTPMLLLKHPFFDA08CA,三興段三小段,2.68,都市：住,100000,879,持分移轉,05620001
RPTPMLLLKHPFFDA08CA,三興段三小段,8.25,都市：商,100000,879,持分移轉,05620002
RPVOMLOJKHPFFEA38CA,奇岩段四小段,21.90,都市：住,1000000,7643,持分移轉,00110000
RPXNMLKKLHPFFDA18CA,信義段三小段,50.65,都市：其他:特定業務區(信義計畫特定專用區)。,100000,897,持分移轉,00460000
RPOOMLQJKHPFFBA57CA,圓環段一小段,13.49,都市：商,100000,2098,持分移轉,05390000
RPOOMLQJKHPFFBA57CA,圓環段一小段,7.36,都市：住,100000,2098,持分移轉,05400000
RPXNMLOJKHPFFBA18CA,雙連段一小段,10.82,都市：住,10000,38,持分移轉,06810000
RPPOMLMKLHPFFEA77CA,溫泉段二小段,22.00,都市：住,4,1,持分移轉,01730000
RPPOMLMKLHPFFEA77CA,溫泉段二小段,1.75,都市：其他:道,4,1,持分移轉,01740000
RPQQMLLKKHPFFBA57CA,漢中段一小段,14.49,都市：商,10000,728,持分移轉,07270000
RPUOMLRJKHPFFEA58CA,天母段四小段,4.59,都市：其他:道路用地,377961,22544,持分移轉,00640000
RPUOMLRJKHPFFEA58CA,天母段四小段,20.94,都市：住,377961,22544,持分移轉,00650000
RPUOMLRJKHPFFEA58CA,天母段四小段,.12,都市：其他:道路用地,377961,22544,持分移轉,00650001
RPSOMLNJKHPFFDA87CA,民生段,1.90,都市：商,100000,42,持分移轉,00530000
RPSPMLRLKHPFFEA68CA,三合段,21.64,都市：住,100000,1983,持分移轉,00420000
RPOPMLKKKHPFFDA37CA,寶清段五小段,14.09,都市：其他:第二種商業區及第三種住宅區,10000,54,持分移轉,02710000
RPRNMLOJKHPFFFA08DA,仁愛段五小段,32.38,都市：住,10000,115,持分移轉,04760000
RPUNMLLKKHPFFEA97CA,新民段二小段,5.07,都市：其他:特定觀光商業專用區,90000,209,持分移轉,04460000
RPRNMLOJKHPFFCA67CA,東湖段八小段,28.56,都市：住,10000,32,持分移轉,00310000
RPRNMLOJKHPFFCA67CA,東湖段八小段,3.80,都市：商,10000,32,持分移轉,00320000
RPRNMLOJKHPFFCA67CA,東湖段八小段,10.44,都市：商,10000,32,持分移轉,00320001
RPRNMLOJKHPFFCA67CA,東湖段八小段,.01,都市：住,10000,32,持分移轉,00320002
RPWNMLPJKHPFFBA18CA,直興段一小段,50.13,都市：住,10000,133,持分移轉,01400000
RPXNMLRKKHPFFDA78CA,逸仙段三小段,8.17,都市：住,24,1,持分移轉,06000000
RPSNMLRLKHPFFCA28CA,榮星段四小段,23.59,都市：住,100000,1064,持分移轉,07700000
RPORMLRJKHPFFCA18DA,文德段三小段,22.28,都市：住,10000,94,持分移轉,02680000
RPSNMLRLKHPFFCA28CA,榮星段四小段,13.24,都市：住,100000,1064,持分移轉,07860000
RPTNMLRLKHPFFCA38CA,榮星段四小段,23.59,都市：住,100000,1064,持分移轉,07700000
RPTNMLRLKHPFFCA38CA,榮星段四小段,13.24,都市：住,100000,1064,持分移轉,07860000
RPPOMLPJKHPFFCA67CA,碧湖段三小段,38.38,都市：住,10000,58,持分移轉,01540000
RPPOMLPJKHPFFCA67CA,碧湖段三小段,.02,都市：其他:道路用地(公共設施用地),10000,58,持分移轉,01540006
RPSPMLOJKHPFFDA08CA,虎林段四小段,33.02,都市：住,100000,1875,持分移轉,09410000
RPPNMLQJKHPFFFA97CA,瑞安段二小段,1.33,都市：商,10000,237,持分移轉,05190000
RPPNMLQJKHPFFFA97CA,瑞安段二小段,9.17,都市：商,10000,237,持分移轉,05200001
RPPNMLQJKHPFFFA97CA,瑞安段二小段,11.59,都市：住,10000,237,持分移轉,05200000
RPXOMLOJKHPFFCA48DA,碧湖段四小段,27.44,都市：住,10000,219,持分移轉,03430000
RPRNMLQJKHPFFAA67CA,景美段一小段,39.32,都市：住,61900,4204,持分移轉,03080000
RPRNMLQJKHPFFAA67CA,景美段一小段,2.04,都市：住,1000,68,持分移轉,03080001
RPTQMLOJKHPFFDA38DA,永吉段四小段,2.63,都市：其他:交通用地,10000,25,持分移轉,01400007
RPTQMLOJKHPFFDA38DA,永吉段四小段,3.48,都市：商,10000,25,持分移轉,01410000
RPTQMLOJKHPFFDA38DA,永吉段四小段,.01,都市：商,10000,25,持分移轉,01410001
RPOOMLRKKHPFFAA77DA,興泰段一小段,21.52,都市：住,10000,106,持分移轉,05730000
RPOOMLRKKHPFFAA77DA,興泰段一小段,.29,都市：住,10000,70,持分移轉,05760000
RPOOMLRKKHPFFAA77DA,興泰段一小段,.77,都市：住,10000,106,持分移轉,05990000
RPSNMLQKKHPFFAA97DA,政大段一小段,43.45,都市：住,100000,680,持分移轉,00900000
RPQOMLPJKHPFFFA08CA,懷生段一小段,42.00,都市：住,6,1,持分移轉,08060000
RPROMLOJKHPFFCA77CA,中山段三小段,2.69,都市：商,10000,41,持分移轉,02160000
RPSOMLNJKHPFFBA77DA,雙園段三小段,5.44,都市：住,16,3,持分移轉,00730000
RPSOMLNJKHPFFBA77DA,雙園段三小段,15.38,都市：住,16,3,持分移轉,00730001
RPXPMLOJKHPFFFA78CA,仁愛段六小段,8.74,都市：住,100000,2159,持分移轉,06160005
RPQNMLQJKHPFFDA97DA,玉成段三小段,30.75,都市：住,4,1,持分移轉,06800000
RPQOMLNJKHPFFDA67CA,民生段,35.50,都市：住,8,1,持分移轉,00580040
RPPNMLPKKHPFFFA97CA,復興段三小段,35.75,都市：住,4,1,持分移轉,00970000
RPUNMLOJKHPFFEA18CA,桃源段一小段,25.34,都市：住,10000,349,持分移轉,05830000
RPSNMLOJKHPFFEA97CA,振興段二小段,16.35,都市：商,100000,826,持分移轉,05020000
RPSRMLOJKHPFFCA18CA,吉林段二小段,21.40,都市：住,5,1,持分移轉,08840000
RPOPMLSKKHPFFAA87CA,興安段四小段,4.07,都市：住,100000,1748,持分移轉,02810005
RPQPMLRLKHPFFEA48CA,三合段,21.64,都市：住,100000,1983,持分移轉,00420000
RPOPMLSKKHPFFAA87CA,興安段四小段,37.20,都市：住,100000,1748,持分移轉,03300000
RPRQMLRLKHPFFCA48CA,吉林段四小段,5.75,都市：商,1000,17,持分移轉,07280000
RPQOMLOJKHPFFBA57CA,雙園段二小段,21.39,都市：住,100000,1950,持分移轉,07740000
RPUNMLOJKHPFFAA77CA,南海段一小段,33.62,都市：住,8,1,持分移轉,05420000
RPROMLOJKHPFFBA67CA,雙連段三小段,4.34,都市：商,10000,66,持分移轉,01540000
RPROMLOJKHPFFBA67CA,雙連段三小段,2.73,都市：住,10000,66,持分移轉,01640000
RPPNMLSJKHPFFEA18DA,蘭雅段三小段,52.40,都市：住,10000,626,持分移轉,01870000
RPTNMLOJKHPFFAA67CA,博嘉段三小段,135.00,都市：住,1,1,全筆移轉,06680000
RPQOMLQJKHPFFAA67CA,河堤段五小段,.79,都市：住,60000,984,持分移轉,00090000
RPQOMLQJKHPFFAA67CA,河堤段五小段,9.38,都市：住,60000,984,持分移轉,00100000
RPUNMLPJKHPFFFA38CA,懷生段二小段,31.92,都市：住,36700,319,持分移轉,00420000
RPWNMLKKKHPFFDA08DA,向陽段,22.90,都市：住,100000,1656,持分移轉,00150008
RPVNMLSJKHPFFCA58DA,東湖段六小段,25.50,都市：住,1000000,8256,持分移轉,02540000
RPPOMLPJKHPFFFA97CA,通化段三小段,42.50,都市：住,4,1,持分移轉,07750000
RPPOMLKKLHPFFDA47CA,三興段一小段,21.00,都市：住,8,1,持分移轉,05180000
RPQOMLKKKHPFFDA47CA,美仁段二小段,24.75,都市：住,4,1,持分移轉,06260000
RPUOMLOJKHPFFAA87CA,華興段二小段,18.60,都市：住,10,1,持分移轉,10150000
RPUOMLOJKHPFFAA87CA,華興段四小段,10.60,都市：住,10,1,持分移轉,10230000
RPROMLKKKHPFFDA57CA,美仁段二小段,92.00,都市：住,1,1,全筆移轉,06220000
RPROMLMKKHPFFFA97CA,仁愛段四小段,3.27,都市：其他:敦化南北路特定專用區,10000,248,持分移轉,04910000
RPROMLMKKHPFFFA97CA,仁愛段四小段,1.09,都市：其他:敦化南北路特定專用區,10000,248,持分移轉,04910002
RPROMLMKKHPFFFA97CA,仁愛段四小段,11.80,都市：其他:敦化南北路特定專用區,10000,248,持分移轉,04910003
RPVRMLRJKHPFFCA88DA,碧湖段三小段,27.62,都市：商,10000,173,持分移轉,07150000
RPPNMLSJKHPFFCA97DA,北安段四小段,33.12,都市：住,10000,78,持分移轉,01070007
RPXOMLLKKHPFFCA28DA,中山段一小段,6.37,都市：商,730000,6434,持分移轉,09180000
RPXOMLLKKHPFFCA28DA,中山段一小段,.02,都市：其他:道路用地,730000,6434,持分移轉,09180001
RPXNMLRLKHPFFAA58CA,南海段二小段,.00,都市：商,100000,1927,持分移轉,02020024
RPXNMLRLKHPFFAA58CA,南海段二小段,4.83,都市：商,100000,1927,持分移轉,02030000
RPXQMLOJKHPFFBA58DA,臨沂段四小段,28.56,都市：住,10000,394,持分移轉,02080000
RPOQMLOJKHPFFBA57CA,漢中段一小段,.01,都市：商,100000,9,持分移轉,01020000
RPSOMLQJKHPFFCA08CA,中山段二小段,133.00,都市：商,1,1,全筆移轉,01060000
RPOQMLOJKHPFFBA57CA,漢中段一小段,.00,都市：商,1000000,9,持分移轉,01030000
RPOQMLOJKHPFFBA57CA,漢中段一小段,.01,都市：商,100000,9,持分移轉,01040000
RPOQMLOJKHPFFBA57CA,漢中段一小段,.10,都市：商,100000,45,持分移轉,01080000
RPOQMLOJKHPFFBA57CA,漢中段一小段,.23,都市：商,10000,90,持分移轉,01350000
RPOQMLOJKHPFFBA57CA,漢中段一小段,.04,都市：商,10000,90,持分移轉,01360000
RPOQMLOJKHPFFBA57CA,漢中段一小段,.00,都市：商,100000,9,持分移轉,01370000
RPOQMLOJKHPFFBA57CA,漢中段一小段,.00,都市：商,100000,9,持分移轉,01380000
RPOQMLOJKHPFFBA57CA,漢中段一小段,.28,都市：商,10000,18,持分移轉,01390000
RPOQMLOJKHPFFBA57CA,漢中段一小段,1.88,都市：商,10000,75,持分移轉,01400000
RPOQMLOJKHPFFBA57CA,漢中段一小段,.00,都市：商,100000,1,持分移轉,01410000
RPVNMLPJKHPFFAA97CA,興隆段一小段,29.29,都市：住,10000,57,持分移轉,02620000
RPPOMLRJKHPFFAA67CA,河堤段一小段,57.00,都市：住,1,1,全筆移轉,03690000
RPOQMLOJKHPFFEA97DA,百齡段五小段,32.50,都市：住,4,1,持分移轉,04920000
RPQNMLTJKHPFFEA38DA,百齡段四小段,28.36,都市：住,10000,968,持分移轉,04260000
RPTNMLPJKHPFFAA77CA,景美段三小段,33.50,都市：住,4,1,持分移轉,03580000
RPPNMLPJKHPFFDA67CA,經貿段,49.35,都市：住,50000,546,持分移轉,00250000
RPUOMLPKKHPFFDA38CA,西松段二小段,12.46,都市：其他:第二種商業區及第三種住宅區,100000,587,持分移轉,05950000
RPTNMLPKKHPFFCA18DA,吉林段四小段,2.38,都市：商,10000,29,持分移轉,06690000
RPSOMLKKKHPFFDA67CA,美仁段二小段,26.00,都市：住,3,1,持分移轉,06210000
RPPOMLPJKHPFFBA57CA,青年段一小段,22.05,都市：住,90000,49,持分移轉,00880000
RPSOMLOKKHPFFDA08CA,民生段,23.09,都市：其他:住宅用地及道路用地(公共設施用地)(民生社區特定專用區)。,14590,482,持分移轉,00290000
RPOOMLPJKHPFFCA57CA,中山段三小段,5.14,都市：商,10000,36,持分移轉,03120000
RPQNMLLKKHPFFAA17CA,河堤段五小段,1.65,都市：商,10000,163,持分移轉,03580000
RPQNMLLKKHPFFAA17CA,河堤段五小段,1.12,都市：商,10000,163,持分移轉,03660000
RPQNMLLKKHPFFAA17CA,河堤段五小段,1.03,都市：商,10000,163,持分移轉,03670000
RPXPMLNKKHPFFCA48CA,中山段三小段,10.78,都市：商,1000,55,持分移轉,03380000
RPQNMLLKKHPFFAA17CA,河堤段五小段,2.77,都市：商,10000,163,持分移轉,03560002
RPQNMLLKKHPFFAA17CA,河堤段五小段,.82,都市：住,10000,163,持分移轉,03560003
RPQNMLLKKHPFFAA17CA,河堤段五小段,.20,都市：商,10000,163,持分移轉,03560004
RPRNMLPJKHPFFEA97CA,永新段四小段,25.13,都市：住,10000,426,持分移轉,03910000
RPPNMLTJKHPFFEA18CA,福林段二小段,80.00,都市：其他:保護區,4,1,持分移轉,04900000
RPQNMLRKKHPFFEA18CA,開明段一小段,14.12,都市：住,10000,408,持分移轉,09540000
RPWNMLSKKHPFFEA88CA,海光段一小段,19.71,都市：住,10000,1373,持分移轉,01790000
RPUPMLPJKHPFFFA58CA,大安段一小段,11.12,都市：商,10000,354,持分移轉,06940000
RPRNMLKLKHPFFAA37DA,木柵段一小段,29.24,都市：商,1000000,11395,持分移轉,05380000
RPRRMLOJKHPFFCA08CA,中山段三小段,5.85,都市：商,10000,41,持分移轉,03120000
RPQPMLOJKHPFFAA67DA,木柵段三小段,34.38,都市：商,10000,101,持分移轉,06960000
RPOQMLRLKHPFFDA28CA,美仁段二小段,24.75,都市：住,4,1,持分移轉,06260000
RPPNMLSJKHPFFFA28DA,仁愛段一小段,20.09,都市：住,10000,1161,持分移轉,08360000
RPOOMLKKLHPFFDA37CA,敦化段三小段,21.32,都市：住,522000,21000,持分移轉,02920000
RPPQMLOJKHPFFCA77CA,德惠段三小段,40.00,都市：住,30,10,持分移轉,01420000
RPUNMLPJKHPFFCA08CA,西湖段一小段,24.27,都市：住,10000,150,持分移轉,06040000
RPROMLOLKHPFFDA08CA,信義段三小段,111.64,都市：住,100000,4349,持分移轉,00190000
RPRNMLQKKHPFFDA08CA,西松段二小段,10.00,都市：其他:道路用地公共設施用地,1,1,全筆移轉,01010001
RPWNMLOKKHPFFEA48CA,福林段一小段,25.49,都市：住,46889,489,持分移轉,02340000
RPOQMLPJKHPFFCA77CA,德惠段四小段,19.10,都市：商,10000,1969,持分移轉,00700000
RPOQMLPJKHPFFCA77CA,德惠段四小段,19.10,都市：商,10000,1969,持分移轉,00710000
RPSNMLQKKHPFFDA18CA,西松段三小段,22.00,都市：其他:道路用地公共設施用地,1,1,全筆移轉,06770000
RPQNMLRJKHPFFEA08CA,關渡段一小段,1854.50,都市：其他:公園用地,1,1,全筆移轉,01330001
RPQOMLQJKHPFFCA87CA,石潭段四小段,38.13,都市：住,10000,523,持分移轉,00250000
RPTPMLRJKHPFFDA48CA,西松段一小段,4.02,都市：住,10000,47,持分移轉,07010000
RPTPMLRJKHPFFDA48CA,西松段一小段,.26,都市：住,10000,4,持分移轉,07010002
RPTPMLRJKHPFFDA48CA,西松段一小段,10.21,都市：住,10000,177,持分移轉,07010003
RPTPMLRJKHPFFDA48CA,西松段一小段,.22,都市：住,10000,4,持分移轉,07010004
RPTPMLRJKHPFFDA48CA,西松段一小段,.22,都市：住,10000,4,持分移轉,07010005
RPTPMLRJKHPFFDA48CA,西松段一小段,1.76,都市：住,10000,47,持分移轉,07010006
RPUNMLNJLHPFFAA77CA,河堤段五小段,10.61,都市：商,10000,113,持分移轉,02960000
RPUNMLNJLHPFFAA77CA,河堤段五小段,.53,都市：住,10000,113,持分移轉,03030000
RPOPMLPJKHPFFEA87CA,芝山段二小段,30.01,都市：住,10000,165,持分移轉,05860000
RPPNMLNKKHPFFFA77CA,通化段三小段,11.20,都市：其他:公設保留地,33500,1359,持分移轉,01560000
RPUNMLQJKHPFFDA28CA,中南段二小段,45.65,都市：住,100000,2110,持分移轉,08610000
RPWNMLQJKHPFFEA58CA,天山段一小段,19.73,都市：住,10000,225,持分移轉,06560000
RPORMLPJKHPFFCA87CA,德惠段二小段,23.98,都市：住,10000,88,持分移轉,10480000
RPORMLPJKHPFFCA87CA,德惠段二小段,5.23,都市：住,10000,88,持分移轉,10490000
RPQPMLLKKHPFFCA57CA,長安段二小段,31.50,都市：商,4,1,持分移轉,04810000
RPUNMLPJKHPFFAA87CA,景美段三小段,33.50,都市：住,4,1,持分移轉,03590000
RPQNMLKLKHPFFDA47CA,永春段一小段,18.83,都市：住,10000,1609,持分移轉,00360000
RPSOMLQJKHPFFEA28CA,開明段二小段,10.20,都市：商,10000,151,持分移轉,02800000
RPSNMLSJKHPFFEA48DA,新民段二小段,7.75,都市：其他:特定觀光商業專用區,2556,15,持分移轉,05420000
RPSOMLQJKHPFFEA28CA,開明段二小段,.36,都市：住,10000,151,持分移轉,03030004
RPRPMLLKKHPFFCA67CA,康寧段三小段,31.35,都市：商,100000,1861,持分移轉,02950000
RPRPMLLKKHPFFCA67CA,康寧段三小段,3.46,都市：商,100000,1861,持分移轉,02950003
RPVOMLPJKHPFFEA48CA,光華段三小段,13.04,都市：商,10000,189,持分移轉,07370000
RPPNMLQJKHPFFDA77CA,寶清段七小段,9.11,都市：商,100000,803,持分移轉,01320000
RPQOMLQJKHPFFEA08CA,大業段四小段,25.25,都市：住,8,2,持分移轉,03780000
RPRNMLQJKHPFFEA08CA,陽明段一小段,18.67,都市：住,3,1,持分移轉,02830000
RPUOMLPJKHPFFBA08CA,延平段一小段,3.04,都市：商,10000,58,持分移轉,00020000
RPUNMLRJKHPFFBA28DA,橋北段一小段,21.75,都市：住,4,1,持分移轉,01350000
RPWNMLTJLHPFFAA58CA,興安段一小段,6.69,都市：商,120000,6318,持分移轉,01870001
RPWNMLTJLHPFFAA58CA,興安段一小段,1.00,都市：商,2,1,持分移轉,01880003
RPWNMLTJLHPFFAA58CA,興安段一小段,1.00,都市：商,4,1,持分移轉,01990000
RPWNMLTJLHPFFAA58CA,興安段一小段,3.00,都市：商,4,1,持分移轉,02000000
RPQPMLKKKHPFFDA67DA,雅祥段四小段,3.92,都市：住,49732,260,持分移轉,06940000
RPQPMLKKKHPFFDA67DA,雅祥段四小段,15.04,都市：住,49732,260,持分移轉,06940004
RPTOMLPJKHPFFEA28CA,光華段三小段,17.39,都市：商,10000,252,持分移轉,07370000
RPUNMLQJKHPFFEA38CA,開明段一小段,29.20,都市：住,1000,19,持分移轉,09520000
RPVPMLPJKHPFFDA48CA,永吉段三小段,.57,都市：其他:道路用地(公共設施用地)【51/2/2】,1000,38,持分移轉,07780000
RPVPMLPJKHPFFDA48CA,永吉段三小段,.04,都市：其他:道路用地(公共設施用地)【51/2/2】,1000,38,持分移轉,07790000
RPVPMLPJKHPFFDA48CA,永吉段三小段,13.60,都市：住,1000,38,持分移轉,08290000
RPXNMLRJKHPFFAA38CA,南海段三小段,27.08,都市：住,10000,366,持分移轉,01150000
RPSNMLKLKHPFFDA77DA,寶清段七小段,7.91,都市：商,10000,45,持分移轉,07080000
RPPNMLLKKHPFFEA47CA,光華段二小段,28.00,都市：住,3,1,持分移轉,07970000
RPPRMLQJKHPFFCA18DA,榮星段五小段,1.11,都市：住,28,1,持分移轉,01920000
RPPRMLQJKHPFFCA18DA,榮星段五小段,8.46,都市：住,28,1,持分移轉,01930000
RPPRMLQJKHPFFCA18DA,榮星段五小段,8.25,都市：住,28,1,持分移轉,01940000
RPRNMLTJKHPFFCA28DA,北安段三小段,36.09,都市：住,10000,61,持分移轉,05990000
RPOOMLRJKHPFFCA87DA,碧湖段四小段,16.18,都市：住,10000,219,持分移轉,06180000
RPUPMLPJKHPFFDA48DA,敦化段一小段,14.89,都市：商,20000,1284,持分移轉,07630000
RPUPMLPJKHPFFDA48DA,敦化段一小段,10.85,都市：商,20000,1284,持分移轉,07650000
RPQRMLQJKHPFFCA28DA,西湖段二小段,17.66,都市：住,100000,934,持分移轉,03530000
RPUPMLQLKHPFFCA58CA,康寧段二小段,31.62,都市：住,10000,80,持分移轉,00670000
RPOOMLKKKHPFFAA07DA,興安段二小段,40.32,都市：住,10000,452,持分移轉,05930000
RPOOMLRJKHPFFAA57CA,萬芳段三小段,55.68,都市：住,20000,551,持分移轉,07850000
RPSNMLQKKHPFFCA08CA,吉林段二小段,6.35,都市：其他:道路用地公共設施用地,8,1,持分移轉,05080002
RPSNMLQKKHPFFCA08CA,吉林段二小段,19.15,都市：其他:道路用地公共設施用地,8,1,持分移轉,02600007
RPSNMLQKKHPFFCA08CA,吉林段二小段,35.00,都市：其他:道路用地公共設施用地,8,1,持分移轉,04400000
RPSNMLQKKHPFFCA08CA,榮星段三小段,6.75,都市：其他:道路用地公共設施用地,16,9,持分移轉,05350001
RPSNMLQKKHPFFCA08CA,吉林段二小段,2.56,都市：其他:道路用地公共設施用地,8,1,持分移轉,05080004
RPSNMLQKKHPFFCA08CA,吉林段二小段,2.43,都市：其他:道路用地公共設施用地,8,1,持分移轉,05080005
RPSNMLQKKHPFFCA08CA,榮星段三小段,39.00,都市：其他:道路用地公共設施用地,2,1,持分移轉,05040001
RPTNMLQJKHPFFAA97DA,木柵段三小段,23.80,都市：住,10000,57,持分移轉,06770000
RPRSMLNKKHPFFCA18CA,正義段三小段,5.50,都市：商,10000,104,持分移轉,02310000
RPSNMLQJKHPFFEA18CA,文林段一小段,30.00,都市：住,3,1,持分移轉,01780000
RPOOMLQJKHPFFEA87CA,陽明段二小段,4.78,都市：商,10000,613,持分移轉,03000000
RPPOMLQJKHPFFEA97CA,三合段,38.56,都市：住,100000,3561,持分移轉,00150000
RPOOMLQJKHPFFEA87CA,陽明段二小段,5.03,都市：商,10000,613,持分移轉,03010000
RPOOMLQJKHPFFEA87CA,陽明段二小段,15.08,都市：商,10000,613,持分移轉,03020000
RPPOMLNKKHPFFEA77CA,振興段二小段,16.42,都市：住,60000,1212,持分移轉,02760000
RPWQMLRJKHPFFCA88DA,潭美段四小段,24.75,都市：住,4,1,持分移轉,04400000
RPRNMLSJKHPFFFA48DA,懷生段四小段,35.10,都市：住,10,1,持分移轉,04960000
RPQOMLQJKHPFFBA77CA,華江段二小段,3.31,都市：住,100000,381,持分移轉,00940000
RPRNMLSJKHPFFFA48DA,懷生段四小段,.20,都市：其他:道路用地,10,1,持分移轉,04960001
RPQOMLQJKHPFFBA77CA,華江段二小段,1.10,都市：住,100000,381,持分移轉,00940001
RPRNMLQJKHPFFCA87CA,文德段四小段,4.87,都市：商,5000000,17011,持分移轉,00210001
RPWOMLQJKHPFFCA48CA,中山段二小段,9.87,都市：商,200000,4154,持分移轉,00050000
RPSOMLRKKHPFFEA48CA,永新段三小段,37.94,都市：商,1000,281,持分移轉,02100000
RPUNMLKLKHPFFDA97DA,南港段一小段,7.01,都市：商,100000,546,持分移轉,12230000
RPORMLTKKHPFFCA38CA,長安段三小段,18.46,都市：商,10000,197,持分移轉,00200000
RPORMLTKKHPFFCA38CA,長安段三小段,6.66,都市：商,10000,197,持分移轉,00200001
RPORMLTKKHPFFCA38CA,長安段三小段,.95,都市：商,10000,197,持分移轉,00200002
RPORMLTKKHPFFCA38CA,長安段三小段,2.42,都市：商,10000,197,持分移轉,00230000
RPORMLTKKHPFFCA38CA,長安段三小段,2.42,都市：商,10000,197,持分移轉,00240000
RPORMLTKKHPFFCA38CA,長安段三小段,1.50,都市：商,10000,197,持分移轉,00540000
RPORMLTKKHPFFCA38CA,長安段三小段,.24,都市：商,10000,197,持分移轉,00540001
RPORMLTKKHPFFCA38CA,長安段三小段,1.52,都市：商,10000,197,持分移轉,00570000
RPVPMLKKKHPFFFA28CA,學府段一小段,27.60,都市：住,100000,4646,持分移轉,04220000
RPXNMLQJKHPFFCA48CA,東湖段五小段,17.80,都市：住,100000,1010,持分移轉,03310000
RPWNMLQJKHPFFCA48DA,吉林段五小段,.20,都市：商,20000,46,持分移轉,03020000
RPWNMLQJKHPFFCA48DA,吉林段五小段,2.47,都市：商,20000,46,持分移轉,03330000
RPOOMLRJKHPFFEA08DA,永平段一小段,.28,都市：住,30000,3,持分移轉,02760000
RPVNMLLKKHPFFEA18DA,立農段五小段,7.34,都市：住,10000,276,持分移轉,02070000
RPVOMLPJKHPFFBA28DA,文昌段一小段,15.83,都市：住,22400,1583,持分移轉,04480000
RPXOMLRJKHPFFDA88DA,寶清段二小段,4.86,都市：商,10000,62,持分移轉,04120000
RPOOMLPKKHPFFAA47CA,萬芳段二小段,30.40,都市：住,100000,4819,持分移轉,06570002
RPVNMLRJKHPFFEA58CA,溫泉段一小段,7.80,都市：其他:特定觀光商業專用區,10000,120,持分移轉,01000000
RPPOMLRJKHPFFEA08CA,天母段一小段,37.60,都市：住,10,1,持分移轉,02880000
RPUOMLTKKHPFFFA09DA,懷生段一小段,16.83,都市：商,6,1,持分移轉,07640000
RPROMLSKKHPFFFA68DA,辛亥段三小段,22.80,都市：住,10000,179,持分移轉,05180000
RPVQMLRJKHPFFCA68CA,康寧段三小段,21.19,都市：商,10000,116,持分移轉,02530000
RPTPMLKKKHPFFCA77CA,吉林段二小段,1.50,都市：商,10000,107,持分移轉,02190000
RPTPMLKKKHPFFCA77CA,吉林段二小段,7.49,都市：住,10000,107,持分移轉,02230000
RPTNMLRJKHPFFDA28CA,虎林段四小段,26.38,都市：住,10000,15,持分移轉,03050000
RPVNMLRJKHPFFDA48CA,寶清段二小段,3.12,都市：商,10000,160,持分移轉,03270000
RPSOMLNKKHPFFCA87CA,吉林段四小段,9.43,都市：商,1000000,5605,持分移轉,06420000
RPROMLNKKHPFFAA57CA,河堤段一小段,10.24,都市：住,10000,204,持分移轉,06560000
RPSNMLRJKHPFFDA18CA,永吉段四小段,10.76,都市：住,10000,152,持分移轉,01180000
RPWOMLNKKHPFFBA18CA,直興段三小段,17.62,都市：商,10000,118,持分移轉,00010000
RPWOMLNKKHPFFBA18CA,直興段三小段,2.02,都市：商,10000,118,持分移轉,00110000
RPOOMLKMOHPFFAA67DA,興泰段三小段,28.93,都市：住,30,1,持分移轉,03020000
RPTOMLQJKHPFFBA08CA,華江段三小段,29.00,都市：其他:特定專用區,4,1,持分移轉,02670000
RPPNMLSJKHPFFAA67CA,華興段二小段,34.81,都市：住,10000,413,持分移轉,09870000
RPTOMLQJKHPFFBA08CA,華江段三小段,2.00,都市：其他:道路用地,4,1,持分移轉,02670001
RPPNMLSJKHPFFAA67CA,華興段二小段,.02,都市：其他:道,10000,413,持分移轉,09870001
RPPNMLSJKHPFFAA67CA,華興段二小段,.02,都市：其他:道,10000,413,持分移轉,09870002
RPPNMLSJKHPFFAA67CA,華興段二小段,3.59,都市：住,10000,413,持分移轉,09870003
RPPNMLSJKHPFFAA67CA,華興段二小段,.29,都市：住,10000,413,持分移轉,09880000
RPPNMLSJKHPFFAA67CA,華興段二小段,.12,都市：住,10000,413,持分移轉,09890000
RPRNMLKKKHPFFCA37CA,潭美段四小段,18.80,都市：住,5,1,持分移轉,03040000
RPRNMLKKKHPFFCA37CA,潭美段四小段,.80,都市：其他:道路用地(公共設施用地),5,1,持分移轉,03040002
RPRPMLSKKHPFFAA28DA,福和段二小段,17.81,都市：住,100000,592,持分移轉,06990000
RPQRMLNKKHPFFCA97CA,長安段三小段,53.42,都市：住,50000,1782,持分移轉,07590000
RPWPMLQJKHPFFCA58CA,吉林段四小段,20.27,都市：商,10000,1275,持分移轉,08130000
RPQNMLRJKHPFFBA77CA,迪化段三小段,33.72,都市：其他:特定專用區(供特定住宅使用),10000,1653,持分移轉,07530000
RPSPMLTKKHPFFCA58CA,長安段四小段,14.25,都市：住,4,1,持分移轉,02450000
RPSPMLTKKHPFFCA58CA,長安段四小段,4.50,都市：住,4,1,持分移轉,02450001
RPSNMLRJKHPFFBA97CA,城中段二小段,3.87,都市：商,10000,97,持分移轉,06040000
RPWOMLQJKHPFFDA58CA,南港段一小段,18.57,都市：商,100000,901,持分移轉,13210000
RPVOMLQJKHPFFBA28CA,文昌段一小段,26.21,都市：住,10000,131,持分移轉,08230000
RPROMLKKKHPFFBA37CA,青年段一小段,12.40,都市：住,31555,17,持分移轉,00740000
RPPOMLKKKHPFFBA17CA,成功段三小段,30.40,都市：住,10000,104,持分移轉,00910000
RPPOMLKKKHPFFBA17CA,成功段三小段,.21,都市：其他:道路用地,10000,104,持分移轉,00910002
RPOOMLQJKHPFFDA77CA,西松段二小段,1.50,都市：其他:道路用地(公共設施用地),4,1,持分移轉,03140000
RPOOMLQJKHPFFDA77CA,西松段二小段,24.50,都市：住,4,1,持分移轉,03150000
RPXOMLTKKHPFFFA76DA,復興段三小段,.50,都市：住,12,1,持分移轉,02690001
RPXOMLTKKHPFFFA76DA,復興段三小段,11.33,都市：住,12,1,持分移轉,02960000
RPXOMLTKKHPFFFA76DA,復興段三小段,1.17,都市：住,12,1,持分移轉,02970000
RPRNMLPLKHPFFFA28CA,學府段一小段,3.93,都市：商,100000,545,持分移轉,00110000
RPTNMLKLKHPFFFA08DA,金華段三小段,3.34,都市：商,10000,137,持分移轉,01860000
RPRNMLPLKHPFFFA28CA,學府段一小段,.66,都市：商,100000,545,持分移轉,00410000
RPVNMLQJLHPFFFA78DA,大安段一小段,4.36,都市：其他:敦化南北路特定專用區,1758000,4684,持分移轉,00420000
RPRNMLRKKHPFFAA87CA,萬芳段二小段,153.35,都市：住,10000,45,持分移轉,06000000
RPXNMLTKKHPFFAA78DA,河堤段二小段,4.73,都市：商,10000,110,持分移轉,00080000
RPTOMLRJKHPFFCA38DA,東湖段七小段,21.68,都市：住,100000,1439,持分移轉,00940000
RPUQMLRJKHPFFCA58CA,康寧段三小段,25.03,都市：商,10000,137,持分移轉,02530000
RPSOMLNJLHPFFCA87CA,吉林段三小段,4.70,都市：商,100000,360,持分移轉,08690000
RPXNMLQJKHPFFDA58CA,玉成段三小段,21.04,都市：商,10000,262,持分移轉,02210000
RPRPMLRJKHPFFCA28DA,中山段四小段,23.00,都市：商,15,3,持分移轉,06020000
RPPOMLPLLHPFFBA87CA,迪化段一小段,46.00,都市：商,1,1,全筆移轉,04970000
RPSOMLKKKHPFFEA77CA,華岡段二小段,48.46,都市：其他:特定住宅區（二）,10000,658,持分移轉,03610000
RPPOMLRLKHPFFBA97CA,莒光段四小段,25.00,都市：住,1081,25,持分移轉,02430000
RPPNMLRJKHPFFEA97CA,豐年段四小段,27.77,都市：其他:科技工業區,100000,364,持分移轉,04340000
RPWNMLMKKHPFFBA08DA,福星段三小段,51.83,都市：商,10000,339,持分移轉,00950000
RPWOMLKKKHPFFBA97DA,圓環段一小段,9.70,都市：商,100000,1509,持分移轉,05390000
RPWOMLKKKHPFFBA97DA,圓環段一小段,5.30,都市：住,100000,1509,持分移轉,05400000
RPUQMLKKKHPFFCA08DA,金泰段,11.30,都市：商,100000,419,持分移轉,00940006
RPUOMLRJKHPFFDA58DA,犂和段四小段,29.00,都市：住,5,1,持分移轉,00140019
RPUPMLKKKHPFFFA18CA,懷生段三小段,.82,都市：住,1000000,715,持分移轉,03680000
RPPNMLRJKHPFFDA87CA,雅祥段三小段,6.72,都市：住,10000,168,持分移轉,01120000
RPPNMLRJKHPFFDA87CA,雅祥段三小段,5.44,都市：住,10000,168,持分移轉,01120002
RPWOMLSKKHPFFBA78DA,漢中段三小段,14.67,都市：商,100000,882,持分移轉,02700000
RPVQMLKKKHPFFDA18CA,西松段一小段,1.00,都市：其他:道路用地,6,1,持分移轉,06740005
RPWPMLTKKHPFFBA98DA,臨沂段三小段,35.33,都市：商,10000,768,持分移轉,03750000
RPXNMLOKKHPFFCA38CA,正義段二小段,2.93,都市：商,10000,248,持分移轉,03110000
RPXNMLOKKHPFFCA38CA,正義段二小段,2.73,都市：商,10000,248,持分移轉,03120000
RPUQMLNKKHPFFCA38DA,德惠段三小段,21.24,都市：住,47100,2124,持分移轉,00180001
RPQNMLRLKHPFFEA28CA,三玉段二小段,5.18,都市：商,10000,42,持分移轉,00890000
RPRNMLRJKHPFFDA08CA,雅祥段二小段,14.14,都市：商,10000,288,持分移轉,00390000
RPQNMLRLKHPFFEA28CA,三玉段二小段,2.90,都市：商,10000,42,持分移轉,00890001
RPQRMLTKKHPFFCA68DA,潭美段五小段,50.96,都市：住,100000,1185,持分移轉,00820000
RPUPMLRJKHPFFCA48CA,榮星段五小段,22.21,都市：住,12000,230,持分移轉,04600000
RPTPMLRLKHPFFDA68CA,福德段二小段,20.60,都市：住,5,1,持分移轉,07650000
RPXNMLRJKHPFFCA68DA,東湖段五小段,22.94,都市：住,10000,319,持分移轉,02010000
RPUNMLTJKHPFFDA68DA,民生段,2.12,都市：商,10000,5,持分移轉,00530002
RPTNMLRKKHPFFCA28CA,西湖段二小段,18.53,都市：住,10000,236,持分移轉,03390000
RPQNMLRJKHPFFDA97CA,西松段二小段,20.68,都市：住,100,11,持分移轉,03740000
RPOPMLSKKHPFFCA08CA,碧湖段三小段,34.53,都市：住,1000,52,持分移轉,04540000
RPSNMLRKKHPFFAA97CA,政大段一小段,57.85,都市：住,10000,70,持分移轉,00430000
RPVNMLKKKHPFFAA57CA,博嘉段三小段,1.21,都市：住,20000,314,持分移轉,05880000
RPVNMLKKKHPFFAA57CA,博嘉段三小段,.91,都市：住,20000,314,持分移轉,05890000
RPVNMLKKKHPFFAA57CA,博嘉段三小段,15.34,都市：住,20000,314,持分移轉,05900000
RPVNMLKKKHPFFAA57CA,博嘉段三小段,.31,都市：住,20000,314,持分移轉,05900001
RPXNMLRJKHPFFFA88CA,通化段五小段,38.00,都市：住,27500,3800,持分移轉,03440000
RPRPMLKKKHPFFCA67DA,長安段二小段,12.71,都市：商,30000,615,持分移轉,01040000
RPROMLKLKHPFFBA47CA,直興段二小段,278.00,都市：其他:商四特,1,1,全筆移轉,01950000
RPWNMLLKKHPFFFA28CA,仁愛段一小段,22.54,都市：其他:敦化南北路特定專用區,26,1,持分移轉,04210000
RPXQMLKKKHPFFDA38CA,經貿段,61.84,都市：住,100000,2483,持分移轉,00800002
RPPNMLMLKHPFFBA37CA,迪化段二小段,10.70,都市：其他:特定專用區〈供一般商業使用〉,10000,418,持分移轉,03380000
RPTOMLPKKHPFFEA38CA,立農段三小段,48.73,都市：住,4,1,持分移轉,03410000
RPTOMLPKKHPFFEA38CA,立農段三小段,.29,都市：其他:道路用地(公共設施用地),4,1,持分移轉,03410001
RPTOMLPKKHPFFEA38CA,立農段三小段,.23,都市：其他:道路用地(公共設施用地),4,1,持分移轉,03410002
RPQNMLKKKHPFFCA37DA,舊宗段,42.77,都市：商,10000,213,持分移轉,01030003
RPUNMLKKKHPFFDA77CA,玉成段一小段,16.00,都市：工,1,1,全筆移轉,02600002
RPRNMLOKKHPFFBA67CA,大龍段二小段,28.27,都市：住,10000,515,持分移轉,00200000
RPUNMLKKKHPFFDA77CA,玉成段一小段,241.00,都市：工,1,1,全筆移轉,02630000
RPVPMLRLKHPFFDA88CA,延吉段三小段,33.00,都市：住,4,1,持分移轉,06740000
RPVPMLRLKHPFFDA88CA,延吉段三小段,5.00,都市：其他:道路用地,4,1,持分移轉,06750000
RPUPMLKKKHPFFCA87CA,康寧段三小段,11.11,都市：商,100000,814,持分移轉,02720000
RPUPMLKKKHPFFCA87CA,康寧段三小段,29.61,都市：住,100000,1460,持分移轉,02780000
RPSQMLLKKHPFFCA87CA,吉林段四小段,9.19,都市：住,10000,62,持分移轉,03150000
RPSQMLLKKHPFFCA87CA,吉林段四小段,.48,都市：住,10000,62,持分移轉,03140000
RPVRMLNLLHPFFCA68CA,中山段四小段,21.03,都市：住,1000,171,持分移轉,04130000
RPQPMLRJKHPFFEA28CA,陽明段四小段,13.72,都市：商,51000,186,持分移轉,07640000
RPQPMLRJKHPFFEA28CA,陽明段四小段,9.78,都市：商,51000,186,持分移轉,07680000
RPTNMLQJLHPFFCA18CA,中山段一小段,5.02,都市：商,10000,152,持分移轉,01000000
RPRPMLRJKHPFFBA18DA,青年段一小段,16.20,都市：住,90000,36,持分移轉,00880000
RPSNMLOKKHPFFAA77DA,永昌段二小段,10.57,都市：住,10000,565,持分移轉,05220000
RPXNMLPKKHPFFCA48CA,康寧段三小段,16.97,都市：其他:市場用地,100000,410,持分移轉,02670001
RPVPMLPKKHPFFDA68DA,延吉段一小段,10.91,都市：住,10000,180,持分移轉,05000000
RPQPMLKLKHPFFDA77DA,虎林段一小段,22.60,都市：商,10000,169,持分移轉,03630000
RPQPMLKLKHPFFDA77DA,虎林段一小段,5.64,都市：商,10000,169,持分移轉,03630001
RPSRMLRJKHPFFCA48CA,東湖段七小段,22.93,都市：住,10000,104,持分移轉,00650000
RPWNMLKKKHPFFCA87CA,中山段一小段,18.72,都市：商,100000,1457,持分移轉,06750000
RPQPMLKKKHPFFFA77CA,仁愛段三小段,33.36,都市：住,10000,315,持分移轉,03260000
RPTRMLRJKHPFFCA58CA,長安段三小段,1.98,都市：商,10000,59,持分移轉,02560000
RPUPMLPKKHPFFDA58DA,延吉段一小段,15.51,都市：住,10000,1221,持分移轉,06260000
RPTRMLRJKHPFFCA58CA,長安段三小段,2.52,都市：住,10000,59,持分移轉,02560001
RPURMLRJKHPFFCA68CA,北安段三小段,29.43,都市：住,10000,235,持分移轉,04820000
RPXNMLKKKHPFFBA87CA,市府段一小段,5.21,都市：商,10000,112,持分移轉,08470000
RPROMLKKKHPFFEA67CA,大業段四小段,59.75,都市：住,4,1,持分移轉,00770000
RPQOMLRJKHPFFEA18CA,光華段二小段,27.71,都市：住,10000,404,持分移轉,07140003
RPOQMLRJKHPFFBA97DA,直興段一小段,4.49,都市：商,10000,94,持分移轉,00130000
RPPNMLOKKHPFFBA47CA,市府段二小段,1.02,都市：商,10000,14,持分移轉,05020000
RPWPMLPKKHPFFDA78DA,西松段一小段,17.28,都市：商,80380,432,持分移轉,06180000
RPPQMLOKKHPFFDA97CA,三興段一小段,3.95,都市：商,10000,52,持分移轉,09990000
RPQNMLMKKHPFFCA47CA,潭美段五小段,8.00,都市：其他:辦公服務區,50000,118,持分移轉,00500000
RPQNMLSJKHPFFEA28DA,文林段三小段,24.50,都市：住,4,1,持分移轉,03710000
RPUQMLLKKHPFFBA97CA,青年段二小段,24.00,都市：住,4,1,持分移轉,03590000
RPTOMLKKKHPFFBA57CA,直興段一小段,9.18,都市：住,10000,56,持分移轉,04500000
RPTNMLSJKHPFFEA58DA,桃源段二小段,25.06,都市：住,10000,58,持分移轉,02510000
RPRPMLTKKHPFFBA38CA,橋北段一小段,19.60,都市：住,5,1,持分移轉,05820000
RPRPMLTKKHPFFBA38CA,橋北段一小段,4.00,都市：其他:道路用地,6,1,持分移轉,05820001
RPSNMLSKKHPFFCA28CA,康寧段一小段,27.74,都市：商,28000,64,持分移轉,02230000
RPSOMLKKKHPFFFA87CA,金華段一小段,58.28,都市：住,10000,1714,持分移轉,00320010
RPQOMLKKKHPFFBA27CA,福星段四小段,16.00,都市：商,91880,1464,持分移轉,03740000
RPQOMLKKKHPFFBA27CA,福星段四小段,.57,都市：其他:道路用地,91880,1464,持分移轉,03740001
RPUNMLRKKHPFFCA38CA,康寧段三小段,8.96,都市：商,2000,11,持分移轉,02320000
RPSPMLKLKHPFFDA97DA,吳興段一小段,30.00,都市：住,4,1,持分移轉,02770000
RPRNMLSKKHPFFCA18CA,潭美段四小段,26.64,都市：住,10000,488,持分移轉,03710000
RPQOMLKKKHPFFEA57CA,大業段四小段,59.75,都市：住,4,1,持分移轉,00770000
RPTOMLRJKHPFFBA18CA,福星段二小段,11.56,都市：商,5960,130,持分移轉,00950000
RPTOMLRJKHPFFBA18CA,福星段二小段,1.45,都市：其他:道路用地(公共設施用地)【47/2/7】,5960,130,持分移轉,00950001
RPTOMLRJKHPFFBA18CA,福星段二小段,.01,都市：商,5960,130,持分移轉,00950002
RPSPMLLKKHPFFCA77CA,中山段三小段,36.25,都市：商,4,1,持分移轉,03740000
RPVNMLOKKHPFFEA38CA,崇仰段四小段,28.59,都市：住,10000,231,持分移轉,01250000
RPTOMLLKKHPFFCA87DA,潭美段三小段,7.60,都市：工,100000,130,持分移轉,05420000
RPSPMLKKKHPFFFA97CA,學府段二小段,59.00,都市：住,3,1,持分移轉,00570000
RPSPMLKKKHPFFFA97CA,學府段二小段,6.67,都市：其他:道路用地(公共設施用地)【60/7/13】,3,1,持分移轉,00580000
RPSPMLKKKHPFFFA97CA,學府段二小段,2.67,都市：其他:道路用地(公共設施用地)【60/7/13】,3,1,持分移轉,00600000
RPRNMLRKKHPFFCA08CA,東湖段二小段,29.02,都市：住,10000,339,持分移轉,00070007
RPRNMLRKKHPFFCA08CA,東湖段二小段,2.14,都市：住,10000,339,持分移轉,00070015
RPVPMLKKKHPFFCA97CA,榮星段四小段,40.25,都市：住,4,1,持分移轉,02550000
RPPNMLLKKHPFFCA27CA,碧湖段二小段,8.63,都市：商,10000,142,持分移轉,00380000
RPVNMLLKKHPFFAA67CA,興隆段三小段,36.67,都市：住,12,4,持分移轉,00020000
RPVNMLLKKHPFFAA67CA,興隆段三小段,61.67,都市：住,12,4,持分移轉,00020001
RPVNMLLKKHPFFAA67CA,興隆段三小段,3.00,都市：住,12,4,持分移轉,00020002
RPWNMLLKKHPFFAA77CA,河堤段五小段,3.54,都市：商,10000,107,持分移轉,02400000
RPWNMLLKKHPFFAA77CA,河堤段五小段,.56,都市：住,10000,107,持分移轉,02400001
RPWNMLLKKHPFFAA77CA,河堤段五小段,6.95,都市：商,6600,71,持分移轉,02450000
RPUOMLKKKHPFFBA67CA,漢中段二小段,13.25,都市：商,10000,28,持分移轉,09770000
RPXPMLNJLHPFFEA68CA,蘭雅段三小段,1.30,都市：住,80,1,持分移轉,03160000
RPPQMLNJLHPFFEA97CA,蘭雅段三小段,.65,都市：住,160,1,持分移轉,03160000
RPTOMLMKKHPFFBA77CA,迪化段一小段,.91,都市：其他:特定專用區(供一般商業使用)。,10000,93,持分移轉,05620000
RPRNMLLKKHPFFBA37CA,大龍段三小段,25.17,都市：商,12,1,持分移轉,09680000
RPTOMLMKKHPFFBA77CA,迪化段一小段,.17,都市：其他:特定專用區(供一般商業使用)。,10000,93,持分移轉,05570000
RPTOMLMKKHPFFBA77CA,迪化段一小段,.94,都市：其他:特定專用區(供一般商業使用)。,10000,93,持分移轉,05580000
RPTOMLMKKHPFFBA77CA,迪化段一小段,.99,都市：其他:特定專用區(供一般商業使用)。,10000,93,持分移轉,05590000
RPTOMLMKKHPFFBA77CA,迪化段一小段,.18,都市：其他:特定專用區(供一般商業使用)。,10000,93,持分移轉,05600000
RPTOMLMKKHPFFBA77CA,迪化段一小段,.16,都市：其他:特定專用區(供一般商業使用)。,10000,93,持分移轉,05610000
RPTOMLMKKHPFFBA77CA,迪化段一小段,.61,都市：其他:特定專用區(供一般商業使用)。,10000,93,持分移轉,05550000
RPTOMLMKKHPFFBA77CA,迪化段一小段,.69,都市：其他:特定專用區(供一般商業使用)。,10000,93,持分移轉,05550001
RPTOMLMKKHPFFBA77CA,迪化段一小段,.06,都市：其他:道路用地(公共設施用地）,10000,93,持分移轉,05550002
RPTOMLMKKHPFFBA77CA,迪化段一小段,.10,都市：其他:道路用地(公共設施用地）,10000,93,持分移轉,05550003
RPTOMLMKKHPFFBA77CA,迪化段一小段,.16,都市：其他:特定專用區(供一般商業使用)。,10000,93,持分移轉,05560000
RPTOMLMKKHPFFBA77CA,迪化段一小段,.04,都市：其他:道路用地(公共設施用地）,10000,93,持分移轉,05560001
RPVOMLLKKHPFFBA87CA,臨沂段三小段,34.00,都市：住,4,1,持分移轉,05150000
RPXOMLNKKHPFFBA28CA,臨沂段三小段,.29,都市：商,100000,481,持分移轉,03700000
RPXOMLNKKHPFFBA28CA,臨沂段三小段,1.62,都市：商,100000,481,持分移轉,03700001
RPXOMLNKKHPFFBA28CA,臨沂段三小段,.09,都市：商,100000,481,持分移轉,03700002
RPXOMLNKKHPFFBA28CA,臨沂段三小段,.01,都市：商,100000,481,持分移轉,03700003
RPXOMLNKKHPFFBA28CA,臨沂段三小段,.01,都市：商,100000,481,持分移轉,03700004
RPXOMLNKKHPFFBA28CA,臨沂段三小段,.14,都市：商,100000,481,持分移轉,03700005
RPXOMLNKKHPFFBA28CA,臨沂段三小段,.53,都市：商,100000,481,持分移轉,03710000
RPXOMLNKKHPFFBA28CA,臨沂段三小段,.69,都市：商,100000,481,持分移轉,03710002
RPXOMLNKKHPFFBA28CA,臨沂段三小段,.40,都市：商,100000,481,持分移轉,03860000
RPXOMLNKKHPFFBA28CA,臨沂段三小段,.47,都市：商,100000,481,持分移轉,03860002
RPXOMLNKKHPFFBA28CA,臨沂段三小段,.71,都市：商,100000,481,持分移轉,03860004
RPXOMLNKKHPFFBA28CA,臨沂段三小段,.38,都市：商,100000,481,持分移轉,03860006
RPQSMLQLKHPFFCA48CA,長安段三小段,57.28,都市：住,50000,1758,持分移轉,07430000
RPQSMLQLKHPFFCA48CA,長安段三小段,.14,都市：其他:道路用地,50000,1758,持分移轉,07430001
RPXNMLMKKHPFFDA28CA,民生段,113.25,都市：住,4,1,持分移轉,01290015
RPWPMLNJLHPFFEA58CA,蘭雅段三小段,1.30,都市：住,80,1,持分移轉,03160000
RPVOMLLLKHPFFCA08CA,長安段四小段,26.15,都市：住,100000,2298,持分移轉,05030000
RPVOMLLLKHPFFCA08CA,長安段四小段,.51,都市：住,100000,2298,持分移轉,05200000
RPVOMLKKKHPFFBA77CA,玉泉段二小段,2.21,都市：商,10000,41,持分移轉,01360000
RPPOMLPKKHPFFCA77CA,中山段一小段,4.88,都市：商,10000,56,持分移轉,07270000
RPXNMLLKKHPFFAA87CA,興隆段一小段,23.83,都市：住,10000,58,持分移轉,02710000
RPXNMLLKKHPFFAA87CA,興隆段一小段,1.12,都市：住,10000,89,持分移轉,02760004
RPUOMLLLKHPFFCA97CA,長安段四小段,2.96,都市：住,100000,260,持分移轉,05030000
RPXNMLLKKHPFFAA87CA,興隆段一小段,.02,都市：住,10000,89,持分移轉,02820008
RPUOMLLLKHPFFCA97CA,長安段四小段,.06,都市：住,100000,260,持分移轉,05200000
RPPPMLNJLHPFFEA87CA,蘭雅段三小段,7.80,都市：住,40,3,持分移轉,03160000
RPTOMLQJLHPFFEA48CA,天山段二小段,31.43,都市：商,1000,31,持分移轉,02470000
RPOOMLNKKHPFFDA57CA,西松段二小段,18.26,都市：住,10000,239,持分移轉,06970000
RPUPMLNJLHPFFEA38CA,蘭雅段三小段,1.30,都市：住,80,1,持分移轉,03160000
RPRQMLNJLHPFFEA18CA,蘭雅段三小段,1.62,都市：住,64,1,持分移轉,03160000
RPXOMLKKKHPFFEA28CA,光華段四小段,38.25,都市：商,4,1,持分移轉,05360000
RPRQMLKKKHPFFCA67CA,文德段二小段,23.15,都市：住,10000,68,持分移轉,02200000
RPSQMLKKKHPFFCA77CA,文德段四小段,33.99,都市：住,10000,161,持分移轉,02420000
RPOQMLNJLHPFFEA87CA,蘭雅段三小段,.65,都市：住,160,1,持分移轉,03160000
RPTPMLNJLHPFFEA28CA,蘭雅段三小段,1.95,都市：住,160,3,持分移轉,03160000
RPUOMLLKKHPFFBA77CA,臨沂段一小段,55.25,都市：住,4,1,持分移轉,02150000
RPUOMLLKKHPFFBA77CA,臨沂段一小段,1.00,都市：其他:道路用地﹝公共設施保留地﹞,4,1,持分移轉,02150002
RPTNMLRLKHPFFEA68DA,福林段三小段,45.74,都市：住,10000,605,持分移轉,08110003
RPTNMLLKKHPFFFA97CA,仁愛段三小段,23.94,都市：住,8640000,245350,持分移轉,02480000
RPTNMLLKKHPFFFA97CA,仁愛段三小段,.14,都市：其他:道路用地(公共設施用地)【61/3/27】,8640000,245350,持分移轉,02480001
RPTNMLLKKHPFFFA97CA,仁愛段三小段,.26,都市：其他:道路用地(公共設施用地)【61/3/27】,8640000,245350,持分移轉,02490000
RPSPMLNJLHPFFEA18CA,蘭雅段三小段,1.95,都市：住,160,3,持分移轉,03160000
RPVPMLNJLHPFFEA48CA,蘭雅段三小段,1.30,都市：住,80,1,持分移轉,03160000
RPWQMLNJLHPFFEA68CA,蘭雅段三小段,1.30,都市：住,80,1,持分移轉,03160000
RPOOMLLKKHPFFEA57DA,華岡段三小段,5.19,都市：商,10000,48,持分移轉,06050000
RPSOMLRKLHPFFAA18CA,興泰段三小段,17.99,都市：住,10000,142,持分移轉,03770009
RPQPMLOJLHPFFBA87DA,橋北段二小段,4.99,都市：其他:聯合開發區(捷),100000,122,持分移轉,06360000
RPQPMLOJLHPFFBA87DA,橋北段二小段,.03,都市：其他:聯合開發區(捷),100000,122,持分移轉,06800010
RPQPMLOJLHPFFBA87DA,橋北段二小段,.01,都市：其他:聯合開發區(捷),100000,122,持分移轉,06800011
RPTQMLNJLHPFFEA38CA,蘭雅段三小段,1.62,都市：住,64,1,持分移轉,03160000
RPVNMLNJLHPFFCA08CA,德惠段三小段,2.44,都市：住,10000,23,持分移轉,05230000
RPVNMLNJLHPFFCA08CA,德惠段三小段,4.12,都市：住,10000,23,持分移轉,05230001
RPQQMLTKKHPFFDA68DA,雅祥段四小段,.28,都市：住,10000,7,持分移轉,08040000
RPOOMLLKKHPFFFA57CA,懷生段三小段,16.25,都市：住,20,1,持分移轉,04780000
RPQQMLTKKHPFFDA68DA,雅祥段四小段,.00,都市：住,10000,3,持分移轉,08040004
RPQQMLTKKHPFFDA68DA,雅祥段四小段,6.40,都市：住,10000,276,持分移轉,08050000
RPQQMLTKKHPFFDA68DA,雅祥段四小段,10.96,都市：住,10000,276,持分移轉,08050001
RPQQMLTKKHPFFDA68DA,雅祥段四小段,.02,都市：住,10000,2,持分移轉,08270000
RPQQMLTKKHPFFDA68DA,雅祥段四小段,.00,都市：住,10000,1,持分移轉,08270004
RPUQMLNJLHPFFEA48CA,蘭雅段三小段,1.62,都市：住,64,1,持分移轉,03160000
RPRPMLNJLHPFFEA08CA,蘭雅段三小段,1.95,都市：住,160,3,持分移轉,03160000
RPSNMLLKKHPFFFA87CA,瑞安段二小段,16.00,都市：住,20,4,持分移轉,03860000
RPUNMLNKKHPFFDA08CA,玉成段三小段,30.92,都市：商,10000,385,持分移轉,02210000
RPSNMLNKKHPFFFA18DA,復興段一小段,54.00,都市：商,4,1,持分移轉,05390000
RPOOMLOKKHPFFFA87CA,復興段一小段,1.05,都市：住,1000,35,持分移轉,02430000
RPQQMLNJLHPFFEA08CA,蘭雅段三小段,7.80,都市：住,40,3,持分移轉,03160000
RPOOMLOKKHPFFFA87CA,復興段一小段,4.97,都市：住,1000,35,持分移轉,02870000
RPVQMLNJLHPFFEA58CA,蘭雅段三小段,1.62,都市：住,64,1,持分移轉,03160000
RPXQMLNJLHPFFEA78CA,蘭雅段三小段,7.80,都市：住,40,3,持分移轉,03160000
RPTPMLKLKHPFFDA08DA,玉成段三小段,13.73,都市：住,10000,261,持分移轉,06580000
RPTPMLKLKHPFFDA08DA,玉成段三小段,19.05,都市：住,10000,261,持分移轉,06580001
RPOOMLMKKHPFFEA57CA,天母段四小段,10.85,都市：住,10000,189,持分移轉,02620000
RPPPMLRKKHPFFEA38DA,文林段三小段,24.14,都市：住,10000,256,持分移轉,01790000
RPVNMLOKKHPFFFA48CA,學府段三小段,3.00,都市：住,10000,16,持分移轉,00910000
RPVNMLOKKHPFFFA48CA,學府段三小段,1.05,都市：住,10000,16,持分移轉,00910001
RPVNMLOKKHPFFFA48CA,學府段三小段,.04,都市：住,10000,16,持分移轉,01020000
RPOOMLPKKHPFFDA77CA,民生段,6.75,都市：住,8,1,持分移轉,00050002
RPPNMLTKKHPFFFA38CA,懷生段一小段,1.56,都市：商,10000,16,持分移轉,01540000
RPOOMLPKKHPFFDA77CA,民生段,21.00,都市：住,8,1,持分移轉,00050007
RPVNMLMKKHPFFCA97CA,榮星段二小段,34.00,都市：住,4,1,持分移轉,03540000
RPPNMLTKKHPFFFA38CA,懷生段一小段,.89,都市：商,10000,16,持分移轉,01540005
RPOOMLOKKHPFFAA47DA,萬隆段一小段,24.75,都市：住,10000,776,持分移轉,02670000
RPSQMLMKJIOFFDA97CA,犂和段四小段,18.25,都市：住,8,1,持分移轉,00110023
RPSOMLRKKHPFFCA28CA,潭美段四小段,12.28,都市：住,100000,587,持分移轉,04810000
RPTNMLKLJIOFFDA67CA,向陽段,30.25,都市：住,10000,274,持分移轉,00110011
RPSOMLTJKIOFFEA58CA,溫泉段一小段,95.71,都市：其他:特定觀光商業專用區,1,1,全筆移轉,00390005
RPWNMLOKJIOFFFA58DA,金華段二小段,3.00,都市：其他:道路用地,1,1,全筆移轉,00520002
RPSQMLNKJIOFFCA08DA,長春段三小段,.18,都市：住,10000,5,持分移轉,02650000
RPXNMLNKJIOFFFA48CA,金華段三小段,26.00,都市：其他:道路用地(公共設施用地),1,1,全筆移轉,02200002
RPSOMLNKJIOFFEA97CA,中洲段,16.15,都市：其他:遊樂區,1,1,全筆移轉,05440003
RPQPMLOKJIOFFCA87DA,長安段四小段,2.51,都市：商,10000,62,持分移轉,04410000
RPSNMLPKJIOFFBA87DA,青年段一小段,19.52,都市：住,100000,524,持分移轉,01240002
RPSNMLPKJIOFFBA87DA,青年段一小段,18.35,都市：住,100000,524,持分移轉,01250000
RPVPMLKKKIOFFAA77CA,木柵段一小段,5.45,都市：商,100000,1576,持分移轉,02100000
RPQRMLKKKIOFFAA47CA,木柵段一小段,.01,都市：商,100000,1,持分移轉,02120000
RPQRMLKKKIOFFAA47CA,木柵段一小段,.00,都市：商,100000,1,持分移轉,02130000
RPQRMLKKKIOFFAA47CA,木柵段一小段,.01,都市：商,100000,1,持分移轉,02130001
RPWPMLKKKIOFFAA87CA,興安段二小段,20.75,都市：住,8,1,持分移轉,00960000
RPROMLKKKIOFFAA27CA,木柵段一小段,10.17,都市：商,100000,2938,持分移轉,02100000
RPXOMLKKKIOFFAA87CA,木柵段一小段,1.65,都市：商,100000,477,持分移轉,02100000
RPUOMLKKKIOFFAA57CA,木柵段一小段,1.32,都市：商,100000,382,持分移轉,02100000
RPVOMLKKKIOFFAA67CA,木柵段一小段,1.65,都市：商,100000,477,持分移轉,02100000
RPOQMLKKKIOFFAA17CA,木柵段一小段,.01,都市：商,100000,1,持分移轉,02120000
RPOQMLKKKIOFFAA17CA,木柵段一小段,.00,都市：商,100000,1,持分移轉,02130000
RPOQMLKKKIOFFAA17CA,木柵段一小段,.01,都市：商,100000,1,持分移轉,02130001
RPQOMLLKKIOFFAA27CA,木柵段一小段,15.05,都市：商,100000,1390,持分移轉,02120000
RPQOMLLKKIOFFAA27CA,木柵段一小段,1.40,都市：商,100000,1390,持分移轉,02130000
RPQOMLLKKIOFFAA27CA,木柵段一小段,16.61,都市：商,100000,1390,持分移轉,02130001
RPPRMLKKKIOFFAA37CA,木柵段一小段,.01,都市：商,100000,1,持分移轉,02120000
RPPRMLKKKIOFFAA37CA,木柵段一小段,.00,都市：商,100000,1,持分移轉,02130000
RPPRMLKKKIOFFAA37CA,木柵段一小段,.01,都市：商,100000,1,持分移轉,02130001
RPROMLLKKIOFFAA37CA,木柵段一小段,15.05,都市：商,100000,1390,持分移轉,02120000
RPROMLLKKIOFFAA37CA,木柵段一小段,1.40,都市：商,100000,1390,持分移轉,02130000
RPROMLLKKIOFFAA37CA,木柵段一小段,16.61,都市：商,100000,1390,持分移轉,02130001
RPOOMLTLJIOFFEA38DA,大業段三小段,1.98,都市：其他:道路用地,100,9,持分移轉,04380000
RPOOMLTLJIOFFEA38DA,大業段三小段,3.69,都市：住,100,9,持分移轉,04390000
RPSNMLMKKIOFFAA47CA,木柵段一小段,392.55,都市：商,64076760000,23225680459,持分移轉,02120000
RPSNMLMKKIOFFAA47CA,木柵段一小段,36.56,都市：商,128153520000,46387284158,持分移轉,02130000
RPSNMLMKKIOFFAA47CA,木柵段一小段,432.55,都市：商,128153520000,46387284158,持分移轉,02130001
RPSNMLMKKIOFFAA47CA,木柵段一小段,132.83,都市：商,1400000,537457,持分移轉,02100000
RPTOMLKKKIOFFAA47CA,木柵段一小段,1.32,都市：商,100000,382,持分移轉,02100000
RPRRMLKKKIOFFAA57CA,木柵段一小段,.01,都市：商,100000,1,持分移轉,02120000
RPRRMLKKKIOFFAA57CA,木柵段一小段,.00,都市：商,100000,1,持分移轉,02130000
RPRRMLKKKIOFFAA57CA,木柵段一小段,.01,都市：商,100000,1,持分移轉,02130001
RPSRMLKKKIOFFAA67CA,木柵段一小段,.01,都市：商,100000,1,持分移轉,02120000
RPSRMLKKKIOFFAA67CA,木柵段一小段,.00,都市：商,100000,1,持分移轉,02130000
RPSRMLKKKIOFFAA67CA,木柵段一小段,.01,都市：商,100000,1,持分移轉,02130001
RPWOMLKKKIOFFAA77CA,木柵段一小段,1.65,都市：商,100000,477,持分移轉,02100000
RPRPMLKKKIOFFAA37CA,木柵段一小段,2.64,都市：商,100000,763,持分移轉,02100000
RPQQMLKKKIOFFAA37CA,木柵段一小段,.01,都市：商,100000,1,持分移轉,02120000
RPQQMLKKKIOFFAA37CA,木柵段一小段,.00,都市：商,100000,1,持分移轉,02130000
RPQQMLKKKIOFFAA37CA,木柵段一小段,.01,都市：商,100000,1,持分移轉,02130001
RPSOMLKKKIOFFAA37CA,木柵段一小段,3.98,都市：商,100000,1149,持分移轉,02100000
RPOPMLKKKIOFFAA07CA,木柵段一小段,1.65,都市：商,100000,477,持分移轉,02100000
RPPOMLLKKIOFFAA17CA,木柵段一小段,61.75,都市：商,100000,5702,持分移轉,02120000
RPPOMLLKKIOFFAA17CA,木柵段一小段,5.76,都市：商,100000,5702,持分移轉,02130000
RPPOMLLKKIOFFAA17CA,木柵段一小段,68.14,都市：商,100000,5702,持分移轉,02130001
RPPOMLLKKIOFFAA17CA,木柵段一小段,10.81,都市：商,10752,336,持分移轉,02100000
RPTQMLKKKIOFFAA67CA,木柵段一小段,.01,都市：商,100000,1,持分移轉,02120000
RPTQMLKKKIOFFAA67CA,木柵段一小段,.00,都市：商,100000,1,持分移轉,02130000
RPTQMLKKKIOFFAA67CA,木柵段一小段,.01,都市：商,100000,1,持分移轉,02130001
RPXPMLKKKIOFFAA97CA,木柵段一小段,5.45,都市：商,100000,1576,持分移轉,02100000
RPUQMLKKKIOFFAA77CA,木柵段一小段,.01,都市：商,100000,1,持分移轉,02120000
RPUQMLKKKIOFFAA77CA,木柵段一小段,.00,都市：商,100000,1,持分移轉,02130000
RPUQMLKKKIOFFAA77CA,木柵段一小段,.01,都市：商,100000,1,持分移轉,02130001
RPWNMLLKKIOFFAA77CA,木柵段一小段,15.05,都市：商,100000,1390,持分移轉,02120000
RPWNMLLKKIOFFAA77CA,木柵段一小段,1.40,都市：商,100000,1390,持分移轉,02130000
RPWNMLLKKIOFFAA77CA,木柵段一小段,16.61,都市：商,100000,1390,持分移轉,02130001
RPWNMLLKKIOFFAA77CA,木柵段一小段,2.06,都市：商,168,1,持分移轉,02100000
RPPQMLKKKIOFFAA27CA,木柵段一小段,.01,都市：商,100000,1,持分移轉,02120000
RPPQMLKKKIOFFAA27CA,木柵段一小段,.00,都市：商,100000,1,持分移轉,02130000
RPPQMLKKKIOFFAA27CA,木柵段一小段,.01,都市：商,100000,1,持分移轉,02130001
RPORMLKKKIOFFAA27CA,木柵段一小段,.01,都市：商,100000,1,持分移轉,02120000
RPORMLKKKIOFFAA27CA,木柵段一小段,.00,都市：商,100000,1,持分移轉,02130000
RPORMLKKKIOFFAA27CA,木柵段一小段,.01,都市：商,100000,1,持分移轉,02130001
RPTPMLKKKIOFFAA57CA,木柵段一小段,2.64,都市：商,100000,763,持分移轉,02100000
RPQPMLKKKIOFFAA27CA,木柵段一小段,3.32,都市：商,100000,960,持分移轉,02100000
RPPPMLKKKIOFFAA17CA,木柵段一小段,3.32,都市：商,100000,960,持分移轉,02100000
RPWQMLKKKIOFFAA97CA,木柵段一小段,.01,都市：商,100000,1,持分移轉,02120000
RPRQMLKKKIOFFAA47CA,木柵段一小段,.01,都市：商,100000,1,持分移轉,02120000
RPRQMLKKKIOFFAA47CA,木柵段一小段,.00,都市：商,100000,1,持分移轉,02130000
RPWQMLKKKIOFFAA97CA,木柵段一小段,.00,都市：商,100000,1,持分移轉,02130000
RPRQMLKKKIOFFAA47CA,木柵段一小段,.01,都市：商,100000,1,持分移轉,02130001
RPXQMLKKKIOFFAA08CA,木柵段一小段,.01,都市：商,100000,1,持分移轉,02120000
RPWQMLKKKIOFFAA97CA,木柵段一小段,.01,都市：商,100000,1,持分移轉,02130001
RPXQMLKKKIOFFAA08CA,木柵段一小段,.00,都市：商,100000,1,持分移轉,02130000
RPXQMLKKKIOFFAA08CA,木柵段一小段,.01,都市：商,100000,1,持分移轉,02130001
RPSQMLKKKIOFFAA57CA,木柵段一小段,.01,都市：商,100000,1,持分移轉,02120000
RPSQMLKKKIOFFAA57CA,木柵段一小段,.00,都市：商,100000,1,持分移轉,02130000
RPSQMLKKKIOFFAA57CA,木柵段一小段,.01,都市：商,100000,1,持分移轉,02130001
RPUPMLKKKIOFFAA67CA,木柵段一小段,2.64,都市：商,100000,763,持分移轉,02100000
RPVQMLKKKIOFFAA87CA,木柵段一小段,.01,都市：商,100000,1,持分移轉,02120000
RPVQMLKKKIOFFAA87CA,木柵段一小段,.00,都市：商,100000,1,持分移轉,02130000
RPVQMLKKKIOFFAA87CA,木柵段一小段,.01,都市：商,100000,1,持分移轉,02130001
RPOOMLNKKIOFFAA27CA,木柵段一小段,31.98,都市：商,1000000,29527,持分移轉,02120000
RPOOMLNKKIOFFAA27CA,木柵段一小段,2.98,都市：商,1000000,29527,持分移轉,02130000
RPOOMLNKKIOFFAA27CA,木柵段一小段,35.28,都市：商,1000000,29527,持分移轉,02130001
RPOOMLNKKIOFFAA27CA,木柵段一小段,7.72,都市：商,672,15,持分移轉,02100000
RPQOMLSKJIOFFEA28CA,溫泉段二小段,6.91,都市：住,720,7,持分移轉,03720000
RPSOMLSKJIOFFEA48CA,溫泉段二小段,1.39,都市：住,512,1,持分移轉,03720000
RPROMLSKJIOFFEA38CA,溫泉段二小段,1.39,都市：住,512,1,持分移轉,03720000
RPRPMLMLJIOFFEA97CA,桃源段一小段,.73,都市：住,10000,10,持分移轉,05830000
RPTPMLLKKIOFFCA87CA,中山段一小段,.87,都市：商,10000,5,持分移轉,06640000
RPTNMLMLJIOFFAA57CA,景美段五小段,1.41,都市：其他:市場用地,100000,40,持分移轉,03480000
RPRPMLPJKIOFFBA87CA,漢中段二小段,1.60,都市：商,1000000,564,持分移轉,01880000
RPRPMLPJKIOFFBA87CA,漢中段二小段,.01,都市：其他:道路用地,1000000,564,持分移轉,01880001
RPVNMLSKJIOFFAA28CA,興安段一小段,20.88,都市：住,8,1,持分移轉,00610000
RPPOMLLKKIOFFBA27CA,中正段一小段,21.02,都市：住,30000,1261,持分移轉,04400005
RPPOMLLKKIOFFBA27CA,中正段一小段,2.98,都市：住,30000,1261,持分移轉,04410000
RPOQMLMJKIOFFCA47CA,德惠段四小段,3.93,都市：商,10000,57,持分移轉,04130000
RPQOMLSKJIOFFFA48DA,通化段六小段,15.03,都市：其他:敦化南北路特定專用區(A區),10000,139,持分移轉,06870000
RPRPMLKLJIOFFCA57CA,長春段二小段,62.68,都市：住,100000,25376,持分移轉,03160000
RPPNMLNLJIOFFEA77DA,光華段二小段,49.82,都市：住,10000,253,持分移轉,10560000
RPWNMLTKJIOFFBA68DA,直興段二小段,15.78,都市：住,36,4,持分移轉,00110000
RPWNMLTKJIOFFBA68DA,直興段二小段,1.22,都市：其他:道路用地,36,4,持分移轉,00110001
RPXPMLRLJIOFFDA98CA,永吉段四小段,2.42,都市：其他:交通用地,10000,23,持分移轉,01400007
RPXPMLRLJIOFFDA98CA,永吉段四小段,3.20,都市：商,10000,23,持分移轉,01410000
RPXPMLRLJIOFFDA98CA,永吉段四小段,.01,都市：商,10000,23,持分移轉,01410001
RPROMLKMKIOFFDA77CA,信義段三小段,154.29,都市：住,10000,178,持分移轉,00230000
RPRSMLKMKIOFFCA08CA,大湖段四小段,243.90,都市：其他:保護區,10,1,持分移轉,01250000
RPRSMLKMKIOFFCA08CA,大湖段四小段,1.00,都市：其他:電力設施用地(公共設施用地),10,1,持分移轉,01250001
RPXOMLTKJIOFFEA09CA,永平段二小段,499.00,都市：其他:道路用地,1,1,全筆移轉,03550000
RPPQMLPLJIOFFCA97CA,吉林段三小段,4.70,都市：商,100000,360,持分移轉,08690000
RPTOMLLLJIOFFAA67DA,萬慶段二小段,.17,都市：住,12,1,持分移轉,04430000
RPTOMLLLJIOFFAA67DA,萬慶段二小段,21.83,都市：住,265,22,持分移轉,04340000
RPPNMLTJKIOFFDA08CA,西松段一小段,15.83,都市：住,200000,794,持分移轉,00060002
RPPNMLTJKIOFFDA08CA,西松段一小段,23.29,都市：住,200000,794,持分移轉,00060003
RPQNMLQLJIOFFDA97CA,西松段一小段,46.00,都市：其他:道路用地,3,1,持分移轉,00570000
RPTNMLTKJIOFFAA18CA,萬芳段一小段,47.99,都市：住,51885,48,持分移轉,00090000
RPSPMLMKKIOFFDA97CA,雅祥段一小段,.08,都市：商,10000,1,持分移轉,04020000
RPTNMLTKJIOFFAA18CA,萬芳段一小段,.02,都市：其他:道路用地(公共設施用地),51885,48,持分移轉,00090003
RPSPMLMKKIOFFDA97CA,雅祥段一小段,.00,都市：住,10000,1,持分移轉,04030001
RPTNMLTKJIOFFAA18CA,萬芳段一小段,.00,都市：其他:道路用地(公共設施用地),51885,48,持分移轉,00090004
RPSPMLMKKIOFFDA97CA,雅祥段一小段,.00,都市：住,10000,1,持分移轉,04050001
RPSPMLMKKIOFFDA97CA,雅祥段一小段,.00,都市：住,10000,1,持分移轉,04190000
RPSPMLMKKIOFFDA97CA,雅祥段一小段,.01,都市：住,10000,1,持分移轉,04220001
RPUOMLKLJIOFFBA77DA,華江段二小段,30.25,都市：住,4,1,持分移轉,02570000
RPQOMLTKJIOFFBA18DA,文昌段二小段,45.00,都市：其他:第三之一種住宅區。,1,1,全筆移轉,07700049
RPWNMLTKJIOFFEA88CA,秀山段二小段,4.72,都市：住,1000,105,持分移轉,05590000
RPWNMLTKJIOFFEA88CA,秀山段二小段,26.98,都市：住,1000,105,持分移轉,05600000
RPWNMLTKJIOFFEA88CA,秀山段二小段,20.37,都市：住,1000,105,持分移轉,05630000
RPSOMLNJKIOFFAA57CA,河堤段六小段,33.00,都市：住,5,1,持分移轉,04840000
RPVOMLTKJIOFFFA09DA,復興段二小段,30.79,都市：住,6000,1292,持分移轉,03790000
RPWOMLPLJIOFFEA68CA,百齡段三小段,26.00,都市：其他:道路用地，公共設施用地,1,1,全筆移轉,03070001
RPWOMLPLJIOFFEA68CA,百齡段三小段,471.00,都市：其他:道路用地，公共設施用地,1,1,全筆移轉,03600000
RPUNMLQLJIOFFBA18CA,市府段一小段,43.61,都市：商,100000,8419,持分移轉,01770000
RPRPMLLLJIOFFBA57CA,青年段一小段,12.40,都市：住,31555,17,持分移轉,00740000
RPPNMLOLJIOFFEA77CA,振興段一小段,35.00,都市：住,4,1,持分移轉,07110000
RPUPMLKLJIOFFEA08CA,永平段三小段,1.71,都市：商,7,2,持分移轉,02450000
RPUPMLKLJIOFFEA08CA,永平段三小段,3.14,都市：住,7,2,持分移轉,02460000
RPVNMLKLJIOFFEA97CA,永平段三小段,32.03,都市：住,500,104,持分移轉,03680000
RPTPMLPLJIOFFDA38CA,寶清段七小段,9.36,都市：商,100000,825,持分移轉,01320000
RPPPMLKLJIOFFEA57CA,富安段三小段,663.75,都市：其他:遊樂區,40,9,持分移轉,01280000
RPQOMLPJKIOFFAA57CA,興安段四小段,5.21,都市：住,100000,2238,持分移轉,02810005
RPQOMLPJKIOFFAA57CA,興安段四小段,47.62,都市：住,100000,2238,持分移轉,03300000
RPQOMLMLJIOFFEA87DA,行義段一小段,.16,都市：其他:道路用地(公共設施用地),20000,179,持分移轉,03670000
RPQOMLMLJIOFFEA87DA,行義段一小段,10.85,都市：住,20000,179,持分移轉,03680000
RPUPMLMKKIOFFDA18CA,雅祥段一小段,.08,都市：商,10000,1,持分移轉,04020000
RPUPMLMKKIOFFDA18CA,雅祥段一小段,.00,都市：住,10000,1,持分移轉,04030001
RPUPMLMKKIOFFDA18CA,雅祥段一小段,.00,都市：住,10000,1,持分移轉,04050001
RPUPMLMKKIOFFDA18CA,雅祥段一小段,.00,都市：住,10000,1,持分移轉,04190000
RPUPMLMKKIOFFDA18CA,雅祥段一小段,.01,都市：住,10000,1,持分移轉,04220001
RPPNMLLLJIOFFBA17CA,華中段三小段,25.00,都市：住,1,1,全筆移轉,05510048
RPOOMLPLJIOFFBA57CA,青年段一小段,23.36,都市：住,100000,627,持分移轉,01240002
RPOOMLPLJIOFFBA57CA,青年段一小段,21.95,都市：住,100000,627,持分移轉,01250000
RPPPMLLLJIOFFCA47CA,中山段三小段,4.60,都市：商,10000,88,持分移轉,05980000
RPPNMLQLJIOFFBA67CA,雙園段一小段,15.34,都市：住,2800,14,持分移轉,05370011
RPSOMLLLJIOFFFA97CA,仁愛段四小段,1.02,都市：其他:敦化南北路特定專用區﹝A區﹞,20000,155,持分移轉,04910000
RPSOMLLLJIOFFFA97CA,仁愛段四小段,.34,都市：其他:敦化南北路特定專用區﹝A區﹞,20000,155,持分移轉,04910002
RPSOMLLLJIOFFFA97CA,仁愛段四小段,3.69,都市：其他:敦化南北路特定專用區﹝A區﹞,20000,155,持分移轉,04910003
RPTNMLOJKIOFFBA77CA,大同段二小段,11.00,都市：其他:公共設施保留用地(道路用地),2,1,持分移轉,03730002
RPORMLLLJIOFFBA47CA,漢中段二小段,10.88,都市：商,10000,23,持分移轉,09770000
RPUNMLMLJIOFFBA77CA,市府段二小段,10.39,都市：商,28,3,持分移轉,06390000
RPUNMLOJKIOFFEA18CA,天母段二小段,1.40,都市：其他:公共設施保留用地(道路用地),10,7,持分移轉,01580002
RPUNMLOJKIOFFEA18CA,百齡段四小段,6.64,都市：其他:公共設施保留用地(道路用地),50,4,持分移轉,02340000
RPWNMLOJKIOFFAA97CA,興隆段四小段,2.55,都市：其他:公共設施保留用地(道路用地),270000,782,持分移轉,01180000
RPWQMLLLJIOFFBA18CA,萬華段二小段,7.40,都市：商,100000,5402,持分移轉,08560000
RPVPMLLKKIOFFCA08CA,西湖段一小段,.37,都市：住,100000,5,持分移轉,06330000
RPPRMLMJKIOFFCA67CA,榮星段四小段,420.71,都市：其他:道路用地,1,1,全筆移轉,05050000
RPXNMLQJKIOFFEA68CA,芝蘭段二小段,51.11,都市：住,100000,1471,持分移轉,06880000
RPTNMLMLJIOFFBA67CA,延平段一小段,.85,都市：其他:特定專用區(供一般商業使用)。,10000,10,持分移轉,05600000
RPTNMLMLJIOFFBA67CA,延平段一小段,.15,都市：商,10000,10,持分移轉,05600002
RPPQMLLLJIOFFDA67CA,敦化段三小段,.06,都市：商,100000,10,持分移轉,03920000
RPPQMLLLJIOFFDA67CA,敦化段三小段,.00,都市：商,100000,10,持分移轉,03920002
RPVOMLQLJIOFFFA78CA,懷生段二小段,74.72,都市：其他:公共設施保留地,130356,900,持分移轉,02440000
RPVOMLPLJIOFFFA68CA,大安段二小段,30.17,都市：其他:道路用地，公共設施用地,12,2,持分移轉,02790002
RPROMLPLJIOFFAA77CA,河堤段五小段,.96,都市：住,10000,36,持分移轉,05670000
RPROMLPLJIOFFAA77CA,河堤段五小段,1.92,都市：商,10000,36,持分移轉,05700000
RPVNMLOJKIOFFFA38CA,龍泉段二小段,.71,都市：其他:公共設施保留用地(道路用地),161280,727,持分移轉,01930001
RPVNMLOJKIOFFFA38CA,通化段一小段,18.08,都市：其他:公共設施保留用地(道路用地),24,2,持分移轉,02870000
RPUPMLOJKIOFFCA18CA,德惠段四小段,8.49,都市：商,10000,227,持分移轉,03330000
RPTNMLPLJIOFFEA28CA,百齡段三小段,.16,都市：商,10000,1,持分移轉,00340000
RPVNMLPJKIOFFEA38CA,百齡段一小段,21.21,都市：住,100000,880,持分移轉,00940000
RPPNMLNKKIOFFEA67CA,芝蘭段二小段,62.60,都市：其他:保護區,10000,383,持分移轉,05390000
RPRNMLRKKIOFFFA38CA,通化段三小段,10.40,都市：其他:道路用地(公共設施用地),432,9,持分移轉,06930000
RPWPMLPLJIOFFCA58CA,石潭段四小段,6.27,都市：住,160,2,持分移轉,01900000
RPQOMLPLJIOFFAA77DA,老泉段二小段,593.00,都市：其他:保護區,1,1,全筆移轉,05340003
RPTNMLKLKIOFFCA77DA,長春段二小段,.75,都市：住,240100,75,持分移轉,00780000
RPOPMLRLKIOFFDA18CA,信義段一小段,17.40,都市：住,5,1,持分移轉,03640000
RPRQMLTLJIOFFEA78CA,永平段四小段,.77,都市：住,10000,176,持分移轉,07210000
RPRQMLTLJIOFFEA78CA,永平段四小段,.02,都市：住,10000,176,持分移轉,07230000
RPRQMLTLJIOFFEA78CA,永平段四小段,25.80,都市：住,10000,176,持分移轉,07190000
RPRQMLTLJIOFFEA78CA,永平段四小段,.62,都市：其他:道路用地,10000,176,持分移轉,07200000
RPUPMLPLJIOFFCA38CA,石潭段四小段,9.40,都市：住,160,3,持分移轉,01900000
RPOPMLQLJIOFFBA77CA,漢中段三小段,3.01,都市：商,100000,81,持分移轉,08160000
RPVNMLTLJIOFFEA88CA,富安段三小段,21.40,都市：其他:車站用地,10,1,持分移轉,03140000
RPQOMLPLJIOFFDA97CA,寶清段六小段,32.00,都市：商,2,1,持分移轉,00340000
RPXNMLOJKIOFFDA38CA,寶清段四小段,2.67,都市：其他:公共設施保留用地(道路用地),6,1,持分移轉,05460000
RPRNMLPLJIOFFBA87DA,華中段三小段,3.47,都市：住,20000,60,持分移轉,01170000
RPOPMLPLJIOFFCA77CA,石潭段四小段,25.06,都市：住,300,15,持分移轉,01900000
RPVPMLPLJIOFFCA48CA,石潭段四小段,9.40,都市：住,160,3,持分移轉,01900000
RPPPMLPLJIOFFCA87CA,石潭段四小段,25.06,都市：住,20,1,持分移轉,01900000
RPTPMLPLJIOFFCA28CA,碧湖段三小段,47.06,都市：住,27450,309,持分移轉,00220002
RPVOMLNJKIOFFEA28CA,三合段,24.41,都市：住,100000,870,持分移轉,00690000
RPOOMLQJKIOFFAA47CA,南海段二小段,.11,都市：商,10000,1,持分移轉,03320000
RPOOMLQJKIOFFAA47CA,南海段二小段,.06,都市：住,10000,1,持分移轉,04050000
RPUNMLOJKIOFFDA08CA,祥和段二小段,2.78,都市：其他:公共設施保留用地(道路用地),8868,294,持分移轉,06660000
RPUNMLOJKIOFFDA08CA,祥和段二小段,66.69,都市：其他:公共設施保留用地(道路用地),17568,789,持分移轉,06680000
RPRPMLTLJIOFFAA28CA,河堤段六小段,11.57,都市：商,10000,356,持分移轉,02590000
RPQOMLTKKIOFFDA38CA,犂和段二小段,5.05,都市：住,10000,85,持分移轉,05990000
RPXNMLNJKIOFFFA48CA,仁愛段四小段,.46,都市：其他:道路用地,285,1,持分移轉,00760000
RPXNMLNJKIOFFFA48CA,仁愛段四小段,.11,都市：其他:道路用地,570,1,持分移轉,00800000
RPXNMLNJKIOFFFA48CA,仁愛段四小段,.34,都市：商,285,1,持分移轉,00810000
RPXNMLNJKIOFFFA48CA,仁愛段四小段,.14,都市：其他:道路用地,285,1,持分移轉,00810001
RPXNMLNJKIOFFFA48CA,仁愛段四小段,.02,都市：其他:道路用地,285,1,持分移轉,00820001
RPXNMLNJKIOFFFA48CA,仁愛段四小段,.24,都市：商,285,1,持分移轉,00820002
RPXNMLNJKIOFFFA48CA,仁愛段四小段,1.02,都市：商,285,1,持分移轉,00820003
RPXNMLNJKIOFFFA48CA,仁愛段四小段,.12,都市：其他:道路用地,285,1,持分移轉,00820004
RPXNMLNJKIOFFFA48CA,仁愛段四小段,.23,都市：其他:道路用地,285,1,持分移轉,00820005
RPXNMLNJKIOFFFA48CA,仁愛段四小段,.89,都市：商,285,1,持分移轉,00830000
RPXNMLNJKIOFFFA48CA,仁愛段四小段,.73,都市：其他:道路用地,285,1,持分移轉,00830001
RPXNMLNJKIOFFFA48CA,仁愛段四小段,.16,都市：其他:道路用地,285,1,持分移轉,00880000
RPSNMLQJKIOFFFA38DA,龍泉段三小段,4.60,都市：商,100000,948,持分移轉,11040000
RPSNMLQJKIOFFFA38DA,龍泉段三小段,12.67,都市：商,100000,948,持分移轉,11050000
RPWOMLNJKIOFFEA38CA,三合段,24.41,都市：住,100000,870,持分移轉,00690000
RPVNMLQLJIOFFEA58CA,三玉段二小段,10.05,都市：住,20000,107,持分移轉,06860000
RPWNMLQJKIOFFFA68CA,金華段一小段,8.35,都市：住,10000,117,持分移轉,05650000
RPUOMLPLJIOFFEA48CA,福順段二小段,6.31,都市：商,16,1,持分移轉,03990000
RPUOMLPLJIOFFEA48CA,福順段二小段,1.25,都市：住,4,1,持分移轉,04000000
RPUNMLQLJIOFFEA48CA,芝蘭段一小段,27.07,都市：住,10000,65,持分移轉,01940000
RPXNMLRLKIOFFAA58CA,木柵段二小段,7.78,都市：住,10080,90,持分移轉,01680000
RPXNMLRLKIOFFAA58CA,木柵段二小段,7.07,都市：住,10080,90,持分移轉,01700000
RPXNMLRLKIOFFAA58CA,木柵段二小段,1.27,都市：其他:道路用地(公共設施用地),10080,90,持分移轉,01710000
RPXNMLRLKIOFFAA58CA,木柵段二小段,2.90,都市：住,10080,90,持分移轉,01720000
RPUPMLTLJIOFFEA98CA,永平段一小段,.28,都市：住,10000,1,持分移轉,02760000
RPOQMLOJKIOFFDA77CA,寶清段七小段,3.69,都市：商,10000,21,持分移轉,07080000
RPSPMLQLJIOFFEA48CA,芝山段一小段,20.00,都市：住,4,1,持分移轉,01990000
RPOOMLRLJIOFFEA08CA,行義段二小段,23.64,都市：住,10000,32,持分移轉,03000000
RPPOMLQLJIOFFEA08CA,行義段四小段,.29,都市：住,100000,11,持分移轉,03840000
RPQNMLRLJIOFFBA87CA,城中段二小段,5.32,都市：商,10000,150,持分移轉,03060000
RPTOMLKKKIOFFCA67CA,康寧段三小段,3.85,都市：住,10000,6,持分移轉,04910000
RPTOMLPLJIOFFBA08CA,大同段一小段,10.00,都市：住,1,1,全筆移轉,07950000
RPTOMLPLJIOFFBA08CA,大同段一小段,5.00,都市：住,1,1,全筆移轉,07970000
RPTOMLPLJIOFFBA08CA,大同段一小段,1.00,都市：住,1,1,全筆移轉,07970001
RPPOMLRLJIOFFCA97CA,中山段二小段,.39,都市：商,100000,17,持分移轉,00510000
RPUNMLTLJIOFFEA78CA,富安段三小段,21.40,都市：其他:車站用地,10,1,持分移轉,03140000
RPXNMLTJKIOFFBA68CA,漢中段三小段,3.94,都市：商,100000,106,持分移轉,08160000
RPTNMLQLJIOFFEA38CA,光華段四小段,20.13,都市：住,10000,100,持分移轉,08160000
RPPNMLOJKIOFFBA47DA,福星段四小段,6.00,都市：商,8,1,持分移轉,02290000
RPOOMLQLJIOFFEA97CA,大業段四小段,5.26,都市：住,10000,63,持分移轉,04050000
RPPNMLOJKIOFFBA47DA,福星段四小段,2.38,都市：商,8,1,持分移轉,02300000
RPRQMLTLJIOFFAA38CA,河堤段六小段,11.57,都市：商,10000,356,持分移轉,02590000
RPROMLPLJIOFFBA87CA,青年段一小段,17.51,都市：住,31555,24,持分移轉,00740000
RPUNMLNJKIOFFDA97CA,敦化段三小段,.07,都市：商,62815,388,持分移轉,00090000
RPUNMLNJKIOFFDA97CA,敦化段三小段,.77,都市：商,62815,388,持分移轉,00110000
RPUNMLNJKIOFFDA97CA,敦化段三小段,1.59,都市：商,62815,388,持分移轉,00120000
RPUNMLNJKIOFFDA97CA,敦化段三小段,.19,都市：商,62815,388,持分移轉,00230001
RPUNMLNJKIOFFDA97CA,敦化段三小段,2.16,都市：商,62815,388,持分移轉,00250000
RPUNMLNJKIOFFDA97CA,敦化段三小段,.33,都市：商,62815,388,持分移轉,00290000
RPPPMLRLKIOFFDA28CA,三興段三小段,9.27,都市：商,100000,640,持分移轉,05630000
RPPPMLRLKIOFFDA28CA,三興段三小段,.08,都市：住,100000,640,持分移轉,05630003
RPVPMLQKKIOFFAA38CA,博嘉段四小段,23.35,都市：商,10000,221,持分移轉,05650000
RPPPMLRLKIOFFDA28CA,三興段三小段,.44,都市：住,100000,452,持分移轉,05770000
RPQNMLMJKIOFFDA47CA,信義段三小段,68.07,都市：住,10000,215,持分移轉,00140001
RPRNMLTLJIOFFAA08CA,景美段四小段,.03,都市：商,100000,1,持分移轉,01970000
RPQRMLRKKIOFFCA38CA,康寧段四小段,11.20,都市：商,10,1,持分移轉,04820000
RPXQMLRKKIOFFCA98CA,長安段三小段,4.29,都市：住,10000,66,持分移轉,00080000
RPQRMLRKKIOFFCA38CA,康寧段四小段,11.50,都市：商,10,1,持分移轉,04830000
RPWNMLSLJIOFFEA98DA,振興段一小段,33.95,都市：住,10000,250,持分移轉,06280000
RPWNMLMKKIOFFFA38CA,懷生段三小段,201.00,都市：住,1,1,全筆移轉,03360000
RPWPMLRKKIOFFEA98CA,蘭雅段一小段,16.78,都市：工,10000,51,持分移轉,06430000
RPROMLNJKIOFFCA67CA,康寧段二小段,34.51,都市：住,63950,345,持分移轉,02800000
RPPOMLNJJHPFFAA17CA,河堤段四小段,10.96,都市：住,10000,87,持分移轉,04010000
RPOOMLTJKIOFFCA97CA,康寧段四小段,30.20,都市：住,10000,100,持分移轉,04350000
RPVNMLTJKIOFFCA58CA,中山段三小段,1.29,都市：商,10000,9,持分移轉,03120000
RPRPMLLKKIOFFDA77CA,美仁段一小段,.03,都市：住,10000,1,持分移轉,06510000
RPVPMLRLJIOFFBA58CA,漢中段二小段,13.25,都市：商,10000,28,持分移轉,09770000
RPRPMLLKKIOFFDA77CA,美仁段一小段,.00,都市：住,10000,1,持分移轉,06530000
RPRPMLLKKIOFFDA77CA,美仁段一小段,.46,都市：住,10000,1,持分移轉,06540000
RPRPMLLKKIOFFDA77CA,美仁段一小段,.00,都市：住,10000,1,持分移轉,06560003
RPWPMLRLJIOFFBA68CA,漢中段二小段,10.88,都市：商,10000,23,持分移轉,09770000
RPPPMLRLJIOFFCA08CA,德惠段四小段,4.41,都市：商,10000,146,持分移轉,06010000
RPTNMLSJKIOFFDA38CA,寶清段一小段,.10,都市：工,300000,135,持分移轉,06270000
RPTNMLSJKIOFFDA38CA,寶清段一小段,.66,都市：商,300000,135,持分移轉,06280000
RPROMLPJKIOFFDA97CA,敦化段五小段,22.02,都市：住,10000,34,持分移轉,00250000
RPQQMLQLJIOFFEA38CA,豐年段一小段,314.04,都市：農,60000,16091,持分移轉,02550000
RPSOMLKKKIOFFBA47CA,迪化段三小段,14.40,都市：其他:特定專用區,100,15,持分移轉,05010000
RPPNMLKLKIOFFCA27CA,東湖段五小段,.11,都市：住,10000,1,持分移轉,00170000
RPPOMLRLJIOFFDA08CA,犂和段二小段,22.40,都市：住,5,1,持分移轉,03950000
RPVNMLTLJIOFFAA48CA,景美段四小段,.03,都市：商,100000,1,持分移轉,01970000
RPRPMLMLJIOFFCA87DA,西湖段二小段,9.18,都市：住,10000,52,持分移轉,01640000
RPQOMLNJKIOFFFA97DA,龍泉段一小段,44.00,都市：其他:道路用地(公共設施用地,1,1,全筆移轉,01850000
RPVQMLTLJIOFFEA66DA,天母段三小段,17.36,都市：商,10000,273,持分移轉,03000000
RPSQMLQLJIOFFCA48DA,康寧段三小段,26.57,都市：住,10000,692,持分移轉,04900001
RPSOMLRLJIOFFCA28CA,碧湖段二小段,11.87,都市：住,10000,13,持分移轉,05290000
RPQQMLMJKIOFFCA67CA,中山段四小段,32.75,都市：住,4,1,持分移轉,06350000
RPRPMLNJKIOFFDA87CA,西松段一小段,138.00,都市：其他:道路用地,1,1,全筆移轉,00570000
RPVRMLMJKIOFFAA08CA,木柵段二小段,42.26,都市：住,100000,6882,持分移轉,07590000
RPVPMLTLJIOFFBA78CA,青年段一小段,36.34,都市：住,100000,687,持分移轉,00860031
RPWNMLPJKIOFFBA18CA,大龍段一小段,27.67,都市：住,6,2,持分移轉,03070000
RPTOMLNKJHPFFBA77CA,雙連段一小段,.11,都市：商,216,24,持分移轉,04590000
RPQNMLOKJHPFFBA47CA,福星段二小段,.31,都市：商,10000,34,持分移轉,05300000
RPQNMLOKJHPFFBA47CA,福星段二小段,1.70,都市：商,10000,34,持分移轉,05330000
RPTPMLQJKIOFFDA38CA,逸仙段二小段,18.17,都市：住,800,8,持分移轉,02120000
RPOOMLNJKIOFFEA67DA,立農段四小段,30.75,都市：住,4,1,持分移轉,01290000
RPQOMLKKKIOFFCA37CA,石潭段四小段,9.54,都市：商,100000,340,持分移轉,04230000
RPRQMLQJKIOFFCA18CA,吉林段四小段,5.54,都市：商,100000,2050,持分移轉,05260000
RPTOMLSLJIOFFCA48CA,正義段三小段,7.30,都市：商,10000,116,持分移轉,01680000
RPWPMLOKJHPFFCA38CA,德惠段三小段,1.20,都市：住,20000,10,持分移轉,02820000
RPOSMLNJKIOFFCA77CA,文德段一小段,22.31,都市：住,10000,59,持分移轉,02150000
RPXNMLQKKIOFFAA38CA,萬隆段二小段,35.80,都市：住,100000,389,持分移轉,04990000
RPWPMLTLJIOFFDA09CA,中南段四小段,36.27,都市：住,1000,25,持分移轉,02330000
RPRNMLLJKIOFFEA67DA,天山段二小段,.67,都市：住,9000,106,持分移轉,04450000
RPRNMLLJKIOFFEA67DA,天山段二小段,21.46,都市：住,1000,53,持分移轉,04470000
RPTNMLOJKIOFFAA67CA,實踐段三小段,21.87,都市：住,10000,961,持分移轉,07610000
RPPOMLTKKIOFFAA97CA,萬芳段三小段,19.75,都市：商,16,1,持分移轉,07440000
RPQNMLTLJIOFFDA28CA,玉成段三小段,10.00,都市：商,5,2,持分移轉,01370007
RPQNMLTLJIOFFDA28CA,玉成段三小段,.40,都市：商,5,2,持分移轉,01420013
RPPOMLSLJIOFFBA97CA,直興段二小段,16.14,都市：住,14,1,持分移轉,00320000
RPUNMLSLJIOFFDA58CA,逸仙段二小段,12.61,都市：其他:道路用地,48000000,2345818,持分移轉,04560000
RPVNMLSLJIOFFDA68CA,玉成段五小段,27.50,都市：其他:道路用地,6,1,持分移轉,02620000
RPOOMLNJKIOFFAA17CA,永昌段二小段,33.25,都市：住,4,1,持分移轉,03380000
RPOOMLNJKIOFFAA17CA,永昌段二小段,5.50,都市：其他:道路用地(公共設施用地),4,1,持分移轉,03390000
RPSOMLPJKIOFFFA28CA,瑞安段一小段,40.16,都市：住,100000,1547,持分移轉,02190001
RPSOMLPJKIOFFFA28CA,瑞安段一小段,17.82,都市：住,100000,1547,持分移轉,02190005
RPPNMLKMJIOFFEA47CA,大業段四小段,.78,都市：工,100000,20,持分移轉,05600000
RPQOMLTLJIOFFDA38CA,玉成段一小段,60.50,都市：工,2,1,持分移轉,03510000
RPXNMLSLJIOFFCA88DA,中山段一小段,52.75,都市：商,8,2,持分移轉,05110000
RPQOMLSLJIOFFCA28DA,西湖段一小段,35.35,都市：住,99343,205,持分移轉,02780000
RPVPMLTLJIOFFDA98CA,中南段四小段,1844.00,都市：住,1,1,全筆移轉,02290000
RPOOMLSLJIOFFDA08CA,三興段三小段,10.68,都市：商,10000,269,持分移轉,03910000
RPVPMLTLJIOFFDA98CA,中南段四小段,160.18,都市：住,1,1,全筆移轉,10440003
RPTNMLSLJIOFFAA18CA,南海段五小段,12.03,都市：住,10000,676,持分移轉,05750000
RPUQMLSLJIOFFCA78CA,正義段三小段,.00,都市：商,100000,1,持分移轉,02620000
RPUQMLSLJIOFFCA78CA,正義段三小段,7.91,都市：商,100000,512,持分移轉,02680000
RPPOMLRLKIOFFEA28CA,蘭雅段一小段,12.13,都市：工,10000,104,持分移轉,06450000
RPPOMLRLKIOFFEA28CA,蘭雅段一小段,12.00,都市：工,10000,104,持分移轉,06450003
RPPOMLRLKIOFFEA28CA,蘭雅段一小段,.18,都市：工,10000,104,持分移轉,06580000
RPVNMLTLJIOFFBA58CA,福星段三小段,6.76,都市：商,10000,436,持分移轉,01890000
RPOPMLLKKIOFFDA47CA,犂和段二小段,165.00,都市：住,1,1,全筆移轉,03550003
RPOPMLLKKIOFFDA47CA,犂和段二小段,75.00,都市：住,1,1,全筆移轉,03620010
RPOPMLLKKIOFFDA47CA,犂和段二小段,6.00,都市：住,1,1,全筆移轉,05120007
RPRNMLPLKIOFFBA87CA,直興段一小段,5.12,都市：商,100000,408,持分移轉,00040000
RPSNMLQLKIOFFEA38CA,秀山段二小段,64.00,都市：住,1,1,全筆移轉,06020000
RPOPMLQJKIOFFEA97CA,三玉段四小段,27.99,都市：其他:道路用地(公共設施用地),10000,933,持分移轉,01140000
RPSNMLQLKIOFFEA38CA,秀山段二小段,10.00,都市：其他:道路用地,1,1,全筆移轉,06010000
RPXNMLNJKIOFFEA38CA,奇岩段五小段,8.56,都市：住,10000,25,持分移轉,03020000
RPQOMLNJKIOFFDA67CA,民生段,2.35,都市：商,100000,52,持分移轉,00530000
RPXNMLQLKIOFFDA78CA,向陽段,22.38,都市：住,10000,84,持分移轉,00090003
RPWQMLMJKIOFFBA18CA,直興段三小段,4.46,都市：商,6208,148,持分移轉,04060002
RPROMLTLJIOFFBA28CA,雙連段三小段,10.95,都市：商,100000,3995,持分移轉,06480000
RPRNMLQKJHPFFCA87CA,北安段二小段,.55,都市：住,10000,2,持分移轉,02440000
RPRNMLTLJIOFFDA38CA,經貿段,37.68,都市：住,100000,1513,持分移轉,00800002
RPSNMLTLJIOFFEA58CA,大業段四小段,7.77,都市：工,100000,198,持分移轉,05600000
RPPNMLLJKIOFFDA27CA,玉成段五小段,7.59,都市：住,200000,793,持分移轉,08700000
RPPNMLLJKIOFFDA27CA,玉成段五小段,1.26,都市：住,200000,793,持分移轉,08710000
RPTOMLSKKIOFFBA38CA,直興段一小段,8.73,都市：商,100000,696,持分移轉,00040000
RPXOMLQJKIOFFEA78CA,三玉段四小段,29.67,都市：其他:道路用地(公共設施用地),10000,989,持分移轉,01140000
RPOQMLTJKIOFFEA38CA,關渡段一小段,1163.50,都市：其他:河川區,22292,4654,持分移轉,05380000
RPUNMLPLKIOFFAA08CA,興泰段二小段,.03,都市：其他:交通用地,90000,460,持分移轉,01560000
RPUNMLPLKIOFFAA08CA,興泰段二小段,1.20,都市：其他:交通用地,90000,460,持分移轉,01570000
RPUNMLPLKIOFFAA08CA,興泰段二小段,.81,都市：其他:交通用地,90000,460,持分移轉,01580000
RPUNMLPLKIOFFAA08CA,興泰段二小段,.74,都市：其他:交通用地,90000,460,持分移轉,01590000
RPUNMLPLKIOFFAA08CA,興泰段二小段,2.90,都市：其他:交通用地,90000,460,持分移轉,01600000
RPUNMLPLKIOFFAA08CA,興泰段二小段,.15,都市：其他:交通用地,90000,460,持分移轉,01810000
RPUNMLPLKIOFFAA08CA,興泰段二小段,.07,都市：其他:交通用地,90000,460,持分移轉,01820000
RPUNMLPLKIOFFAA08CA,興泰段二小段,1.29,都市：其他:交通用地,90000,460,持分移轉,01830000
RPUNMLPLKIOFFAA08CA,興泰段二小段,.10,都市：其他:交通用地,90000,460,持分移轉,01840000
RPUNMLPLKIOFFAA08CA,興泰段二小段,.35,都市：其他:交通用地,90000,460,持分移轉,01850000
RPUNMLPLKIOFFAA08CA,興泰段二小段,3.80,都市：其他:交通用地,90000,460,持分移轉,01860000
RPUNMLPLKIOFFAA08CA,興泰段二小段,1.26,都市：其他:交通用地,90000,460,持分移轉,01910000
RPUNMLPLKIOFFAA08CA,興泰段二小段,1.28,都市：其他:交通用地,90000,460,持分移轉,01920000
RPUNMLPLKIOFFAA08CA,興泰段二小段,3.29,都市：其他:交通用地,90000,460,持分移轉,01930000
RPUNMLPLKIOFFAA08CA,興泰段二小段,4.64,都市：其他:交通用地,90000,460,持分移轉,01950000
RPUNMLPLKIOFFAA08CA,興泰段二小段,.20,都市：其他:交通用地,90000,460,持分移轉,02220000
RPPQMLMJKIOFFAA37CA,實踐段二小段,17.50,都市：其他:道路用地,2,1,持分移轉,02050000
RPPQMLMJKIOFFAA37CA,實踐段二小段,40.00,都市：其他:道路用地,2,1,持分移轉,02060000
RPPPMLPJKHPFFCA77CA,德惠段四小段,.80,都市：商,10000,79,持分移轉,03860000
RPRNMLTLJIOFFEA48CA,天山段一小段,41.42,都市：住,10000,346,持分移轉,00050000
RPPPMLPJKHPFFCA77CA,德惠段四小段,.79,都市：商,10000,79,持分移轉,03840000
RPPPMLPJKHPFFCA77CA,德惠段四小段,.79,都市：商,10000,79,持分移轉,03850000
RPPPMLPJKHPFFCA77CA,德惠段四小段,.03,都市：其他:道路用地-公共設施用地,10000,79,持分移轉,03860001
RPUOMLSLJIOFFBA48CA,圓環段三小段,42.00,都市：商,1,1,全筆移轉,04650000
RPQNMLKKKIOFFBA17CA,莒光段四小段,12.67,都市：商,1000,22,持分移轉,07600000
RPQNMLKKKIOFFBA17CA,莒光段四小段,8.03,都市：住,1000,22,持分移轉,07600003
RPQNMLKKKIOFFBA17CA,莒光段四小段,.35,都市：商,1000,22,持分移轉,07610000
RPTOMLQJKIOFFDA28CA,南港段一小段,1.92,都市：住,100000,35,持分移轉,06190000
RPXPMLNJKIOFFBA28CA,雙連段三小段,16.75,都市：商,4,1,持分移轉,08290000
RPXNMLMJKIOFFCA08CA,中山段一小段,48.75,都市：商,8,2,持分移轉,01090000
RPQNMLKMJIOFFEA57CA,翠山段一小段,319.76,都市：住,100000,10135,持分移轉,04320000
RPQNMLKMJIOFFEA57CA,翠山段一小段,44.00,都市：住,1,1,全筆移轉,04320004
RPTNMLMJKIOFFCA67CA,榮星段三小段,53.86,都市：住,10000,222,持分移轉,03440000
RPTOMLPLKIOFFFA58CA,金華段三小段,21.28,都市：商,10000,797,持分移轉,02160000
RPOQMLLKKIOFFCA47CA,西湖段一小段,.37,都市：住,100000,5,持分移轉,06330000
RPUNMLQKKIOFFEA48CA,永平段一小段,36.13,都市：住,10000,397,持分移轉,03590000
RPQOMLMKKIOFFCA57CA,吉林段四小段,8.97,都市：商,11037,119,持分移轉,04940000
RPUOMLKKKIOFFEA97CA,永平段一小段,43.92,都市：住,10000,158,持分移轉,02760000
RPPOMLTLJIOFFFA48CA,通化段三小段,.02,都市：商,100000,5,持分移轉,00890000
RPOPMLQLJIOFFDA97CA,延吉段一小段,13.95,都市：住,100000,2456,持分移轉,01750000
RPOPMLQLJIOFFDA97CA,延吉段一小段,29.59,都市：住,100000,2456,持分移轉,01900000
RPWOMLTLJIOFFFA56CA,仁愛段一小段,6.34,都市：商,10000,176,持分移轉,05120000
RPWOMLTLJIOFFFA56CA,仁愛段一小段,9.08,都市：商,10000,176,持分移轉,05130000
RPVNMLPLKIOFFEA68DA,溪洲段二小段,32.99,都市：住,1071425,2900,持分移轉,01070000
RPPNMLOLKIOFFEA87CA,豐年段一小段,142.27,都市：農,75,5,持分移轉,07030000
RPPNMLOLKIOFFEA87CA,豐年段一小段,201.47,都市：農,75,5,持分移轉,07270000
RPQNMLKMJIOFFDA47CA,寶清段二小段,34.00,都市：商,15,2,持分移轉,01680000
RPVPMLTLJIOFFCA88CA,中山段一小段,.13,都市：商,100000,10,持分移轉,06750000
RPWNMLPLKIOFFEA68CA,文林段一小段,33.33,都市：住,3,1,持分移轉,03000000
RPTPMLKLJIPFFCA87CA,金泰段,158.47,都市：商,100000,5401,持分移轉,00830007
RPVPMLQLKIOFFAA48CA,興隆段二小段,124.80,都市：其他:道路用地(公共設施用地),100,32,持分移轉,03090001
RPOQMLQLKIOFFDA18CA,逸仙段三小段,2.21,都市：住,10000,103,持分移轉,07530001
RPOQMLQLKIOFFDA18CA,逸仙段三小段,.96,都市：住,10000,103,持分移轉,08660000
RPOQMLQLKIOFFDA18CA,逸仙段三小段,1.80,都市：商,10000,103,持分移轉,08660001
RPRRMLTLJIOFFAA48CA,萬隆段二小段,.78,都市：商,10000,136,持分移轉,02190000
RPRRMLTLJIOFFAA48CA,萬隆段二小段,.37,都市：商,10000,136,持分移轉,02200001
RPRRMLTLJIOFFAA48CA,萬隆段二小段,.42,都市：商,10000,136,持分移轉,02200002
RPRRMLTLJIOFFAA48CA,萬隆段二小段,.34,都市：商,10000,136,持分移轉,02210000
RPRRMLTLJIOFFAA48CA,萬隆段二小段,.45,都市：商,10000,136,持分移轉,02230001
RPRRMLTLJIOFFAA48CA,萬隆段二小段,.79,都市：商,10000,136,持分移轉,02240000
RPRRMLTLJIOFFAA48CA,萬隆段二小段,27.58,都市：商,10000,136,持分移轉,02260000
RPXNMLNKKIOFFEA48CA,豐年段一小段,102.93,都市：農,225,12,持分移轉,07090000
RPXNMLNKKIOFFEA48CA,豐年段一小段,139.87,都市：農,225,11,持分移轉,07110000
RPXNMLNKKIOFFEA48CA,豐年段一小段,113.81,都市：農,225,12,持分移轉,07030000
RPQNMLPKKIOFFAA67DA,公訓段三小段,48.18,都市：住,10000,22,持分移轉,01450000
RPQNMLPKKIOFFAA67DA,公訓段三小段,2.95,都市：住,10000,22,持分移轉,01450001
RPQOMLPJKIOFFBA67CA,青年段一小段,47.75,都市：住,100000,375,持分移轉,00860000
RPWQMLOJKIOFFBA38CA,延平段二小段,14.30,都市：其他:特定專用區(供一般商業使用)。,2000,493,持分移轉,07660000
RPROMLMJKIOFFCA57CA,德惠段四小段,32.67,都市：商,100000,3700,持分移轉,06110000
RPSOMLOJKIOFFBA77CA,大龍段三小段,25.00,都市：其他:道路用地,1,1,全筆移轉,10090000
RPSQMLTLJIOFFEA88CA,溪洲段二小段,184.33,都市：其他:國中用地,14400,550,持分移轉,01770000
RPVOMLTJKIOFFAA58DA,興安段一小段,.03,都市：住,10000000,526,持分移轉,05450000
RPROMLOJKIOFFAA57CA,萬芳段二小段,2.64,都市：其他:道路用地,84,6,持分移轉,02850000
RPROMLOJKIOFFAA57CA,萬芳段二小段,43.57,都市：其他:道路用地,84,6,持分移轉,03080000
RPROMLOJKIOFFAA57CA,萬芳段二小段,46.29,都市：其他:道路用地,7,1,持分移轉,03110000
RPVNMLMJKIOFFEA18DA,光華段四小段,.66,都市：住,100000,45,持分移轉,08000000
RPXQMLTLJIOFFCA66DA,潭美段三小段,54.67,都市：工,12,4,持分移轉,08790000
RPVNMLMJKIOFFEA18DA,光華段四小段,.03,都市：住,100000,45,持分移轉,08020001
RPVQMLMJKIOFFBA08CA,漢中段二小段,15.14,都市：商,10000,32,持分移轉,09770000
RPWNMLNJKIOFFDA18CA,虎林段四小段,36.93,都市：住,10000,21,持分移轉,03050000
RPRQMLTKKIOFFCA58CA,德惠段三小段,3.82,都市：商,10000,26,持分移轉,08860000
RPTNMLOJKIOFFDA97CA,玉成段三小段,3.18,都市：商,100000,21,持分移轉,05680000
RPUOMLTKKIOFFCA68CA,西湖段四小段,1.80,都市：工,924011,279,持分移轉,02910000
RPTPMLOJKIOFFEA28CA,豐年段一小段,3157.00,都市：農,1,1,全筆移轉,04560001
RPROMLPJKIOFFEA08CA,立農段四小段,15.00,都市：其他:綠地用地,418,15,持分移轉,03040000
RPROMLPJKIOFFEA08CA,立農段四小段,12.44,都市：其他:道路用地,46300,1200,持分移轉,03050000
RPRNMLOJKIOFFBA57CA,文昌段二小段,17.10,都市：住,10000,433,持分移轉,05820000
RPORMLQKJHPFFCA97CA,中山段一小段,.25,都市：商,100000,105,持分移轉,04780000
RPPRMLNJKIOFFEA97CA,奇岩段四小段,11.12,都市：住,10000,33,持分移轉,02730000
RPWQMLTLJIOFFCA09CA,西湖段一小段,.84,都市：住,10000,301,持分移轉,03780012
RPWQMLTLJIOFFCA09CA,西湖段一小段,21.34,都市：住,10000,301,持分移轉,03780007
RPUNMLTKKIOFFBA48CA,臨沂段二小段,.17,都市：住,10000,2,持分移轉,00330000
RPOOMLLKKIOFFBA17CA,圓環段三小段,9.30,都市：商,10000,372,持分移轉,04180000
RPWNMLOJKIOFFEA48DA,光華段四小段,29.63,都市：住,100000,2028,持分移轉,08000000
RPWNMLOJKIOFFEA48DA,光華段四小段,1.16,都市：住,100000,2028,持分移轉,08020001
RPOOMLNJKIOFFFA67CA,學府段二小段,27.50,都市：住,6,1,持分移轉,03150000
RPOOMLNJKIOFFFA67CA,學府段二小段,1.67,都市：其他:道路用地,6,1,持分移轉,03160000
RPQNMLOJKIOFFFA87CA,懷生段二小段,.06,都市：住,10000,643,持分移轉,02220010
RPQNMLOJKIOFFFA87CA,懷生段二小段,7.59,都市：商,10000,643,持分移轉,02220011
RPQNMLOJKIOFFFA87CA,懷生段二小段,48.74,都市：住,10000,643,持分移轉,02270000
RPVNMLRKKIOFFEA68CA,溫泉段二小段,2.42,都市：住,12,1,持分移轉,04300000
RPVNMLRKKIOFFEA68CA,溫泉段二小段,1.00,都市：其他:道路用地(公共設施用地),12,1,持分移轉,04300001
RPVNMLRKKIOFFEA68CA,溫泉段二小段,24.50,都市：住,4,1,持分移轉,04270000
RPSOMLMJKIOFFEA87CA,福林段三小段,1.85,都市：住,13,6,持分移轉,07340001
RPRNMLNKKIOFFBA57CA,青年段一小段,12.33,都市：住,21886,44,持分移轉,01260000
RPRNMLNKKIOFFBA57CA,青年段一小段,2.89,都市：住,21886,44,持分移轉,01260001
RPRNMLNKKIOFFBA57CA,青年段一小段,.00,都市：其他:道路用地,21886,44,持分移轉,01260002
RPRNMLNKKIOFFBA57CA,青年段一小段,.00,都市：其他:道路用地,21886,44,持分移轉,01260003
RPPQMLOJKIOFFDA87CA,犂和段一小段,5.69,都市：其他:保護區,11000000,169042,持分移轉,03520001
RPPQMLOJKIOFFDA87CA,犂和段一小段,40.00,都市：其他:保護區,1,1,全筆移轉,03520005
RPRNMLNJKIOFFDA67CA,玉成段五小段,42.20,都市：住,10000,1000,持分移轉,03940000
RPROMLOJKIOFFDA87CA,福德段二小段,44.50,都市：住,4,1,持分移轉,02600000
RPROMLOJKIOFFDA87CA,福德段二小段,.25,都市：其他:道路用地,4,1,持分移轉,02600001
RPXNMLPJKIOFFDA48CA,美仁段二小段,8.31,都市：商,10000,218,持分移轉,07960000
RPRRMLQKJHPFFCA28CA,中山段一小段,.25,都市：商,100000,105,持分移轉,04780000
RPXQMLOJKIOFFBA48CA,福星段二小段,.44,都市：商,10000,48,持分移轉,05300000
RPXQMLOJKIOFFBA48CA,福星段二小段,2.40,都市：商,10000,48,持分移轉,05330000
RPSRMLTJKIOFFCA78DA,文德段三小段,5.84,都市：住,10000,30,持分移轉,00250002
RPSRMLTJKIOFFCA78DA,文德段三小段,8.21,都市：住,10000,30,持分移轉,00780000
RPPNMLSJKIOFFEA08CA,行義段四小段,22.16,都市：住,1,1,全筆移轉,04230000
RPQOMLQJKIOFFBA87DA,青年段一小段,8.41,都市：住,21886,30,持分移轉,01260000
RPQOMLQJKIOFFBA87DA,青年段一小段,1.97,都市：住,21886,30,持分移轉,01260001
RPQOMLQJKIOFFBA87DA,青年段一小段,.00,都市：其他:道路用地,21886,30,持分移轉,01260002
RPQOMLQJKIOFFBA87DA,青年段一小段,.00,都市：其他:道路用地,21886,30,持分移轉,01260003
RPTPMLNJKIOFFCA97CA,中山段一小段,21.02,都市：商,10000,454,持分移轉,04730000
RPTNMLNJKIOFFEA97CA,芝山段一小段,19.75,都市：住,4,1,持分移轉,01980000
RPRNMLNJKIOFFAA37CA,南海段二小段,3.42,都市：商,10000,30,持分移轉,03320000
RPRNMLNJKIOFFAA37CA,南海段二小段,1.89,都市：住,10000,30,持分移轉,04050000
RPXOMLLMKIOFFCA38CA,大佳段二小段,302.00,都市：其他:汙水處理場用地(公共設施用地),1,1,全筆移轉,07570000
RPXOMLLMKIOFFCA38CA,大佳段二小段,221.00,都市：其他:汙水處理場用地(公共設施用地),1,1,全筆移轉,07570001
RPQNMLNJKIOFFDA57CA,中南段四小段,40.07,都市：住,10000,620,持分移轉,04690000
RPOPMLNJKIOFFEA67CA,中洲段,16.15,都市：其他:遊樂區,1,1,全筆移轉,05440003
RPOPMLNJKIOFFEA67CA,溪洲段二小段,18.88,都市：住,8,1,持分移轉,03240000
RPOPMLNJKIOFFEA67CA,溪洲段三小段,142.00,都市：住,2,1,持分移轉,00610000
RPOPMLNJKIOFFEA67CA,溪洲段三小段,59.50,都市：住,2,1,持分移轉,00680000
RPUOMLNJKIOFFAA77CA,興隆段三小段,1.01,都市：住,10000,10,持分移轉,03990005
RPUNMLOJKIOFFAA77CA,興隆段四小段,2.55,都市：其他:公共設施保留用地(道路用地),270000,782,持分移轉,01180000
RPTOMLKKKIOFFFA97CA,仁愛段六小段,2.25,都市：其他:道路用地,10027584,92848,持分移轉,01390003
RPTOMLKKKIOFFFA97CA,仁愛段六小段,.18,都市：其他:道路用地,7308,24,持分移轉,00290001
RPTRMLNJKIOFFCA18CA,中山段一小段,6.00,都市：商,10000,47,持分移轉,06070000
RPTOMLKKKIOFFFA97CA,仁愛段六小段,2.25,都市：其他:道路用地,10027584,92848,持分移轉,00380001
RPOOMLOJKIOFFEA67CA,溪山段二小段,2.05,都市：其他:陽明山國家公園區,48,3,持分移轉,03470002
RPORMLTJKIOFFCA38DA,東湖段七小段,23.14,都市：住,10000,240,持分移轉,05150000
RPOOMLOJKIOFFCA47CA,中山段一小段,3.59,都市：商,10000,42,持分移轉,08390000
RPTNMLSJKIOFFBA18CA,圓環段一小段,13.47,都市：商,100000,2095,持分移轉,05390000
RPTNMLSJKIOFFBA18CA,圓環段一小段,7.35,都市：住,100000,2095,持分移轉,05400000
RPUPMLNJKIOFFEA28CA,溫泉段二小段,20.74,都市：住,240,7,持分移轉,03720000
RPSNMLOJKIOFFDA87CA,寶清段四小段,2.67,都市：其他:公共設施保留用地(道路用地),6,1,持分移轉,05460000
RPUNMLSJKIOFFBA28CA,圓環段一小段,9.68,都市：商,100000,1506,持分移轉,05390000
RPSNMLOJKIOFFDA87CA,祥和段二小段,2.78,都市：其他:公共設施保留用地(道路用地),8868,294,持分移轉,06660000
RPSNMLOJKIOFFDA87CA,祥和段二小段,66.69,都市：其他:公共設施保留用地(道路用地),17568,789,持分移轉,06680000
RPUNMLSJKIOFFBA28CA,圓環段一小段,5.29,都市：住,100000,1506,持分移轉,05400000
RPSPMLPJKIOFFDA18CA,福德段二小段,11.88,都市：住,64,2,持分移轉,01040000
RPVOMLPLKIOFFCA48CA,長春段一小段,18.51,都市：住,74478,96,持分移轉,01740000
RPTPMLNJKIOFFEA18CA,溫泉段二小段,27.65,都市：住,360,14,持分移轉,03720000
RPQNMLOJKIOFFEA77CA,天母段二小段,1.40,都市：其他:公共設施保留用地(道路用地),10,7,持分移轉,01580002
RPQNMLOJKIOFFEA77CA,百齡段四小段,6.64,都市：其他:公共設施保留用地(道路用地),50,4,持分移轉,02340000
RPSOMLNJKIOFFBA67CA,青年段二小段,1.30,都市：住,9415,67,持分移轉,00160000
RPSOMLNJKIOFFBA67CA,青年段二小段,12.83,都市：住,9415,67,持分移轉,00160001
RPSOMLOJKIOFFEA18DA,行義段三小段,9.49,都市：住,100000,1693,持分移轉,05280000
RPVNMLKKKIOFFCA77CA,石潭段四小段,10.10,都市：商,100000,360,持分移轉,04230000
RPOOMLOJKIOFFAA27CA,福和段二小段,15.88,都市：住,100000,528,持分移轉,06990000
RPVNMLOKJHPFFBA97CA,城中段一小段,.07,都市：商,1,1,全筆移轉,02190001
RPVNMLOKJHPFFBA97CA,城中段一小段,.79,都市：商,714,662,持分移轉,02450003
RPTOMLNKKIOFFAA77CA,南海段二小段,.97,都市：商,10000,102,持分移轉,01720000
RPTOMLNKKIOFFAA77CA,南海段二小段,4.75,都市：商,10000,102,持分移轉,02050000
RPSQMLQJKIOFFCA38DA,康寧段三小段,6.08,都市：商,10000,20,持分移轉,07930000
RPTOMLLKKIOFFEA97CA,蘭雅段一小段,38.50,都市：住,100,11,持分移轉,02000000
RPPOMLPJKIOFFBA57CA,臨沂段二小段,10.26,都市：住,10000,333,持分移轉,02900000
RPTPMLOJKIOFFBA97CA,漢中段二小段,9.94,都市：商,1000000000,2100000,持分移轉,09770000
RPQPMLQLKIOFFAA97CA,興泰段二小段,21.80,都市：住,100000,1623,持分移轉,02890000
RPVPMLPJKIOFFBA28CA,橋北段二小段,9.54,都市：其他:聯合開發區(捷),100000,233,持分移轉,06360000
RPVPMLPJKIOFFBA28CA,橋北段二小段,.06,都市：其他:聯合開發區(捷),100000,233,持分移轉,06800010
RPVPMLPJKIOFFBA28CA,橋北段二小段,.01,都市：其他:聯合開發區(捷),100000,233,持分移轉,06800011
RPXNMLOJKIOFFAA08CA,萬芳段三小段,38.18,都市：住,10000,304,持分移轉,01060000
RPXNMLOJKIOFFAA08CA,萬芳段三小段,.85,都市：其他:道路用地(公共設施用地),10000,304,持分移轉,01070000
RPRPMLTKKIOFFAA28CA,實踐段二小段,24.35,都市：住,10000,487,持分移轉,00330000
RPUNMLOLKIOFFDA28CA,南港段一小段,760.90,都市：住,100,70,持分移轉,05310000
RPTNMLOJKIOFFEA08CA,百齡段五小段,21.42,都市：住,10000,175,持分移轉,03030000
RPRPMLNJKIOFFEA97CA,溫泉段二小段,33.18,都市：住,1800,84,持分移轉,03720000
RPRPMLOJKIOFFFA18CA,辛亥段六小段,29.20,都市：住,5,1,持分移轉,00420011
RPVNMLQKKIOFFAA18CA,政大段二小段,28.12,都市：住,100000,940,持分移轉,04730000
RPSNMLOJKIOFFBA67CA,大同段二小段,11.00,都市：其他:公共設施保留用地(道路用地),2,1,持分移轉,03730002
RPQRMLTJKIOFFCA48CA,中山段一小段,24.34,都市：商,100000,6686,持分移轉,04490000
RPPPMLNJKIOFFEA77CA,溫泉段二小段,33.18,都市：住,1800,84,持分移轉,03720000
RPVOMLKMKIOFFEA28CA,立農段三小段,19.36,都市：住,100000,4879,持分移轉,01280000
RPXOMLSJKIOFFCA78CA,吉林段四小段,8.06,都市：住,100000,940,持分移轉,03480000
RPXOMLSJKIOFFCA78CA,吉林段四小段,15.98,都市：住,100000,940,持分移轉,03540000
RPQPMLNJKIOFFEA87CA,溫泉段二小段,33.18,都市：住,1800,84,持分移轉,03720000
RPSOMLPJKIOFFEA18CA,溪洲段一小段,1.18,都市：其他:公園用地,50,1,持分移轉,01570000
RPSOMLPJKIOFFEA18CA,溪洲段一小段,.61,都市：其他:堤防用地,150,1,持分移轉,01570001
RPSOMLPJKIOFFEA18CA,溪洲段一小段,.32,都市：其他:堤防用地,150,1,持分移轉,01580000
RPSOMLPJKIOFFEA18CA,溪洲段一小段,.58,都市：其他:公園用地,50,1,持分移轉,01690001
RPSOMLPJKIOFFEA18CA,溪洲段二小段,129.96,都市：其他:公園用地,75,3,持分移轉,03120000
RPSOMLPJKIOFFEA18CA,溪洲段二小段,6.88,都市：住,25,1,持分移轉,03410000
RPSOMLPJKIOFFEA18CA,溪洲段二小段,.16,都市：住,25,1,持分移轉,04170000
RPSOMLPJKIOFFEA18CA,溪洲段二小段,17.80,都市：住,25,1,持分移轉,04190000
RPSOMLPJKIOFFEA18CA,溪洲段二小段,13.68,都市：住,25,1,持分移轉,04240000
RPSOMLPJKIOFFEA18CA,溪洲段二小段,11.20,都市：住,25,1,持分移轉,04670000
RPSOMLPJKIOFFEA18CA,溪洲段二小段,6.48,都市：住,50,1,持分移轉,04680000
RPSOMLPJKIOFFEA18CA,溪洲段二小段,8.02,都市：其他:道路用地,50,1,持分移轉,04690000
RPSOMLPJKIOFFEA18CA,溪洲段二小段,11.14,都市：其他:道路用地,100,1,持分移轉,04730000
RPSOMLPJKIOFFEA18CA,溪洲段二小段,3.18,都市：其他:堤防用地,100,1,持分移轉,04730002
RPSOMLPJKIOFFEA18CA,溪洲段三小段,42.04,都市：其他:國小用地,75,1,持分移轉,00040000
RPSOMLPJKIOFFEA18CA,溪洲段三小段,1.60,都市：住,25,1,持分移轉,00630000
RPSOMLPJKIOFFEA18CA,溪洲段三小段,5.36,都市：住,25,1,持分移轉,01630000
RPSOMLPJKIOFFEA18CA,溪洲段三小段,2.52,都市：住,25,1,持分移轉,01680000
RPSOMLPJKIOFFEA18CA,溪洲段二小段,15.00,都市：其他:道路用地,25,1,持分移轉,04660000
RPSOMLPJKIOFFEA18CA,溪洲段三小段,7.96,都市：住,25,1,持分移轉,00690000
RPSOMLPJKIOFFEA18CA,溪洲段三小段,8.60,都市：住,25,1,持分移轉,01620000
RPSOMLPJKIOFFEA18CA,溪洲段一小段,5.34,都市：其他:公園用地,100,2,持分移轉,01690000
RPSOMLPJKIOFFEA18CA,溪洲段二小段,36.96,都市：其他:道路用地,50,2,持分移轉,03400000
RPSOMLPJKIOFFEA18CA,溪洲段三小段,16.08,都市：住,25,1,持分移轉,00620000
RPOQMLMKKIOFFAA37CA,南海段二小段,1.29,都市：商,10000,136,持分移轉,01720000
RPWPMLMKKIOFFAA08CA,南海段二小段,1.17,都市：商,10000,123,持分移轉,01720000
RPOQMLMKKIOFFAA37CA,南海段二小段,6.33,都市：商,10000,136,持分移轉,02050000
RPWPMLMKKIOFFAA08CA,南海段二小段,5.73,都市：商,10000,123,持分移轉,02050000
RPXPMLMKKIOFFAA18CA,南海段二小段,1.01,都市：商,10000,106,持分移轉,01720000
RPXPMLMKKIOFFAA18CA,南海段二小段,4.93,都市：商,10000,106,持分移轉,02050000
RPSPMLQJKIOFFBA08CA,玉泉段二小段,3.84,都市：商,10000,32,持分移轉,03890000
RPSNMLOJKIOFFCA77CA,中山段四小段,10.46,都市：住,1000,85,持分移轉,04130000
RPRNMLOJKIOFFCA67CA,北安段三小段,33.23,都市：住,10000,170,持分移轉,05350000
RPPRMLTJKIOFFCA38CA,中山段一小段,23.97,都市：商,100000,6585,持分移轉,04490000
RPOUMLNKKIOFFCA08CA,吉林段三小段,4.44,都市：商,100000,340,持分移轉,08690000
RPVNMLRJKIOFFDA58DA,南港段三小段,39.45,都市：住,10000,500,持分移轉,02300000
RPTNMLPJKIOFFDA18DA,三興段二小段,2.33,都市：商,3,1,持分移轉,01790000
RPTNMLPJKIOFFDA18DA,三興段二小段,3.33,都市：住,3,1,持分移轉,01790001
RPWNMLPJKIOFFAA08CA,福和段二小段,8.33,都市：住,10000,181,持分移轉,06270000
RPUNMLPJKIOFFAA87CA,河堤段二小段,4.91,都市：商,100000,1827,持分移轉,01160000
RPRNMLTJKIOFFEA38CA,溪洲段三小段,30.55,都市：住,5,1,持分移轉,00410002
RPRNMLTJKIOFFEA38CA,溪洲段三小段,5.88,都市：住,40,1,持分移轉,01430000
RPRNMLTJKIOFFEA38CA,溪洲段三小段,12.08,都市：住,50,1,持分移轉,01500003
RPRNMLTJKIOFFEA38CA,溪洲段三小段,1.34,都市：住,120,1,持分移轉,01870000
RPRNMLTJKIOFFEA38CA,溪洲段三小段,1.57,都市：住,120,1,持分移轉,01910000
RPRNMLTJKIOFFEA38CA,溪洲段三小段,11.61,都市：其他:道路用地,150,1,持分移轉,04950000
RPRNMLTJKIOFFEA38CA,溪洲段三小段,.91,都市：其他:道路用地,250,1,持分移轉,04960000
RPRNMLTJKIOFFEA38CA,溪洲段三小段,2.06,都市：其他:堤防用地,250,1,持分移轉,04970000
RPRNMLTJKIOFFEA38CA,溪洲段三小段,6.10,都市：其他:堤防用地,50,1,持分移轉,04980000
RPRNMLTJKIOFFEA38CA,溪洲段三小段,43.40,都市：其他:道路用地,50,1,持分移轉,05020000
RPRNMLTJKIOFFEA38CA,溪洲段三小段,2.38,都市：其他:堤防用地,250,1,持分移轉,05030000
RPRNMLTJKIOFFEA38CA,溪洲段三小段,25.26,都市：其他:道路用地,50,1,持分移轉,05260000
RPRNMLTJKIOFFEA38CA,溪洲段三小段,3.42,都市：其他:堤防用地,50,1,持分移轉,05260001
RPRNMLTJKIOFFEA38CA,溪洲段三小段,15.38,都市：其他:堤防用地,50,1,持分移轉,05270000
RPRNMLTJKIOFFEA38CA,溪洲段三小段,.28,都市：其他:道路用地,250,3,持分移轉,06380000
RPRNMLTJKIOFFEA38CA,溪洲段三小段,1.01,都市：其他:堤防用地,125,1,持分移轉,06390000
RPRNMLTJKIOFFEA38CA,溪洲段三小段,6.61,都市：其他:堤防用地,125,1,持分移轉,06400000
RPRNMLTJKIOFFEA38CA,溪洲段三小段,2.68,都市：住,150,1,持分移轉,06850000
RPRNMLTJKIOFFEA38CA,溪洲段三小段,.59,都市：其他:堤防用地,250,3,持分移轉,07350000
RPSPMLNJKIOFFEA08CA,溫泉段二小段,41.48,都市：住,360,21,持分移轉,03720000
RPVPMLNJKIOFFEA38CA,溫泉段二小段,6.91,都市：住,720,7,持分移轉,03720000
RPTNMLOJKIOFFFA18CA,龍泉段二小段,.71,都市：其他:公共設施保留用地(道路用地),161280,727,持分移轉,01930001
RPTNMLOJKIOFFFA18CA,通化段一小段,18.08,都市：其他:公共設施保留用地(道路用地),24,2,持分移轉,02870000
RPUNMLQLKIOFFEA58CA,大業段三小段,31.25,都市：住,100,25,持分移轉,07540000
RPSNMLQKKIOFFAA87CA,政大段二小段,23.37,都市：住,100000,781,持分移轉,04730000
RPTNMLQJKIOFFAA87CA,福和段二小段,21.12,都市：住,100000,702,持分移轉,06990000
RPOOMLPJKIOFFAA37CA,實踐段一小段,43.35,都市：住,10000,478,持分移轉,00540002
RPWNMLQJKIOFFDA48CA,逸仙段三小段,11.78,都市：商,10000,240,持分移轉,08900000
RPRPMLQLKIOFFAA08CA,政大段二小段,24.41,都市：住,100000,816,持分移轉,04730000
RPWNMLQJKIOFFDA48CA,逸仙段三小段,.82,都市：住,10000,240,持分移轉,08930000
RPOOMLNKJHPFFBA27CA,成功段二小段,10.42,都市：商,10000,429,持分移轉,00070000
RPTOMLOJKIOFFEA28DA,秀山段二小段,22.38,都市：住,100000,2298,持分移轉,06630000
RPTOMLNJJHPFFDA87CA,民生段,11.91,都市：其他:市場用地,10000,24,持分移轉,00870000
RPWRMLKKKIOFFAA08CA,萬芳段二小段,23.29,都市：住,100000,949,持分移轉,00820000
RPPNMLTLKIOFFBA08CA,大同段二小段,3.90,都市：商,110,11,持分移轉,01890000
RPUPMLLMKIOFFDA28CA,民生段,34.75,都市：住,8,1,持分移轉,00050020
RPQNMLQKKIOFFCA97DA,金泰段,12.79,都市：商,10000,219,持分移轉,00850011
RPQQMLTJKIOFFCA38CA,中山段二小段,7.10,都市：商,1000,32,持分移轉,01890000
RPUOMLLKKIOFFEA08CA,福林段一小段,44.84,都市：住,10000,416,持分移轉,03850001
RPOPMLOLKIOFFEA97CA,立農段四小段,26.79,都市：住,10000,705,持分移轉,02040000
RPOPMLOLKIOFFEA97CA,立農段四小段,.99,都市：住,10000,705,持分移轉,02050000
RPUNMLPLKIOFFCA28CA,康寧段三小段,2.57,都市：住,10000,4,持分移轉,04910000
RPRNMLPJKIOFFAA57CA,實踐段三小段,26.75,都市：住,10000,363,持分移轉,00340000
RPRNMLPJKIOFFAA57CA,實踐段三小段,.04,都市：其他:公設保留地,10000,363,持分移轉,00340001
RPUOMLKKKIOFFBA67CA,漢中段三小段,.02,都市：商,10000,55,持分移轉,01520004
RPUOMLKKKIOFFBA67CA,漢中段三小段,.06,都市：商,10000,55,持分移轉,01610002
RPUOMLKKKIOFFBA67CA,漢中段三小段,.36,都市：商,70000,369,持分移轉,01620000
RPUOMLKKKIOFFBA67CA,漢中段三小段,.31,都市：商,10000,55,持分移轉,01630000
RPUOMLKKKIOFFBA67CA,漢中段三小段,.53,都市：商,10000,55,持分移轉,01640000
RPUOMLKKKIOFFBA67CA,漢中段三小段,.14,都市：商,10000,55,持分移轉,01670000
RPUOMLKKKIOFFBA67CA,漢中段三小段,.10,都市：商,10000,55,持分移轉,01680000
RPWOMLQJKIOFFBA38CA,成功段一小段,3.72,都市：商,100000,564,持分移轉,02210000
RPWOMLQJKIOFFBA38CA,成功段一小段,.82,都市：商,100000,564,持分移轉,02210002
RPUNMLQJKIOFFEA38CA,百齡段一小段,19.46,都市：住,10000,175,持分移轉,03100000
RPVNMLKLKIOFFAA77DA,景美段五小段,5.30,都市：商,10000,61,持分移轉,00320000
RPUNMLQJKIOFFEA38CA,百齡段一小段,.74,都市：住,10000,175,持分移轉,03110000
RPQNMLPKKIOFFBA77DA,大同段一小段,30.25,都市：住,4,1,持分移轉,06830000
RPWNMLKKKIOFFEA08CA,新民段二小段,8.07,都市：住,10000,111,持分移轉,01660000
RPQPMLRKKIOFFBA08CA,延平段一小段,7.48,都市：商,10000,135,持分移轉,04520000
RPPNMLPJKIOFFEA77CA,溫泉段一小段,9.65,都市：其他:特定觀光商業專用區,10000,52,持分移轉,01670000
RPPNMLPJKIOFFEA77CA,溫泉段一小段,.04,都市：其他:道路用地,10000,52,持分移轉,01670002
RPWNMLNKKIOFFEA38CA,雙溪段重劃一小段,97.19,都市：住,16,1,持分移轉,00480000
RPXOMLRLKIOFFBA78CA,橋北段二小段,10.85,都市：其他:聯合開發區(捷),100000,265,持分移轉,06360000
RPXOMLRLKIOFFBA78CA,橋北段二小段,.06,都市：其他:聯合開發區(捷),100000,265,持分移轉,06800010
RPXOMLRLKIOFFBA78CA,橋北段二小段,.01,都市：其他:聯合開發區(捷),100000,265,持分移轉,06800011
RPSOMLPJKIOFFDA08CA,民生段,8.00,都市：住,4219,12,持分移轉,01060000
RPWNMLQJKIOFFEA58CA,富安段一小段,512.19,都市：其他:道路用地,1200,745,持分移轉,03110000
RPOPMLPJKIOFFDA77CA,南港段三小段,45.38,都市：工,100000,755,持分移轉,00260000
RPQNMLMJJHPFFEA47CA,三玉段二小段,9.37,都市：商,10000,76,持分移轉,00890000
RPQNMLMJJHPFFEA47CA,三玉段二小段,5.25,都市：商,10000,76,持分移轉,00890001
RPXPMLNKKIOFFEA68CA,至善段六小段,20.57,都市：其他:公共設施用地,3000,1122,持分移轉,00390001
RPXPMLNKKIOFFEA68CA,至善段六小段,50.12,都市：其他:公共設施用地,3000,1122,持分移轉,00400003
RPUOMLPJKIOFFCA18CA,潭美段四小段,15.00,都市：住,1,1,全筆移轉,01000000
RPXPMLNKKIOFFEA68CA,至善段六小段,10.00,都市：其他:公共設施用地,1,1,全筆移轉,00410001
RPXPMLNKKIOFFEA68CA,至善段六小段,10.00,都市：其他:公共設施用地,1,1,全筆移轉,00420001
RPXPMLNKKIOFFEA68CA,至善段六小段,29.00,都市：其他:公共設施用地,1,1,全筆移轉,00490001
RPUOMLPJKIOFFCA18CA,潭美段四小段,92.00,都市：住,1,1,全筆移轉,01010000
RPROMLPJKIOFFCA87CA,德惠段四小段,3.00,都市：商,990,3,持分移轉,02830000
RPSOMLNKKIOFFFA28DA,復興段一小段,26.06,都市：住,10000,338,持分移轉,02880000
RPQNMLSLKIOFFDA28CA,西松段一小段,12.30,都市：商,28550,123,持分移轉,06090000
RPVQMLTKKIOFFDA09CA,逸仙段三小段,1.38,都市：其他:道路用地,10000,155,持分移轉,01810000
RPVQMLTKKIOFFDA09CA,逸仙段三小段,13.00,都市：住,10000,155,持分移轉,01820000
RPVQMLTKKIOFFDA09CA,逸仙段三小段,1.74,都市：其他:道路用地,10000,155,持分移轉,01830000
RPOQMLNKKIOFFEA87CA,百齡段四小段,7.81,都市：住,12000,342,持分移轉,03600000
RPQOMLPJKIOFFDA87CA,延吉段一小段,.09,都市：商,100000,92,持分移轉,02140000
RPQOMLPJKIOFFDA87CA,延吉段一小段,.96,都市：其他:第三種商業區及第三種住宅區,100000,92,持分移轉,02160000
RPQOMLPJKIOFFDA87CA,延吉段一小段,.07,都市：住,100000,92,持分移轉,02460000
RPPNMLPKJHPFFAA37CA,永昌段四小段,14.23,都市：住,10000,297,持分移轉,00160000
RPPNMLPKJHPFFAA37CA,永昌段四小段,.09,都市：住,10000,297,持分移轉,00170002
RPPNMLPKJHPFFAA37CA,永昌段四小段,1.31,都市：住,10000,297,持分移轉,00180000
RPQNMLQJKIOFFCA77CA,西湖段二小段,12.68,都市：住,10000,219,持分移轉,03430000
RPVQMLQJKIOFFCA68DA,西湖段一小段,35.35,都市：住,99343,205,持分移轉,02780000
RPPNMLQKKIOFFEA97CA,百齡段六小段,22.50,都市：住,10000,382,持分移轉,07320000
RPQNMLNLKIOFFBA57CA,延平段三小段,65.95,都市：其他:特定專用區(供河濱住宅使用),1,1,全筆移轉,07490009
RPXNMLOLKIOFFBA38CA,延平段一小段,16.60,都市：商,10,2,持分移轉,01750000
RPTNMLRJKIOFFDA28CA,永吉段四小段,35.50,都市：住,4,1,持分移轉,01530000
RPXNMLOLKIOFFBA38CA,延平段一小段,1.20,都市：其他:道路用地,10,2,持分移轉,01750002
RPXNMLOLKIOFFBA38CA,延平段一小段,1.20,都市：其他:道路用地,10,2,持分移轉,01750004
RPTPMLTJKIOFFCA58CA,榮星段二小段,.10,都市：商,100000,8,持分移轉,06780000
RPTPMLTJKIOFFCA58CA,榮星段二小段,.03,都市：商,100000,8,持分移轉,06790002
RPWNMLTJKIOFFDA88DA,新光段三小段,19.50,都市：住,4,1,持分移轉,03810000
RPPPMLPJKIOFFCA77CA,康寧段二小段,37.84,都市：住,1000,110,持分移轉,02250000
RPPNMLMKKIOFFAA17CA,河堤段五小段,26.52,都市：住,10000,921,持分移轉,00630000
RPVNMLQJKIOFFEA48CA,永新段四小段,38.78,都市：住,10000,515,持分移轉,04790000
RPVOMLLKKIOFFEA28DA,新民段一小段,.67,都市：其他:特定休閒旅館住宅專用區,10000,29,持分移轉,01840000
RPVOMLLKKIOFFEA28DA,新民段一小段,1.51,都市：其他:道路用地,10000,29,持分移轉,01840001
RPVOMLLKKIOFFEA28DA,新民段一小段,8.68,都市：其他:特定休閒旅館住宅專用區,10000,29,持分移轉,01840002
RPVOMLLKKIOFFEA28DA,新民段一小段,.21,都市：其他:特定休閒旅館住宅專用區,10000,29,持分移轉,01840003
RPVOMLKKKIOFFBA77CA,市府段一小段,2.50,都市：商,100000,483,持分移轉,01770000
RPRRMLRKKIOFFCA58DA,長春段一小段,5.48,都市：商,10000,156,持分移轉,08450000
RPRRMLRKKIOFFCA58DA,長春段一小段,.16,都市：商,10000,6,持分移轉,08840000
RPRRMLRKKIOFFCA58DA,長春段一小段,.04,都市：商,10000,6,持分移轉,08850004
RPTNMLTKKIOFFCA48CA,吉林段四小段,9.69,都市：住,10000,291,持分移轉,03990000
RPPQMLOLKIOFFCA97CA,中山段三小段,28.38,都市：商,10000,357,持分移轉,07830000
RPQPMLKMKIOFFEA87CA,三合段,14.58,都市：住,100000,1336,持分移轉,00420000
RPPOMLTJKIOFFDA18CA,南港段一小段,8.10,都市：商,20000,70,持分移轉,11330000
RPTQMLQJKIOFFDA48CA,中南段五小段,26.45,都市：住,140000,1871,持分移轉,03840001
RPTNMLSKKIOFFBA28CA,玉泉段一小段,24.18,都市：商,100000,928,持分移轉,10140000
RPUPMLQJKIOFFDA48CA,玉成段三小段,5.28,都市：商,20000,39,持分移轉,04590000
RPVNMLQJKIOFFBA18CA,青年段二小段,22.75,都市：住,4,1,持分移轉,05000000
RPVOMLTJKIOFFDA88DA,犂和段四小段,32.50,都市：住,4,1,持分移轉,00040003
RPSPMLTJKIOFFCA48CA,德惠段四小段,.79,都市：商,10000,79,持分移轉,03840000
RPSPMLTJKIOFFCA48CA,德惠段四小段,.79,都市：商,10000,79,持分移轉,03850000
RPSPMLTJKIOFFCA48CA,德惠段四小段,.80,都市：商,10000,79,持分移轉,03860000
RPSPMLTJKIOFFCA48CA,德惠段四小段,.03,都市：其他:道路用地(公共設施用地)【,10000,79,持分移轉,03860001
RPQQMLMKKIOFFDA97DA,寶清段二小段,3.50,都市：商,4,1,持分移轉,01100001
RPQNMLSLKIOFFFA48CA,通化段四小段,8.96,都市：其他:商業區依規定辦理始得作商業區使用原屬住宅區,10000,204,持分移轉,04760000
RPQQMLMKKIOFFDA97DA,寶清段二小段,9.25,都市：商,4,1,持分移轉,01130000
RPRNMLSJKIOFFDA18CA,民生段,25.22,都市：商,10000,84,持分移轉,00520000
RPRNMLSJKIOFFAA87CA,河堤段三小段,17.60,都市：住,5,1,持分移轉,02760000
RPRNMLSJKIOFFAA87CA,河堤段三小段,.40,都市：其他:道路用地(公共設施用地),5,1,持分移轉,02760001
RPRNMLQJKIOFFEA08CA,行義段二小段,15.65,都市：住,10000,85,持分移轉,04050000
RPRNMLQJKIOFFEA08CA,行義段二小段,.41,都市：住,10000,85,持分移轉,04060000
RPVNMLQKKIOFFEA58CA,平等段三小段,978.46,都市：其他:保護區,1,1,全筆移轉,01960000
RPPOMLTJKIOFFBA97CA,直興段三小段,6.21,都市：商,7808,102,持分移轉,04060000
RPOOMLKKKIOFFBA07CA,玉泉段一小段,2.64,都市：商,10000,20,持分移轉,09220000
RPVNMLQJKIOFFAA08CA,福和段二小段,17.18,都市：住,100000,571,持分移轉,06990000
RPXNMLTJKIOFFEA98CA,永新段二小段,.28,都市：住,10000,4,持分移轉,06240000
RPXNMLTJKIOFFEA98CA,永新段二小段,.02,都市：住,10000,4,持分移轉,06240001
RPOOMLOLKIOFFDA77CA,民生段,3.55,都市：住,10000,14,持分移轉,00310000
RPSOMLTJKIOFFAA18CA,永昌段一小段,19.50,都市：住,4,1,持分移轉,01040000
RPSOMLTJKIOFFAA18CA,永昌段一小段,1.50,都市：住,4,1,持分移轉,01040001
RPPPMLLMKIOFFAA47CA,實踐段三小段,22.25,都市：住,4,1,持分移轉,03440000
RPPNMLTKKIOFFFA38CA,大安段三小段,28.85,都市：住,10000,952,持分移轉,03610000
RPRPMLNKKIOFFDA08DA,南港段一小段,30.73,都市：住,100000,559,持分移轉,06190000
RPOQMLQJJHPFFCA77CA,長春段三小段,4.58,都市：商,10000,44,持分移轉,00470000
RPSNMLTKKIOFFCA38CA,吉林段四小段,2.13,都市：商,10000,26,持分移轉,06690000
RPOQMLQJJHPFFCA77CA,長春段三小段,.32,都市：商,10000,44,持分移轉,00470001
RPTOMLTKKIOFFBA48CA,莒光段四小段,.12,都市：商,8,1,持分移轉,03240000
RPTOMLTKKIOFFBA48CA,莒光段四小段,36.88,都市：住,8,1,持分移轉,03240001
RPTOMLTKKIOFFBA48CA,莒光段四小段,.38,都市：商,8,1,持分移轉,03680000
RPTOMLTKKIOFFBA48CA,莒光段四小段,2.62,都市：住,8,1,持分移轉,03680003
RPPOMLTJKIOFFEA28CA,平等段三小段,783.77,都市：其他:保護區,1,1,全筆移轉,01190001
RPPOMLTJKIOFFEA28CA,平等段三小段,984.87,都市：其他:第四種一般管制區,1,1,全筆移轉,01190000
RPUOMLTJKIOFFEA78CA,三玉段五小段,50.00,都市：住,4,1,持分移轉,02090000
RPUOMLQJKIOFFEA48CA,溫泉段二小段,3.46,都市：住,1440,7,持分移轉,03720000
RPSNMLTJKIOFFEA48CA,豐年段一小段,990.38,都市：農,8,3,持分移轉,08380000
RPVRMLKLKIOFFCA28CA,金泰段,16.32,都市：商,100000,1058,持分移轉,00810009
RPXOMLTJKIOFFCA88CA,潭美段三小段,14.14,都市：工,100000,242,持分移轉,05420000
RPSNMLKKKIOFFDA57CA,西松段一小段,339.20,都市：其他:道路用地,5,4,持分移轉,06940000
RPSNMLKKKIOFFDA57CA,西松段一小段,102.40,都市：其他:道路用地,5,4,持分移轉,06940003
RPSNMLKKKIOFFDA57CA,西松段一小段,256.00,都市：其他:道路用地,5,4,持分移轉,06940004
RPSNMLKKKIOFFDA57CA,西松段一小段,8.80,都市：其他:道路用地,5,4,持分移轉,06940008
RPSNMLKKKIOFFDA57CA,西松段一小段,1.60,都市：其他:道路用地,5,4,持分移轉,06940016
RPRPMLMJJHPFFCA57CA,碧湖段三小段,6.67,都市：住,100000,4610,持分移轉,03390004
RPQOMLSKKIOFFAA97CA,實踐段一小段,25.50,都市：住,4,1,持分移轉,04330000
SPUOMLQJKIOFFEA58CA,溫泉段二小段,3.46,都市：住,1440,7,持分移轉,03720000
RPWOMLTJKIOFFAA58CA,福和段二小段,11.19,都市：住,1000000000,3720000,持分移轉,06990000
RPQOMLTJKIOFFCA18CA,吉林段一小段,9.71,都市：商,10000,43,持分移轉,08050000
RPTNMLTJKIOFFFA68CA,金華段四小段,17.94,都市：住,10000,1646,持分移轉,07000000
RPPNMLMLKIOFFCA47CA,中山段一小段,18.17,都市：商,6,1,持分移轉,01060000
RPTOMLTJKIOFFDA58CA,三興段二小段,3.25,都市：住,16,1,持分移轉,06210000
RPTOMLTJKIOFFDA58CA,三興段二小段,20.75,都市：住,4,1,持分移轉,06240000
RPTOMLTJKIOFFDA58CA,三興段二小段,.75,都市：住,16,1,持分移轉,06270000
RPTOMLTJKIOFFDA58CA,三興段二小段,4.25,都市：其他:道路用地(公共設施用地),16,1,持分移轉,06280001
RPSRMLNJJHPFFCA97CA,潭美段一小段,13.48,都市：其他:科技工業區(B區)(特),84,2,持分移轉,03990001
RPSRMLNJJHPFFCA97CA,潭美段一小段,16.25,都市：其他:科技工業區(B區)(特),84,1,持分移轉,04010000
RPQPMLMJJHPFFCA47CA,碧湖段三小段,24.70,都市：住,100000,17070,持分移轉,03390004
RPQOMLTJKIOFFAA97CA,永昌段五小段,23.25,都市：住,32,4,持分移轉,01400000
RPQPMLNLKIOFFBA77CA,雙連段二小段,7.82,都市：商,100000,2294,持分移轉,07520000
RPXOMLTJKIOFFFA56CA,仁愛段四小段,37.00,都市：住,4,1,持分移轉,02970000
RPXOMLTJKIOFFFA56CA,仁愛段四小段,7.00,都市：其他:道路用地,4,1,持分移轉,02980000
RPVPMLTJKIOFFCA78CA,吉林段二小段,1.89,都市：商,10000,135,持分移轉,02190000
RPVPMLTJKIOFFCA78CA,吉林段二小段,9.45,都市：住,10000,135,持分移轉,02230000
RPPPMLMJJHPFFCA37CA,碧湖段三小段,18.32,都市：住,100000,12662,持分移轉,03390004
RPSOMLOKJHPFFBA77CA,雙連段一小段,.01,都市：商,189,1,持分移轉,04590000
RPQPMLTJKIOFFAA18DA,萬隆段二小段,27.25,都市：住,4,1,持分移轉,03780000
RPSOMLTJKIOFFFA68CA,瑞安段二小段,17.09,都市：商,44,2,持分移轉,05940000
RPSOMLTJKIOFFFA68CA,瑞安段二小段,.27,都市：其他:道路用地,44,2,持分移轉,05940001
RPTNMLMKKIOFFDA87CA,西松段一小段,15.83,都市：住,200000,794,持分移轉,00060002
RPTNMLMKKIOFFDA87CA,西松段一小段,23.29,都市：住,200000,794,持分移轉,00060003
RPUNMLTJKIOFFCA48CA,西湖段一小段,28.50,都市：住,2,1,持分移轉,07110000
RPPOMLQKKIOFFBA77CA,延平段三小段,13.00,都市：其他:特定專用區(供特定住宅使用),1,1,全筆移轉,02460000
RPPOMLQKKIOFFBA77CA,延平段三小段,98.00,都市：其他:特定專用區(供特定住宅使用),1,1,全筆移轉,02470000
RPPOMLQKKIOFFBA77CA,延平段三小段,8.00,都市：其他:特定專用區(供特定住宅使用),1,1,全筆移轉,02470001
RPRNMLSJKIOFFEA38DA,平等段一小段,505.23,都市：其他:保護區,1,1,全筆移轉,04360000
RPRNMLSJKIOFFEA38DA,平等段一小段,20.70,都市：其他:保護區,1,1,全筆移轉,04360001
RPRNMLSJKIOFFEA38DA,平等段一小段,88.38,都市：其他:保護區,1,1,全筆移轉,04360002
RPRNMLSJKIOFFEA38DA,平等段一小段,965.66,都市：其他:保護區,1,1,全筆移轉,04370000
RPUNMLLKKIOFFFA08CA,瑞安段二小段,9.22,都市：商,10000,452,持分移轉,00590000
RPUNMLLKKIOFFFA08CA,瑞安段二小段,28.34,都市：住,10000,452,持分移轉,00650000
RPQOMLNKKIOFFBA67DA,臨沂段三小段,5.79,都市：住,10000,71,持分移轉,04900000
RPSPMLQJKIOFFDA28CA,敦化段三小段,43.50,都市：住,80,20,持分移轉,01390000
RPTPMLSKKIOFFDA68CA,中南段二小段,45.65,都市：住,100000,2156,持分移轉,08590000
RPPOMLKLKIOFFBA27CA,臨沂段三小段,11.95,都市：商,10000,290,持分移轉,04600000
RPPOMLKLKIOFFBA27CA,臨沂段三小段,.43,都市：住,10000,290,持分移轉,04600001
RPSOMLKKKIOFFEA87DA,溪山段二小段,.22,都市：其他:陽明山國家公園區,48,3,持分移轉,04040001
RPSOMLKKKIOFFEA87DA,溪山段二小段,.18,都市：其他:陽明山國家公園區,48,3,持分移轉,04050000
RPOOMLPLKIOFFCA77CA,長春段一小段,4.69,都市：住,900500,156,持分移轉,00020000
RPTRMLKKKIOFFCA97CA,長春段一小段,19.75,都市：住,4,1,持分移轉,04170000
RPTRMLKKKIOFFCA97CA,長春段一小段,19.00,都市：住,4,1,持分移轉,04180000
RPVNMLLKKIOFFAA67CA,實踐段二小段,4.39,都市：住,1920,35,持分移轉,00520000
RPPOMLLKKIOFFCA37CA,潭美段三小段,71.00,都市：工,2,1,持分移轉,06140000
RPSOMLLKKIOFFCA67CA,長春段二小段,9.23,都市：住,10000,117,持分移轉,03370000
RPPOMLLKKIOFFCA37CA,潭美段三小段,23.00,都市：其他:公共設施用地,200,63,持分移轉,06140001
RPTOMLMKKIOFFEA08CA,永新段二小段,24.17,都市：住,10000,113,持分移轉,03210000
RPPPMLMKKIOFFCA57CA,碧湖段三小段,19.52,都市：住,10000,22,持分移轉,01230000
RPTOMLKKKIOFFEA87CA,福林段一小段,132.00,都市：住,1,1,全筆移轉,00990000
RPPPMLMKKIOFFCA57CA,碧湖段三小段,.00,都市：其他:道,10000,22,持分移轉,01230001
RPXNMLNLKIOFFAA18CA,河堤段三小段,24.85,都市：住,100000,9137,持分移轉,06960000
RPVNMLMJJHPFFFA08CA,學府段一小段,61.40,都市：住,100000,1985,持分移轉,06360000
RPXNMLMKKIOFFDA28CA,永吉段四小段,2.65,都市：商,10000,15,持分移轉,00910000
RPXNMLMKKIOFFDA28CA,永吉段四小段,2.14,都市：商,10000,15,持分移轉,00930000
RPXNMLMKKIOFFDA28CA,永吉段四小段,1.98,都市：其他:交通用地,10000,15,持分移轉,00930001
RPUNMLKKKIOFFFA97CA,辛亥段六小段,29.50,都市：住,20,2,持分移轉,00260009
RPPNMLLKKIOFFFA57CA,仁愛段三小段,1.58,都市：住,12,1,持分移轉,04180000
RPPNMLLKKIOFFFA57CA,仁愛段三小段,7.33,都市：商,12,1,持分移轉,04190000
RPPNMLLKKIOFFFA57CA,仁愛段三小段,19.08,都市：住,12,1,持分移轉,04190001
RPUNMLKKKIOFFBA57CA,漢中段二小段,12.78,都市：商,10000,27,持分移轉,09770000
RPRNMLKLKIOFFFA77CA,懷生段二小段,11.65,都市：商,10000,403,持分移轉,00840000
RPOOMLMKKIOFFAA27DA,興泰段三小段,.76,都市：住,10000,39,持分移轉,00870004
RPOOMLMKKIOFFAA27DA,興泰段三小段,12.27,都市：住,10000,39,持分移轉,01420000
RPWOMLNKKIOFFAA08CA,萬慶段一小段,71.00,都市：其他:道路用地,1,1,全筆移轉,02660000
RPOPMLRLKIOFFBA97CA,橋北段二小段,10.81,都市：其他:聯合開發區(捷),100000,264,持分移轉,06360000
RPOPMLRLKIOFFBA97CA,橋北段二小段,.06,都市：其他:聯合開發區(捷),100000,264,持分移轉,06800010
RPOPMLRLKIOFFBA97CA,橋北段二小段,.01,都市：其他:聯合開發區(捷),100000,264,持分移轉,06800011
RPTNMLTKKIOFFBA38CA,華江段三小段,14.55,都市：其他:特定專用區,12455,54,持分移轉,05050009
RPPNMLSLKIOFFEA28CA,新民段四小段,21.38,都市：其他:特定休閒旅館住宅專用區,10000,160,持分移轉,01590000
RPQPMLTJKIOFFEA48CA,溫泉段二小段,27.65,都市：住,360,14,持分移轉,03720000
RPSNMLKKKIOFFAA27CA,南海段二小段,13.94,都市：住,10000,520,持分移轉,02620000
RPVNMLKKKIOFFEA97CA,桃源段二小段,.03,都市：住,10000,1,持分移轉,02600000
RPQQMLKKKIOFFCA57CA,德惠段三小段,.54,都市：住,10000,51,持分移轉,06710000
RPQQMLKKKIOFFCA57CA,德惠段三小段,.54,都市：住,10000,51,持分移轉,06720000
RPQQMLKKKIOFFCA57CA,德惠段三小段,5.38,都市：住,10000,51,持分移轉,06730000
RPRNMLKLKIOFFDA57CA,民生段,36.08,都市：住,10000,570,持分移轉,00250022
RPSOMLKKKIOFFCA67DA,碧湖段一小段,4.36,都市：住,8168,102,持分移轉,05450000
RPSOMLKKKIOFFCA67DA,碧湖段一小段,25.50,都市：住,4,1,持分移轉,05460000
RPSNMLRKKIOFFAA97CA,興隆段二小段,29.55,都市：住,10000,90,持分移轉,02410000
RPQOMLNKKIOFFDA87DA,永春段二小段,5.42,都市：住,40584,269,持分移轉,02380004
RPQOMLNKKIOFFDA87DA,永春段二小段,16.64,都市：住,40584,269,持分移轉,02380015
RPOOMLSKKIOFFDA18DA,南港段四小段,31.52,都市：住,10000,158,持分移轉,00850000
RPQOMLMKKIOFFEA77CA,百齡段六小段,11.69,都市：住,14300,58,持分移轉,00680000
RPTNMLMJJHPFFFA87CA,學府段一小段,61.40,都市：住,100000,1985,持分移轉,06360000
RPURMLTJKIOFFCA88CA,吉林段二小段,5.78,都市：住,10000,37,持分移轉,04420000
RPPNMLKKKIOFFDA27CA,信義段三小段,.38,都市：其他:特定業務區(信義計劃特定專用區),100000,10,持分移轉,00360000
RPSTMLNKKIOFFCA38CA,德惠段二小段,29.50,都市：住,4,1,持分移轉,05140000
RPVOMLKKKIOFFCA87CA,長安段三小段,4.23,都市：住,10000,65,持分移轉,00080000
RPUOMLOKJHPFFBA97CA,雙連段一小段,.01,都市：商,189,1,持分移轉,04590000
RPWPMLPLKIOFFEA88CA,溫泉段二小段,.09,都市：商,1000000,78,持分移轉,05480000
RPVNMLSKKIOFFFA98DA,金華段二小段,5.97,都市：商,10000,833,持分移轉,06570000
RPPOMLKKKIOFFAA07CA,興安段二小段,1.51,都市：住,5900000,2544,持分移轉,06370000
RPWNMLLKKIOFFCA97CA,德惠段四小段,3.00,都市：商,990,3,持分移轉,02830000
RPUQMLQJJHPFFCA38CA,東湖段二小段,153.79,都市：住,100000,1215,持分移轉,00040000
RPQQMLQKKIOFFCA18CA,文德段三小段,29.70,都市：住,20,1,持分移轉,04450009
RPQNMLKKKIOFFAA07CA,河堤段六小段,6.78,都市：商,10000,138,持分移轉,05990000
RPQNMLKKKIOFFAA07CA,河堤段六小段,.01,都市：商,10000,138,持分移轉,05990001
RPQNMLKKKIOFFAA07CA,河堤段六小段,.26,都市：其他:道路用地(公共設施用地),10000,138,持分移轉,05990002
RPQNMLKKKIOFFAA07CA,河堤段六小段,.37,都市：其他:道路用地(公共設施用地),10000,138,持分移轉,05990003
RPPPMLTKKIOFFDA38CA,民生段,56.25,都市：住,4,1,持分移轉,01290002
RPPPMLTKKIOFFDA38CA,民生段,7.75,都市：住,4,1,持分移轉,01290026
RPWNMLMKKIOFFAA87CA,河堤段二小段,.41,都市：商,100000,30,持分移轉,05500000
RPVNMLMKKIOFFAA77CA,福和段二小段,9.45,都市：住,1000000000,3140000,持分移轉,06990000
RPWNMLMKKIOFFAA87CA,河堤段二小段,.29,都市：商,100000,30,持分移轉,05510000
RPUPMLLKKIOFFEA28DA,行義段四小段,33.53,都市：住,10000,1052,持分移轉,04900000
RPOOMLQKKIOFFDA97DA,敦化段五小段,6.67,都市：住,30000,284,持分移轉,00070005
RPOOMLSKKIOFFAA87DA,興泰段三小段,18.24,都市：住,10000,144,持分移轉,03770009
RPWNMLMJJHPFFBA77CA,文昌段二小段,34.00,都市：住,1,1,全筆移轉,00170000
RPWNMLMJJHPFFBA77CA,文昌段二小段,49.84,都市：住,1,1,全筆移轉,00250006
RPWNMLMJJHPFFBA77CA,文昌段二小段,49.00,都市：住,1,1,全筆移轉,00140000
RPWNMLMJJHPFFBA77CA,文昌段二小段,75.00,都市：住,1,1,全筆移轉,00150000
RPXPMLTJKIOFFEA56CA,開明段三小段,9.67,都市：其他:市場用地,10000,21,持分移轉,03500000
RPPNMLNJJHPFFFA67DA,金華段一小段,3.00,都市：其他:道路用地,1,1,全筆移轉,06290001
RPXOMLQJJHPFFDA58CA,雅祥段三小段,29.25,都市：住,4,1,持分移轉,03900000
RPUPMLNKKIOFFEA38CA,新民段四小段,14.92,都市：其他:特定休閒旅館住宅專用區(另案擬訂定更新計畫地區)。,10000,126,持分移轉,03910000
RPSNMLKLKIOFFBA47CA,福星段二小段,3.66,都市：商,10000,96,持分移轉,04110000
RPWOMLOKJHPFFBA18CA,雙連段一小段,.01,都市：商,189,1,持分移轉,04590000
RPPNMLLKKIOFFAA07CA,景美段二小段,18.50,都市：住,8,1,持分移轉,00340000
RPOOMLKKKIOFFAA96CA,華興段一小段,46.06,都市：住,10000,278,持分移轉,00190000
RPXOMLQKKIOFFEA88CA,平等段二小段,1146.24,都市：其他:保護區,1,1,全筆移轉,00740000
RPXOMLQKKIOFFEA88CA,平等段二小段,1146.19,都市：其他:保護區,10000,4296,持分移轉,00750000
RPRPMLKKKIOFFDA67CA,寶清段一小段,30.79,都市：住,33850,117,持分移轉,00590000
RPQNMLRKKIOFFBA87CA,漢中段三小段,9.60,都市：商,5,1,持分移轉,05290000
RPXOMLTJKIOFFEA56DA,平等段二小段,2347.82,都市：其他:保護區,1,1,全筆移轉,05600000
RPQNMLRKKIOFFBA87CA,漢中段三小段,3.20,都市：商,5,1,持分移轉,05300000
RPQOMLMKKIOFFAA47DA,萬慶段二小段,8.15,都市：住,40,1,持分移轉,07320000
RPVOMLQKKIOFFDA68DA,虎林段四小段,28.33,都市：住,10000,74,持分移轉,02800000
RPQNMLPJJHPFFEA77CA,開明段一小段,10.00,都市：其他:道路用地,1,1,全筆移轉,00500002
RPQNMLMKKIOFFAA27CA,景美段一小段,10.86,都市：其他:市場用地(公共設施用地),10000,57,持分移轉,03800000
RPQNMLMKKIOFFAA27CA,景美段一小段,15.57,都市：其他:市場用地(公共設施用地),10000,57,持分移轉,03810000
RPPQMLTJKIOFFCA28CA,正義段三小段,11.71,都市：商,10000,330,持分移轉,02430000
RPTOMLOKJHPFFBA87CA,雙連段一小段,.01,都市：商,189,1,持分移轉,04590000
RPVNMLSKKIOFFBA58DA,臨沂段二小段,18.92,都市：住,10000,329,持分移轉,02680000
RPSRMLSKKIOFFCA78DA,長安段四小段,11.98,都市：商,10000,211,持分移轉,01720000
RPSRMLSKKIOFFCA78DA,長安段四小段,.30,都市：住,10000,211,持分移轉,01720001
RPQPMLKKKIOFFEA67CA,芝山段二小段,36.75,都市：住,20,1,持分移轉,09370000
RPWOMLOLKIOFFFA88DA,仁愛段四小段,14.58,都市：商,10000,76,持分移轉,03530000
RPWOMLOLKIOFFFA88DA,仁愛段四小段,4.97,都市：住,10000,76,持分移轉,03530002
RPWOMLOLKIOFFFA88DA,仁愛段四小段,5.74,都市：住,10000,76,持分移轉,03530003
RPPPMLKMKIOFFCA57CA,吉林段二小段,1.00,都市：住,100000,100,持分移轉,09470000
RPTPMLRKKIOFFEA68CA,天玉段二小段,94.54,都市：其他:保護區,1,1,全筆移轉,00720022
RPVQMLRKKIOFFCA78CA,中山段一小段,1.15,都市：商,10000,8,持分移轉,04800000
RPVPMLRKKIOFFEA88CA,天玉段一小段,1123.48,都市：其他:保護區,1,1,全筆移轉,09340042
RPPNMLPKKIOFFFA08DA,金華段二小段,6.23,都市：商,10000,483,持分移轉,06210000
RPRNMLQKKIOFFDA18DA,西松段一小段,1.45,都市：住,10000,17,持分移轉,07010000
RPRNMLQKKIOFFDA18DA,西松段一小段,4.02,都市：住,10000,62,持分移轉,07010002
RPRNMLQKKIOFFDA18DA,西松段一小段,.64,都市：住,10000,17,持分移轉,07010006
RPPOMLRLKIOFFAA87CA,興隆段三小段,.28,都市：其他:道路用地(公共設施用地),3000,168,持分移轉,06770001
RPPOMLRLKIOFFAA87CA,興隆段三小段,35.56,都市：住,3000,168,持分移轉,06770000
RPSNMLMKKIOFFCA67CA,東湖段六小段,16.40,都市：住,10000,41,持分移轉,01500000
RPRPMLQKKIOFFBA08CA,大龍段二小段,4.92,都市：住,10000,105,持分移轉,02530000
RPRQMLRJJHPFFBA08CA,橋北段三小段,19.00,都市：住,5,1,持分移轉,03310000
RPXPMLMKKIOFFDA48CA,玉成段一小段,6.84,都市：工,37,11,持分移轉,00560001
RPQPMLLKKIOFFEA77CA,振興段三小段,23.23,都市：商,100000,831,持分移轉,04950000
RPWNMLQKKIOFFFA78CA,仁愛段六小段,28.81,都市：住,1000,9,持分移轉,01390000
RPWNMLQKKIOFFFA78CA,仁愛段六小段,.04,都市：其他:道路用地,1000,9,持分移轉,01390007
RPPPMLLKKIOFFDA57CA,玉成段三小段,53.76,都市：工,128,1,持分移轉,05480000
RPPPMLLKKIOFFDA57CA,玉成段三小段,.01,都市：其他:道路用地(公共設施用地),128,1,持分移轉,05480003
RPROMLNKKIOFFAA57CA,南海段二小段,.97,都市：商,10000,102,持分移轉,01720000
RPROMLNKKIOFFAA57CA,南海段二小段,4.75,都市：商,10000,102,持分移轉,02050000
RPSRMLKKKIOFFCA87CA,文德段四小段,20.72,都市：住,10000,220,持分移轉,02760004
RPXOMLKKKIOFFDA18CA,敦化段三小段,.41,都市：商,10000,47,持分移轉,05500000
RPXOMLKKKIOFFDA18CA,敦化段三小段,3.28,都市：商,10000,47,持分移轉,05510000
RPPPMLKKKIOFFEA57CA,豐年段三小段,728.02,都市：農,3000,604,持分移轉,05100000
RPOPMLQKKIOFFEA08CA,三合段,32.44,都市：住,100000,1162,持分移轉,00050000
RPWNMLKKKIOFFBA87DA,中正段一小段,35.45,都市：住,10000,1094,持分移轉,04350000
RPSPMLRKKIOFFEA58CA,天玉段一小段,963.77,都市：其他:保護區,1,1,全筆移轉,09340032
RPPNMLLKKIOFFCA27CA,西湖段一小段,117.00,都市：工,1,1,全筆移轉,02570000
RPWNMLLLKIOFFAA97DA,河堤段五小段,3.38,都市：住,10000,126,持分移轉,05670000
RPQOMLQKKIOFFEA18CA,百齡段六小段,12.82,都市：住,15696,68,持分移轉,00660000
RPWNMLLLKIOFFAA97DA,河堤段五小段,6.73,都市：商,10000,126,持分移轉,05700000
RPSPMLLKKIOFFEA97CA,大業段四小段,32.54,都市：住,10000,475,持分移轉,00370000
RPOPMLKKKIOFFDA47DA,祥和段二小段,29.60,都市：住,30,3,持分移轉,03680000
RPVQMLLKKIOFFCA18CA,碧湖段二小段,20.09,都市：住,10000,22,持分移轉,05290000
RPUOMLNLKIOFFBA08CA,雙連段一小段,10.82,都市：住,10000,38,持分移轉,06810000
RPRNMLLKKIOFFCA47CA,北安段三小段,33.94,都市：住,10000,82,持分移轉,06750000
RPVOMLLKKIOFFAA77CA,萬芳段二小段,1.03,都市：住,10000,21,持分移轉,00690000
RPVOMLLKKIOFFAA77CA,萬芳段二小段,42.82,都市：住,10000,21,持分移轉,00720000
RPOQMLKKKIOFFCA37CA,北安段二小段,20.75,都市：住,4,1,持分移轉,06140000
RPWQMLSKKIOFFCA98CA,吉林段三小段,.01,都市：其他:道路用地,360000,130,持分移轉,09210006
RPWQMLSKKIOFFCA98CA,吉林段三小段,2.55,都市：商,360000,130,持分移轉,09210000
RPWQMLSKKIOFFCA98CA,吉林段三小段,.00,都市：其他:道路用地,360000,130,持分移轉,09210007
RPRNMLMLKIOFFDA77CA,延吉段一小段,51.50,都市：住,2,1,持分移轉,01040000
RPWPMLSKKIOFFDA98CA,寶清段四小段,4.69,都市：其他:聯合開發區(捷)。,100000,233,持分移轉,05990000
RPUPMLPLKIOFFDA58CA,民生段,27.62,都市：住,8,1,持分移轉,00090022
RPVNMLMJJHPFFEA97CA,芝蘭段一小段,52.73,都市：住,1,1,全筆移轉,03310000
RPPNMLOKKIOFFEA77CA,新洲美段,28.08,都市：住,100000,12196,持分移轉,00620000
RPSNMLLKKIOFFAA37CA,華興段四小段,26.80,都市：住,10,1,持分移轉,10430000
RPSNMLLKKIOFFAA37CA,華興段四小段,3.20,都市：住,10,1,持分移轉,10430001
RPUPMLRKKIOFFEA78CA,天玉段一小段,1258.32,都市：其他:保護區,1,1,全筆移轉,09340039
RPOOMLNLKIOFFEA77CA,立農段五小段,13.15,都市：住,2479932,22700,持分移轉,03780000
RPOOMLNJJHPFFAA07CA,木柵段一小段,.01,都市：住,17280,165,持分移轉,06060000
RPOOMLNJJHPFFAA07CA,木柵段一小段,1.21,都市：其他:道路用地(公共設施用地),17280,165,持分移轉,06080000
RPOOMLNJJHPFFAA07CA,木柵段一小段,19.44,都市：住,17280,165,持分移轉,06090000
RPOOMLNLKIOFFEA77CA,立農段五小段,.79,都市：住,2479932,22700,持分移轉,03780004
RPRNMLLKKIOFFEA67CA,天玉段三小段,24.70,都市：住,10000,103,持分移轉,01830000
RPRNMLLKKIOFFEA67CA,天玉段三小段,17.97,都市：住,10000,103,持分移轉,01840000
RPVOMLRJJHPFFEA68DA,福林段二小段,59.90,都市：其他:保護區,5040,1063,持分移轉,04860000
RPQNMLLKKIOFFFA67CA,龍泉段二小段,8.35,都市：住,10000,295,持分移轉,05480000
RPPQMLNKKIOFFCA87DA,舊宗段,48.27,都市：住,270000,199,持分移轉,01130000
RPRPMLSKKIOFFCA48DA,長安段一小段,19.00,都市：住,10000,546,持分移轉,01060000
RPXPMLRKKIOFFEA09CA,天玉段一小段,683.96,都市：其他:保護區,1,1,全筆移轉,09340041
RPSOMLKLKIOFFDA77CA,敦化段一小段,39.00,都市：住,7,1,持分移轉,06390000
RPPOMLRKKIOFFEA18CA,大業段四小段,16.37,都市：住,1000000,22037,持分移轉,02540000
RPPOMLRKKIOFFEA18CA,大業段四小段,.07,都市：住,1000000,22037,持分移轉,02540001
RPRQMLMKKIOFFAA67CA,南海段二小段,1.29,都市：商,10000,136,持分移轉,01720000
RPRQMLMKKIOFFAA67CA,南海段二小段,6.33,都市：商,10000,136,持分移轉,02050000
RPVPMLTKKIOFFDA98CA,民生段,15.75,都市：商,10000,16,持分移轉,00440000
SPOOMLNJJHPFFAA17CA,木柵段一小段,.01,都市：住,17280,165,持分移轉,06060000
RPOPMLQKKIOFFAA67CA,萬芳段二小段,149.94,都市：住,10000,44,持分移轉,06000000
SPOOMLNJJHPFFAA17CA,木柵段一小段,1.21,都市：其他:道路用地(公共設施用地),17280,165,持分移轉,06080000
SPOOMLNJJHPFFAA17CA,木柵段一小段,19.44,都市：住,17280,165,持分移轉,06090000
RPQNMLLMKIOFFEA77CA,至善段六小段,47.68,都市：商,100000,405,持分移轉,00040000
RPQNMLLMKIOFFEA77CA,至善段六小段,3.34,都市：商,100000,452,持分移轉,00110000
RPQNMLLMKIOFFEA77CA,至善段六小段,.00,都市：商,100000,452,持分移轉,00300000
RPUNMLLKKIOFFAA57CA,實踐段一小段,23.37,都市：住,10000,256,持分移轉,04080000
RPQNMLLKKIOFFAA17CA,興隆段三小段,9.27,都市：住,10000,118,持分移轉,05110000
RPRSMLNKKIOFFCA18CA,康寧段三小段,11.85,都市：商,100000,1860,持分移轉,07790000
RPWNMLSKKIOFFDA88DA,民生段,31.50,都市：其他:住宅用地(民生社區特定專用區),40,10,持分移轉,00930035
RPVNMLLKKIOFFFA18CA,學府段三小段,7.39,都市：住,100000,4246,持分移轉,02110000
RPQOMLLMKIOFFFA97CA,復興段三小段,41.25,都市：住,4,1,持分移轉,06230000
RPXNMLNLKIOFFEA58CA,百齡段六小段,10.88,都市：住,14136,55,持分移轉,00730000
RPRRMLOLKIOFFCA38DA,正義段三小段,5.44,都市：商,1000000,13308,持分移轉,03610000
RPTRMLQKKIOFFCA58CA,中山段三小段,3.31,都市：商,90000,113,持分移轉,02070000
RPPNMLMLKIOFFAA37DA,萬慶段三小段,32.25,都市：住,16,4,持分移轉,06580000
RPUNMLPJJHPFFCA97CA,康寧段四小段,31.19,都市：住,10000,137,持分移轉,02010000
RPTNMLKKKIOFFBA47CA,雙園段三小段,29.25,都市：住,4,1,持分移轉,07360000
RPSPMLQJJHPFFFA38CA,仁愛段二小段,.02,都市：其他:道路用地,100000,375,持分移轉,03670001
RPSPMLQJJHPFFFA38CA,仁愛段二小段,6.03,都市：住,100000,375,持分移轉,03670000
RPROMLLKKIOFFBA47CA,雙連段二小段,15.16,都市：商,109500,2392,持分移轉,06700000
RPTOMLLKKIOFFCA77CA,北安段三小段,.59,都市：住,10000,1,持分移轉,05990000
RPROMLLKKIOFFBA47CA,雙連段二小段,.92,都市：商,109500,2392,持分移轉,06710000
RPPNMLLKKIOFFDA37CA,寶清段七小段,7.74,都市：商,10000,44,持分移轉,07080000
RPOPMLLKKIOFFEA57CA,新民段二小段,.04,都市：住,10000,25,持分移轉,01690002
RPOPMLLKKIOFFEA57CA,新民段二小段,.23,都市：住,10000,1,持分移轉,01720000
RPQPMLRKKIOFFEA38CA,天玉段一小段,274.85,都市：其他:公共設施保留地,100000,13995,持分移轉,09540001
RPQNMLRKKIOFFDA08CA,延吉段一小段,25.50,都市：住,10,1,持分移轉,02520000
RPPQMLNKKIOFFDA87CA,永春段一小段,7.75,都市：其他:道路用地,16,4,持分移轉,01330000
RPOQMLRKKIOFFEA28CA,天玉段一小段,85.01,都市：其他:公共設施保留地,1000000,43287,持分移轉,09540001
RPUOMLLKKIOFFCA87CA,北安段三小段,.59,都市：住,10000,1,持分移轉,05990000
RPOOMLRJJHPFFDA77CA,中南段四小段,7.08,都市：住,12,1,持分移轉,08910000
RPWNMLLKKIOFFDA08CA,中南段二小段,32.00,都市：住,4,1,持分移轉,01690000
RPVQMLNKKIOFFCA38CA,中山段二小段,2.58,都市：住,40000,445,持分移轉,03880000
RPVQMLNKKIOFFCA38CA,中山段二小段,1.92,都市：商,40000,445,持分移轉,03880001
RPVQMLNKKIOFFCA38CA,中山段二小段,9.17,都市：住,64000,778,持分移轉,04270000
RPVQMLNKKIOFFCA38CA,中山段二小段,3.05,都市：住,6400,71,持分移轉,04360000
RPVQMLNKKIOFFCA38CA,中山段二小段,3.76,都市：住,64000,586,持分移轉,04370000
RPVQMLNKKIOFFCA38CA,中山段二小段,5.24,都市：住,6400,71,持分移轉,04380000
RPVQMLNKKIOFFCA38CA,中山段二小段,6.25,都市：住,40000,445,持分移轉,04390000
RPVQMLNKKIOFFCA38CA,中山段二小段,3.59,都市：住,40000,445,持分移轉,04440000
RPPPMLQKKIOFFAA77CA,萬芳段二小段,149.94,都市：住,10000,44,持分移轉,06000000
RPQQMLMKKIOFFAA57CA,南海段二小段,1.38,都市：商,10000,145,持分移轉,01720000
RPQQMLMKKIOFFAA57CA,南海段二小段,6.75,都市：商,10000,145,持分移轉,02050000
RPXOMLRKKIOFFEA98CA,天玉段一小段,3393.53,都市：其他:保護區,1,1,全筆移轉,09340000
RPQQMLLKKIOFFEA87CA,百齡段一小段,17.59,都市：住,100000,730,持分移轉,00940000
RPSNMLNKKIOFFBA67CA,青年段一小段,12.33,都市：住,21886,44,持分移轉,01260000
RPSNMLNKKIOFFBA67CA,青年段一小段,2.89,都市：住,21886,44,持分移轉,01260001
RPSNMLNKKIOFFBA67CA,青年段一小段,.00,都市：其他:道路用地,21886,44,持分移轉,01260002
RPSNMLNKKIOFFBA67CA,青年段一小段,.00,都市：其他:道路用地,21886,44,持分移轉,01260003
RPSPMLSKKIOFFDA58CA,中南段二小段,45.37,都市：住,100000,2143,持分移轉,08590000
RPVOMLQKKIOFFCA48CA,榮星段四小段,5.89,都市：住,6000000000,39810000,持分移轉,07650000
RPVOMLQKKIOFFCA48CA,榮星段四小段,2.20,都市：住,6000000000,39810000,持分移轉,07650006
RPTRMLSJJHPFFCA68DA,東湖段八小段,46.57,都市：住,10000,52,持分移轉,00260000
RPOPMLLKKIOFFAA17CA,華興段三小段,19.50,都市：住,4,1,持分移轉,03440000
RPOPMLLKKIOFFAA17CA,華興段三小段,.25,都市：住,4,1,持分移轉,03450000
RPPNMLRKKIOFFCA97DA,長安段四小段,3.78,都市：商,10000,27,持分移轉,02050000
RPPNMLRKKIOFFCA97DA,長安段四小段,.39,都市：商,10000,27,持分移轉,02230000
RPQNMLQKKIOFFFA18CA,辛亥段六小段,17.69,都市：住,10000,101,持分移轉,00300002
RPQOMLSJJHPFFEA28DA,永新段二小段,30.33,都市：住,3,1,持分移轉,01990000
RPWOMLLKKIOFFBA97CA,青年段一小段,38.02,都市：住,50000,367,持分移轉,01240004
RPUQMLTKKIOFFDA98CA,祥和段四小段,10.84,都市：住,100000,222,持分移轉,02040000
RPPOMLQKKIOFFAA77DA,華興段二小段,20.66,都市：其他:道路用地(公共設施用地),80,3,持分移轉,09640000
RPPOMLRKKIOFFFA28CA,仁愛段五小段,27.10,都市：商,89540,26664,持分移轉,02480000
RPPOMLRKKIOFFFA28CA,仁愛段五小段,232.91,都市：商,235345,70186,持分移轉,02490000
RPPOMLRKKIOFFFA28CA,仁愛段五小段,151.48,都市：商,151250,45370,持分移轉,02500000
RPPOMLRKKIOFFFA28CA,仁愛段五小段,35.49,都市：商,34183,10282,持分移轉,02400000
RPPOMLRKKIOFFFA28CA,仁愛段五小段,8.34,都市：商,7563,2425,持分移轉,02410000
RPPOMLRKKIOFFFA28CA,仁愛段五小段,10.30,都市：商,10285,3026,持分移轉,02420000
RPPOMLRKKIOFFFA28CA,仁愛段五小段,14.87,都市：商,45980,14544,持分移轉,02470000
RPWNMLLKKIOFFEA28DA,至善段一小段,155.00,都市：其他:保護區,1,1,全筆移轉,03840000
RPWNMLLKKIOFFEA28DA,至善段一小段,110.00,都市：其他:保護區,1,1,全筆移轉,04050000
RPPOMLSKKIOFFEA28CA,文林段五小段,113.80,都市：其他:道路用地,16280,730,持分移轉,05670000
RPQOMLSJJHPFFAA77CA,華興段二小段,5.23,都市：住,10000,344,持分移轉,10320000
RPQOMLSJJHPFFAA77CA,華興段四小段,40.42,都市：住,10000,344,持分移轉,10450000
RPTNMLNKKIOFFAA77DA,南海段一小段,16.30,都市：商,20000,1614,持分移轉,03350000
RPOOMLNLKIOFFCA57CA,東湖段五小段,28.65,都市：住,10000,364,持分移轉,03600000
RPXNMLPLKIOFFEA78CA,天母段三小段,30.24,都市：住,70000,888,持分移轉,01170000
RPXNMLPLKIOFFEA78CA,天母段三小段,.09,都市：住,70000,888,持分移轉,01170001
RPSNMLPKKIOFFDA08CA,三興段二小段,43.25,都市：住,4,1,持分移轉,07790000
RPRNMLMKKIOFFCA57CA,碧湖段四小段,21.30,都市：住,10000,579,持分移轉,02120000
RPWOMLRLKIOFFCA78CA,康寧段三小段,5.78,都市：住,10000,9,持分移轉,04910000
RPUNMLPKKIOFFCA28DA,長春段二小段,9.20,都市：住,10000,88,持分移轉,07870001
RPUNMLPKKIOFFCA28DA,長春段二小段,2.02,都市：住,10000,88,持分移轉,07870003
RPWOMLOLKIOFFBA38CA,福星段二小段,2.89,都市：商,2991194,1997,持分移轉,05510000
RPOOMLMKKIOFFEA57CA,芝山段一小段,28.26,都市：住,10000,180,持分移轉,09050004
RPWNMLSKKIOFFFA98CA,仁愛段一小段,26.72,都市：住,12000,315,持分移轉,00170000
RPWQMLMKKIOFFCA38CA,吉林段四小段,11.98,都市：商,1000000,7117,持分移轉,06420000
RPSOMLRLKIOFFCA38CA,康寧段三小段,6.42,都市：住,10000,10,持分移轉,04910000
RPRPMLLKKIOFFBA57CA,福星段三小段,4.14,都市：商,10000,24,持分移轉,05770000
RPWPMLNJJHPFFCA18CA,德惠段四小段,8.00,都市：商,9900,80,持分移轉,02830000
RPXOMLRLKIOFFCA88CA,康寧段三小段,3.85,都市：住,10000,6,持分移轉,04910000
RPWNMLQKKIOFFAA28CA,萬隆段二小段,1.40,都市：住,10000,37,持分移轉,02910000
RPRNMLMKKIOFFBA47CA,華江段三小段,20.74,都市：其他:特定專用區(一)。,10000,344,持分移轉,02150000
RPWTMLNKKIOFFCA88DA,文德段三小段,31.51,都市：住,10000,235,持分移轉,02610000
RPPNMLPKKIOFFAA57DA,木柵段一小段,14.09,都市：商,100000,746,持分移轉,05190000
RPXNMLMKKIOFFCA18CA,石潭段四小段,22.15,都市：住,10000,667,持分移轉,03750000
RPVPMLTJJHPFFDA88DA,敦化段二小段,.94,都市：住,10000,5,持分移轉,01830000
RPTQMLMKKIOFFCA08CA,榮星段三小段,31.00,都市：住,20,1,持分移轉,03770000
RPTOMLNLKIOFFCA08CA,東湖段一小段,40.70,都市：住,10,1,持分移轉,00280011
RPTOMLNLKIOFFCA08CA,東湖段一小段,11.10,都市：住,10,1,持分移轉,00280012
RPQNMLSJJHPFFCA87CA,石潭段四小段,.84,都市：商,100000,30,持分移轉,04230000
RPOQMLLMKIOFFCA67CA,榮星段二小段,27.75,都市：住,4,1,持分移轉,02950000
RPTPMLLKKIOFFDA97CA,玉成段五小段,43.08,都市：住,10000,199,持分移轉,07830000
RPRQMLOLKIOFFCA18CA,潭美段五小段,48.59,都市：住,100000,1569,持分移轉,01700000
RPTQMLMKKIOFFEA38DA,溫泉段一小段,2.73,都市：其他:特定觀光商業專用區,10000,20,持分移轉,02270000
RPXNMLMKKIOFFEA38CA,天山段一小段,57.22,都市：住,20000,384,持分移轉,01300000
RPSQMLMKKIOFFEA28DA,光華段四小段,3.37,都市：住,50000,120,持分移轉,07990000
RPSQMLMKKIOFFEA28DA,光華段四小段,1.16,都市：住,50000,120,持分移轉,07990001
RPUNMLMKKIOFFAA67CA,福和段二小段,21.66,都市：住,10000,72,持分移轉,06990000
RPXNMLNLKIOFFCA38CA,康寧段三小段,43.98,都市：住,10000,784,持分移轉,05450003
RPOPMLMKKIOFFDA57CA,民生段,15.57,都市：商,10000,36,持分移轉,00600000
RPQNMLMKKIOFFEA67CA,關渡段二小段,7.73,都市：住,300000,2340,持分移轉,01500000
RPQNMLMKKIOFFEA67CA,關渡段二小段,4.02,都市：住,300000,2340,持分移轉,01510000
RPQNMLMKKIOFFEA67CA,關渡段二小段,.70,都市：住,300000,2340,持分移轉,01660000
RPVOMLMKKIOFFEA28CA,福林段二小段,66.84,都市：住,100000,450,持分移轉,05940000
RPPPMLMKKIOFFEA77CA,溫泉段一小段,12.15,都市：其他:特定觀光商業專用區,100000,396,持分移轉,00500000
RPTRMLMKKIOFFCA18CA,潭美段三小段,29.18,都市：工,10000,48,持分移轉,06350000
RPSNMLNKKIOFFEA97CA,新民段一小段,.07,都市：其他:特定休閒旅館住宅專用區,10000,42,持分移轉,03850000
RPSNMLNKKIOFFEA97CA,新民段一小段,.03,都市：其他:道路用地(公共設施用地),10000,42,持分移轉,03850001
RPSNMLNKKIOFFEA97CA,新民段一小段,.67,都市：其他:特定休閒旅館住宅專用區,10000,42,持分移轉,03860000
RPSNMLNKKIOFFEA97CA,新民段一小段,.00,都市：其他:道路用地(公共設施用地),10000,42,持分移轉,03860001
RPSNMLNKKIOFFEA97CA,新民段一小段,.02,都市：其他:道路用地(公共設施用地),10000,42,持分移轉,03860002
RPSNMLNKKIOFFEA97CA,新民段一小段,4.86,都市：其他:特定休閒旅館住宅專用區,10000,42,持分移轉,03870000
RPSNMLNKKIOFFEA97CA,新民段一小段,.06,都市：其他:特定休閒旅館住宅專用區,10000,42,持分移轉,03870001
RPSNMLNKKIOFFEA97CA,新民段一小段,.07,都市：其他:道路用地(公共設施用地),10000,42,持分移轉,03870002
RPUNMLQKKIOFFAA08CA,南海段五小段,11.10,都市：住,1270000,117475,持分移轉,01910000
RPUNMLQKKIOFFAA08CA,南海段五小段,.65,都市：其他:道路用地,1270000,117475,持分移轉,01910001
RPPOMLKLKIOFFCA37CA,榮星段四小段,.60,都市：住,600000,408,持分移轉,07650000
RPPOMLKLKIOFFCA37CA,榮星段四小段,.23,都市：住,600000,408,持分移轉,07650006
RPVOMLOLKIOFFBA28CA,福星段二小段,2.89,都市：商,2991194,1997,持分移轉,05510000
RPSPMLRKKIOFFCA38CA,正義段三小段,.01,都市：商,100000,2,持分移轉,02620000
RPSPMLRKKIOFFCA38CA,正義段三小段,16.26,都市：商,100000,1053,持分移轉,02680000
RPSNMLOKKIOFFEA08CA,福林段三小段,1.00,都市：商,1,1,全筆移轉,05370001
RPSNMLOKKIOFFEA08CA,福林段三小段,2.00,都市：其他:道路用地,1,1,全筆移轉,05370002
RPSNMLOKKIOFFEA08CA,福林段三小段,34.00,都市：商,1,1,全筆移轉,05370003
RPSNMLOKKIOFFEA08CA,福林段三小段,.43,都市：商,1,1,全筆移轉,04750003
RPSNMLOKKIOFFEA08CA,福林段三小段,.05,都市：商,1,1,全筆移轉,04750004
RPSNMLOKKIOFFEA08CA,福林段三小段,25.00,都市：商,1,1,全筆移轉,05370000
RPVNMLKLKIOFFDA97CA,寶清段五小段,6.15,都市：其他:第二種商業區及第三種住宅區,10000,35,持分移轉,02790000
RPSNMLSLKIOFFFA78DA,龍泉段一小段,28.84,都市：住,53935,2571,持分移轉,08920000
RPTQMLOLKIOFFDA58DA,民生段,40.75,都市：住,10000,169,持分移轉,00220002
RPQPMLNJJHPFFDA67CA,寶清段七小段,3.66,都市：商,2821,57,持分移轉,02760000
RPQPMLNJJHPFFDA67CA,寶清段七小段,4.28,都市：商,2821,57,持分移轉,02830000
RPQPMLNJJHPFFDA67CA,寶清段七小段,2.55,都市：商,685503,9975,持分移轉,02840000
RPUQMLMKKIOFFAA97CA,萬隆段一小段,20.00,都市：住,4,1,持分移轉,06230000
RPSQMLLKKIOFFCA87CA,正義段三小段,6.09,都市：商,10000,183,持分移轉,02820000
RPSNMLMLKIOFFCA77CA,中山段四小段,4.19,都市：商,10000,53,持分移轉,04850000
RPOSMLSKKIOFFCA38CA,石潭段三小段,25.57,都市：住,100000,517,持分移轉,06580000
RPTNMLRKKIOFFAA08CA,河堤段五小段,10.61,都市：商,10000,113,持分移轉,02960000
RPTNMLRKKIOFFAA08CA,河堤段五小段,.53,都市：住,10000,113,持分移轉,03030000
RPUPMLMKKIOFFCA18DA,榮星段五小段,14.69,都市：住,10000,109,持分移轉,01750000
RPPOMLRLKIOFFFA48DA,復興段一小段,25.80,都市：商,4200000,124709,持分移轉,06770000
RPPOMLRLKIOFFFA48DA,復興段一小段,3.95,都市：商,4200000,124709,持分移轉,06780000
RPTNMLOKKIOFFEA28DA,新安段六小段,855.59,都市：住,3,2,持分移轉,00170000
RPVOMLRLKIOFFCA68CA,康寧段三小段,3.85,都市：住,10000,6,持分移轉,04910000
RPTNMLNKKIOFFCA87CA,金泰段,47.09,都市：住,500000,224,持分移轉,00720000
RPVOMLNKKIOFFAA97CA,實踐段三小段,15.33,都市：住,672,16,持分移轉,07330000
RPVNMLNKKIOFFEA28CA,至善段六小段,1.98,都市：商,100000,267,持分移轉,00110000
RPVNMLNKKIOFFEA28CA,至善段六小段,.00,都市：商,100000,267,持分移轉,00300000
RPVNMLNKKIOFFEA28CA,至善段六小段,31.44,都市：商,100000,267,持分移轉,00040000
RPTSMLNKKIOFFCA38CA,西湖段一小段,29.73,都市：商,10000,671,持分移轉,07730000
RPOOMLQKKIOFFEA08DA,三合段,19.17,都市：住,100000,1322,持分移轉,00080000
RPSNMLRKKIOFFDA28CA,西松段二小段,2.99,都市：其他:第二種商業區及第三種住宅區,100000,141,持分移轉,05950000
RPTOMLRLKIOFFCA48CA,康寧段三小段,3.85,都市：住,10000,6,持分移轉,04910000
RPRNMLNKKIOFFEA87CA,新民段一小段,26.75,都市：其他:特定休閒旅館住宅專用區,4,1,持分移轉,02080000
RPOOMLMKKIOFFFA67CA,龍泉段二小段,5.00,都市：住,1,1,全筆移轉,08170005
RPOPMLNKKIOFFCA57CA,正義段三小段,6.17,都市：商,12,1,持分移轉,02790000
RPOPMLNKKIOFFCA57CA,正義段三小段,50.00,都市：商,12,1,持分移轉,02800000
RPVOMLNKKIOFFCA18CA,石潭段四小段,40.25,都市：住,10000,671,持分移轉,04380000
RPSNMLPLKIOFFBA97CA,玉泉段一小段,40.30,都市：商,20000,1538,持分移轉,01940000
RPSNMLPLKIOFFBA97CA,玉泉段一小段,.77,都市：商,20000,1538,持分移轉,01960000
RPSNMLPLKIOFFBA97CA,玉泉段一小段,4.84,都市：商,20000,1538,持分移轉,01970000
RPQQMLMKKIOFFEA97CA,文林段三小段,24.83,都市：商,100000,1853,持分移轉,00190000
RPQQMLMKKIOFFEA97CA,文林段三小段,.30,都市：商,100000,1853,持分移轉,00230001
RPSNMLSKKIOFFAA08CA,興隆段四小段,24.50,都市：住,4,1,持分移轉,01230000
RPPOMLMKKIOFFDA67DA,福德段三小段,28.00,都市：住,4,1,持分移轉,00640000
RPSPMLKLJHPFFCA67CA,碧湖段二小段,26.69,都市：住,100000,2056,持分移轉,04610000
RPPOMLMKKIOFFDA67DA,福德段三小段,6.25,都市：其他:道路,4,1,持分移轉,00650000
RPPNMLNKKIOFFFA77CA,懷生段二小段,.83,都市：住,100000,682,持分移轉,05770000
RPPNMLNKKIOFFFA77CA,懷生段二小段,2.48,都市：商,100000,682,持分移轉,05780000
RPWNMLNKKIOFFFA48CA,通化段五小段,14.44,都市：其他:敦化南北路特定專用區,10000,64,持分移轉,04710000
RPRRMLTJJHPFFCA48CA,吉林段三小段,99.00,都市：住,1,1,全筆移轉,05880000
RPORMLSKKIOFFCA28CA,長安段三小段,7.98,都市：住,10000,241,持分移轉,05910000
RPXOMLKLKIOFFCA28DA,金泰段,47.09,都市：住,500000,224,持分移轉,00720000
RPVNMLLLKIOFFCA08DA,西湖段一小段,40.40,都市：工,10000,215,持分移轉,09800000
RPPNMLRKKIOFFDA97CA,雅祥段二小段,15.07,都市：住,10000,353,持分移轉,02020000
RPWOMLRKKIOFFEA88CA,溪洲段一小段,83.00,都市：其他:公園用地,1,1,全筆移轉,01400000
RPWOMLRKKIOFFEA88CA,溪洲段一小段,42.00,都市：其他:公園用地,1,1,全筆移轉,01400002
RPPNMLNKKIOFFCA47CA,中山段一小段,5.70,都市：商,10000,127,持分移轉,08540000
RPXPMLOLKIOFFCA68CA,西湖段四小段,119.40,都市：其他:科技工業區,10000,1089,持分移轉,03240000
RPUOMLNKKIOFFBA97CA,橋北段三小段,35.67,都市：住,3,1,持分移轉,05040000
RPTOMLNKKIOFFBA87CA,橋北段三小段,35.67,都市：住,3,1,持分移轉,05040000
RPVNMLNKKIOFFBA97CA,直興段三小段,8.36,都市：商,10000,56,持分移轉,00010000
RPVNMLNKKIOFFBA97CA,直興段三小段,.96,都市：商,10000,56,持分移轉,00110000
RPWQMLMKKIOFFAA18CA,實踐段三小段,28.18,都市：住,10000,287,持分移轉,07320000
RPRNMLNKKIOFFCA77DA,潭美段五小段,49.87,都市：其他:住商混合,100000,3452,持分移轉,00590000
RPRNMLNLKIOFFAA57CA,福和段二小段,10.47,都市：住,100000,348,持分移轉,06990000
RPPNMLPKKIOFFBA67DA,橋北段二小段,8.43,都市：其他:聯合開發區(捷),100000,206,持分移轉,06360000
RPPNMLPKKIOFFBA67DA,橋北段二小段,.05,都市：其他:聯合開發區(捷),100000,206,持分移轉,06800010
RPVOMLLMKIOFFCA28DA,長安段四小段,8.11,都市：商,100000,1530,持分移轉,00040000
RPPNMLPKKIOFFBA67DA,橋北段二小段,.01,都市：其他:聯合開發區(捷),100000,206,持分移轉,06800011
RPVOMLLMKIOFFCA28DA,長安段四小段,1.71,都市：商,100000,1530,持分移轉,00110000
RPVOMLLMKIOFFCA28DA,長安段四小段,1.32,都市：商,100000,1530,持分移轉,00110001
RPQOMLMKKIOFFDA77DA,雅祥段四小段,34.25,都市：住,4,1,持分移轉,07050000
RPUQMLMKKIOFFCA18CA,文德段四小段,27.38,都市：住,10000,1136,持分移轉,02580001
RPUPMLRKKIOFFCA58CA,康寧段四小段,.06,都市：其他:公園用地(公共設施用地),10000,81,持分移轉,00380002
RPUPMLRKKIOFFCA58CA,康寧段三小段,.70,都市：住,10000,81,持分移轉,05500001
RPUPMLRKKIOFFCA58CA,康寧段四小段,18.74,都市：住,10000,81,持分移轉,00380000
RPUPMLRKKIOFFCA58CA,康寧段四小段,.06,都市：其他:公園用地(公共設施用地),10000,81,持分移轉,00380001
RPUQMLOLKIOFFDA68DA,民生段,32.62,都市：住,8,1,持分移轉,00020036
RPUQMLQKKIOFFCA58CA,西湖段一小段,25.40,都市：住,10000,151,持分移轉,03780000
RPVOMLTKKIOFFAA58CA,實踐段三小段,26.58,都市：住,4,1,持分移轉,07100000
RPPNMLNKKIOFFAA27CA,興隆段一小段,12.54,都市：住,10000,157,持分移轉,02120000
RPWOMLMKKIOFFAA97CA,永昌段六小段,.95,都市：住,74565,351,持分移轉,01870000
RPRPMLQKKIOFFAA97CA,河堤段四小段,25.00,都市：住,5,1,持分移轉,02700000
RPWOMLMKKIOFFAA97CA,永昌段六小段,1.30,都市：其他:道路用地(公共設施用地)【63/1/3】,74565,351,持分移轉,01870001
RPWOMLMKKIOFFAA97CA,永昌段六小段,.02,都市：住,74565,351,持分移轉,01870010
RPWOMLMKKIOFFAA97CA,永昌段六小段,.02,都市：住,74565,351,持分移轉,01870011
RPWOMLMKKIOFFAA97CA,永昌段六小段,6.40,都市：住,74565,351,持分移轉,01870002
RPRPMLQKKIOFFAA97CA,河堤段四小段,.40,都市：住,5,1,持分移轉,02700003
RPWOMLMKKIOFFAA97CA,永昌段六小段,3.76,都市：住,74565,351,持分移轉,01870004
RPWOMLMKKIOFFAA97CA,永昌段六小段,4.69,都市：住,74565,351,持分移轉,01870006
RPWOMLMKKIOFFAA97CA,永昌段六小段,1.74,都市：住,74565,351,持分移轉,01870007
RPRPMLQKKIOFFAA97CA,河堤段四小段,.40,都市：住,5,1,持分移轉,02740006
RPWOMLMKKIOFFAA97CA,永昌段六小段,.94,都市：住,74565,351,持分移轉,01870008
RPWOMLMKKIOFFAA97CA,永昌段六小段,.15,都市：住,74565,351,持分移轉,01870009
RPVPMLRLKIOFFCA78CA,康寧段三小段,4.49,都市：住,10000,7,持分移轉,04910000
RPVOMLNKKIOFFBA08CA,漢中段三小段,8.21,都市：商,200000,987,持分移轉,02700000
RPRNMLKKJHPFFBA17CA,大同段二小段,23.17,都市：住,10000,1729,持分移轉,05280000
RPTNMLNKKIOFFEA08CA,秀山段一小段,1.92,都市：住,10000,74,持分移轉,05260000
RPTNMLNKKIOFFEA08CA,秀山段一小段,.24,都市：住,10000,74,持分移轉,05270000
RPTNMLNKKIOFFEA08CA,秀山段一小段,18.82,都市：住,10000,74,持分移轉,05280000
RPTNMLNKKIOFFEA08CA,秀山段一小段,.33,都市：住,10000,74,持分移轉,05290000
RPTNMLNKKIOFFEA08CA,秀山段一小段,4.74,都市：住,10000,74,持分移轉,05300000
RPTNMLNKKIOFFEA08CA,秀山段一小段,.48,都市：住,10000,74,持分移轉,05310000
RPTNMLNKKIOFFEA08CA,秀山段一小段,.24,都市：住,10000,74,持分移轉,05320000
RPTNMLNKKIOFFEA08CA,秀山段一小段,3.77,都市：住,10000,74,持分移轉,05330000
RPTNMLNKKIOFFEA08CA,秀山段一小段,.04,都市：其他:道路用地(公共設施用地)【66/12/27】,10000,74,持分移轉,05330001
RPTOMLOLKIOFFEA48DA,溪山段一小段,717.54,都市：其他:陽明山國家公園計畫第三種一般管制區,1,1,全筆移轉,05850000
RPOQMLTJJHPFFDA18CA,犂和段二小段,18.98,都市：住,10000,210,持分移轉,03460000
RPOQMLTJJHPFFDA18CA,犂和段二小段,10.42,都市：住,10000,100,持分移轉,03470000
RPWPMLMKKIOFFDA38CA,民生段,2.46,都市：商,60000,148,持分移轉,01380000
RPWPMLMKKIOFFDA38CA,民生段,.60,都市：商,60000,148,持分移轉,01380001
RPVNMLPLKIOFFAA18CA,南海段五小段,8.23,都市：住,8684,107,持分移轉,01120000
RPPOMLKLKIOFFEA57CA,三玉段二小段,23.74,都市：住,2670,24,持分移轉,04230000
RPWPMLMKKIOFFDA38CA,民生段,3.41,都市：商,60000,148,持分移轉,01380002
RPUNMLQLKIOFFBA28CA,中正段二小段,16.99,都市：商,10000,84,持分移轉,05830000
RPUNMLQLKIOFFBA28CA,中正段二小段,3.38,都市：住,10000,84,持分移轉,05830001
RPUNMLQLKIOFFBA28CA,中正段二小段,.73,都市：商,10000,84,持分移轉,05830002
RPSOMLNLKIOFFCA97CA,西湖段一小段,56.76,都市：住,10000,562,持分移轉,00520019
RPPNMLNKKIOFFDA57CA,新光段二小段,11.95,都市：住,100000,273,持分移轉,01010000
RPPNMLNKKIOFFDA57CA,新光段二小段,8.22,都市：住,100000,273,持分移轉,01010002
RPPNMLNKKIOFFDA57CA,新光段二小段,.10,都市：住,100000,273,持分移轉,01010003
RPQPMLRLKIOFFCA28CA,康寧段三小段,3.85,都市：住,10000,6,持分移轉,04910000
RPOOMLKLKIOFFCA27CA,東湖段三小段,10.74,都市：住,100000,1432,持分移轉,00180016
RPVNMLTKKIOFFBA58CA,萬大段一小段,22.00,都市：住,6,1,持分移轉,03770000
RPVNMLTKKIOFFBA58CA,萬大段一小段,4.17,都市：住,6,1,持分移轉,03780000
RPTOMLNKKIOFFCA97CA,西湖段一小段,22.62,都市：住,200,5,持分移轉,06650000
RPTOMLNKKIOFFCA97CA,西湖段一小段,1.68,都市：住,200,5,持分移轉,06690000
RPSNMLRJJHPFFBA87CA,迪化段三小段,3.39,都市：其他:道,10000,30,持分移轉,07860000
RPSNMLRJJHPFFBA87CA,迪化段三小段,2.66,都市：其他:道,10000,30,持分移轉,07860001
RPRPMLNKKIOFFCA87CA,中山段一小段,5.11,都市：商,10000,40,持分移轉,06070000
RPTQMLRLKIOFFDA88DA,信義段三小段,20.55,都市：住,10000,107,持分移轉,00200000
RPRNMLMJJHPFFCA37CA,榮星段二小段,5.90,都市：住,10000,60,持分移轉,06010001
RPRNMLMJJHPFFCA37CA,榮星段二小段,1.49,都市：住,10000,60,持分移轉,06010005
RPQQMLRJJHPFFBA97CA,直興段三小段,6.21,都市：商,100000,449,持分移轉,03350000
RPSOMLOLKIOFFBA97CA,福星段二小段,3.79,都市：商,100000,640,持分移轉,03680000
RPUNMLSKKIOFFAA28CA,木柵段三小段,13.31,都市：住,10000,35,持分移轉,07550000
RPTOMLSJJHPFFCA28CA,中山段三小段,6.74,都市：商,100000,4085,持分移轉,03040000
RPPOMLRKKIOFFAA77CA,博嘉段四小段,27.17,都市：住,10000,206,持分移轉,02010000
RPQPMLSKKIOFFFA58CA,仁愛段四小段,.46,都市：其他:道路用地,285,1,持分移轉,00760000
RPPOMLRKKIOFFAA77CA,博嘉段四小段,.20,都市：其他:道路用地(公共設施用地),10000,206,持分移轉,02010001
RPPOMLRKKIOFFAA77CA,博嘉段四小段,1.56,都市：其他:道路用地(公共設施用地),10000,206,持分移轉,02020000
RPPOMLRKKIOFFAA77CA,博嘉段四小段,.17,都市：其他:道路用地(公共設施用地),10000,206,持分移轉,02030000
RPQPMLSKKIOFFFA58CA,仁愛段四小段,.11,都市：其他:道路用地,570,1,持分移轉,00800000
RPQPMLSKKIOFFFA58CA,仁愛段四小段,.34,都市：商,285,1,持分移轉,00810000
RPQPMLSKKIOFFFA58CA,仁愛段四小段,.14,都市：其他:道路用地,285,1,持分移轉,00810001
RPQPMLSKKIOFFFA58CA,仁愛段四小段,.02,都市：其他:道路用地,285,1,持分移轉,00820001
RPQPMLSKKIOFFFA58CA,仁愛段四小段,.24,都市：商,285,1,持分移轉,00820002
RPQPMLSKKIOFFFA58CA,仁愛段四小段,1.02,都市：商,285,1,持分移轉,00820003
RPQPMLSKKIOFFFA58CA,仁愛段四小段,.12,都市：其他:道路用地,285,1,持分移轉,00820004
RPQPMLSKKIOFFFA58CA,仁愛段四小段,.23,都市：其他:道路用地,285,1,持分移轉,00820005
RPQPMLSKKIOFFFA58CA,仁愛段四小段,.89,都市：商,285,1,持分移轉,00830000
RPQPMLSKKIOFFFA58CA,仁愛段四小段,.73,都市：其他:道路用地,285,1,持分移轉,00830001
RPQPMLSKKIOFFFA58CA,仁愛段四小段,.16,都市：其他:道路用地,285,1,持分移轉,00880000
RPRNMLNJKHPFFEA87DA,芝山段一小段,40.80,都市：住,5,2,持分移轉,06800000
RPQPMLQKKIOFFAA87CA,萬芳段二小段,156.75,都市：住,10000,46,持分移轉,06000000
RPUNMLRKKIOFFAA18CA,永昌段二小段,7.75,都市：住,10000,438,持分移轉,05190000
RPUNMLRKKIOFFAA18CA,永昌段二小段,11.69,都市：住,10000,438,持分移轉,05190001
RPTPMLKLKIOFFDA08DA,福德段二小段,30.75,都市：住,4,1,持分移轉,07570000
RPTPMLKLKIOFFDA08DA,福德段二小段,6.00,都市：其他:道路用地,4,1,持分移轉,07580000
RPPNMLQLKIOFFEA08CA,天母段三小段,11.80,都市：商,10000,221,持分移轉,02630001
RPPNMLQLKIOFFEA08CA,天母段三小段,27.80,都市：商,10000,221,持分移轉,02630000
RPPNMLQLKIOFFEA08CA,天母段三小段,.15,都市：商,10000,221,持分移轉,02630002
RPPNMLQLKIOFFEA08CA,天母段三小段,.64,都市：商,10000,221,持分移轉,02630003
RPPNMLQLKIOFFEA08CA,天母段三小段,2.63,都市：商,10000,221,持分移轉,02630004
RPTNMLOKKIOFFDA18DA,經貿段,28.36,都市：住,100000,1138,持分移轉,00320006
RPQNMLQJJHPFFBA57CA,成功段二小段,7.80,都市：商,10000,148,持分移轉,00810000
RPRNMLRKKIOFFBA97CA,青年段二小段,11.75,都市：住,9415,57,持分移轉,00140000
RPWPMLQLKIOFFDA88CA,敦化段一小段,25.65,都市：住,10000,118,持分移轉,04690000
RPVNMLSJJHPFFCA38CA,石潭段四小段,7.80,都市：商,100000,278,持分移轉,04230000
RPTOMLRJJHPFFBA08CA,直興段三小段,6.55,都市：商,100000,473,持分移轉,03350000
RPUNMLQKKIOFFBA18CA,雙連段二小段,3.51,都市：商,80000,176,持分移轉,00720000
RPPQMLRJJHPFFBA87CA,直興段三小段,6.41,都市：商,100000,463,持分移轉,03350000
RPUNMLQKKIOFFBA18CA,雙連段二小段,4.52,都市：住,80000,176,持分移轉,00720004
RPQPMLRJJHPFFBA87CA,直興段三小段,4.61,都市：商,100000,333,持分移轉,03350000
RPROMLQKKIOFFAA87CA,福和段二小段,15.88,都市：住,100000,528,持分移轉,06990000
RPWOMLKLJHPFFCA97CA,碧湖段二小段,61.93,都市：住,10000,253,持分移轉,06280000
RPPNMLNKJHPFFDA47CA,信義段五小段,54.59,都市：住,10000,91,持分移轉,00070000
RPTRMLRJJHPFFBA38CA,直興段三小段,4.54,都市：商,100000,328,持分移轉,03350000
RPURMLRJJHPFFBA48CA,直興段三小段,4.04,都市：商,100000,292,持分移轉,03350000
RPQOMLKMKIOFFDA67CA,西松段一小段,8.67,都市：商,10000,73,持分移轉,01270000
RPQOMLKMKIOFFDA67CA,西松段一小段,3.92,都市：商,10000,73,持分移轉,01270001
RPXOMLRJJHPFFBA48CA,直興段三小段,10.28,都市：商,100000,743,持分移轉,03350000
RPTNMLRKKIOFFEA48CA,永新段二小段,31.00,都市：住,4,1,持分移轉,04060000
RPRPMLKKJHPFFDA57CA,西松段三小段,31.00,都市：住,8,2,持分移轉,02940000
RPRPMLKKJHPFFDA57CA,西松段三小段,10.39,都市：其他:道路用地,56,2,持分移轉,06020000
RPTOMLKMKIOFFFA18CA,金華段一小段,7.00,都市：住,10000,98,持分移轉,05650000
RPQNMLMKJHPFFDA47CA,信義段五小段,53.99,都市：住,10000,90,持分移轉,00070000
RPQOMLRJJHPFFBA77CA,直興段三小段,4.37,都市：商,100000,316,持分移轉,03350000
RPVPMLRKKIOFFCA68CA,吉林段五小段,21.41,都市：其他:市場用地(公共設施用地)。,10000,42,持分移轉,03360001
RPQNMLRKKIOFFFA28CA,仁愛段一小段,13.25,都市：住,40,2,持分移轉,01270000
RPWNMLKKJHPFFFA08CA,復興段二小段,45.39,都市：其他:敦化南北路特定專用區(A區),90000,7347,持分移轉,03490000
RPWNMLKKJHPFFFA08CA,復興段二小段,52.90,都市：其他:敦化南北路特定專用區(A區),90000,7257,持分移轉,03600001
RPXRMLRJJHPFFBA78CA,直興段三小段,4.39,都市：商,100000,317,持分移轉,03350000
RPOQMLRJJHPFFBA77CA,直興段三小段,6.55,都市：商,100000,473,持分移轉,03350000
RPWNMLSKKIOFFAA48CA,萬隆段二小段,27.26,都市：住,10000,124,持分移轉,02080000
RPQRMLRJJHPFFBA08CA,直興段三小段,5.04,都市：商,100000,364,持分移轉,03350000
RPUNMLSKKIOFFEA68CA,光華段四小段,9.39,都市：住,50000,334,持分移轉,07990000
RPUNMLSKKIOFFEA68CA,光華段四小段,3.24,都市：住,50000,334,持分移轉,07990001
RPROMLLMKIOFFEA97CA,百齡段六小段,14.08,都市：住,20928,82,持分移轉,00690000
RPRPMLQKKIOFFEA38CA,文林段五小段,21.25,都市：住,28,7,持分移轉,03470000
RPTNMLMLKIOFFDA97CA,經貿段,27.26,都市：住,10000,259,持分移轉,00320002
RPVPMLRJJHPFFBA38CA,直興段三小段,10.08,都市：商,100000,728,持分移轉,03350000
RPTPMLRJJHPFFBA18CA,直興段三小段,6.28,都市：商,100000,454,持分移轉,03350000
RPQNMLKLJHPFFCA27CA,潭美段五小段,454.88,都市：住,1,1,全筆移轉,01410001
RPQNMLKLJHPFFCA27CA,潭美段五小段,645.79,都市：住,1200,954,持分移轉,01390000
RPQNMLKLJHPFFCA27CA,潭美段五小段,305.13,都市：住,38,19,持分移轉,01400000
RPQNMLKLJHPFFCA27CA,潭美段五小段,366.36,都市：住,45,32,持分移轉,01430000
RPQNMLKLJHPFFCA27CA,潭美段五小段,161.10,都市：住,6,2,持分移轉,01450000
RPUQMLRLKIOFFDA98DA,祥和段三小段,21.20,都市：住,5,1,持分移轉,00990000
RPUNMLRKKIOFFCA38CA,文德段五小段,12.23,都市：其他:科技工業區,40000,280,持分移轉,01490000
RPSQMLTKKIOFFCA78DA,文德段三小段,8.18,都市：住,10000,42,持分移轉,00250002
RPSQMLTKKIOFFCA78DA,文德段三小段,11.50,都市：住,10000,42,持分移轉,00780000
RPVNMLTKKIOFFCA68CA,德惠段二小段,31.95,都市：住,10000,422,持分移轉,06920000
RPSPMLRJJHPFFBA08CA,直興段三小段,6.73,都市：商,100000,486,持分移轉,03350000
RPVQMLRJJHPFFBA48CA,直興段三小段,4.47,都市：商,100000,323,持分移轉,03350000
RPORMLRJJHPFFBA87CA,直興段三小段,4.47,都市：商,100000,323,持分移轉,03350000
RPXOMLRKKIOFFBA68CA,橋北段二小段,5.44,都市：其他:聯合開發區(捷),100000,133,持分移轉,06360000
RPOOMLRJJHPFFBA57CA,直興段三小段,6.42,都市：商,100000,464,持分移轉,03350000
RPUNMLSJJHPFFCA28CA,石潭段四小段,6.93,都市：商,100000,247,持分移轉,04230000
RPXOMLRKKIOFFBA68CA,橋北段二小段,.03,都市：其他:聯合開發區(捷),100000,133,持分移轉,06800010
RPXOMLRKKIOFFBA68CA,橋北段二小段,.01,都市：其他:聯合開發區(捷),100000,133,持分移轉,06800011
RPWPMLRJJHPFFBA48CA,直興段三小段,4.97,都市：商,100000,359,持分移轉,03350000
RPORMLRKKIOFFCA28DA,康寧段三小段,21.65,都市：商,10000,99,持分移轉,02640000
RPXQMLRJJHPFFBA68CA,直興段三小段,4.50,都市：商,100000,325,持分移轉,03350000
RPUNMLOJKHPFFCA97CA,榮星段二小段,1.49,都市：住,10000,27,持分移轉,04820000
RPQPMLRLKIOFFDA38CA,向陽段,13.36,都市：住,10000,121,持分移轉,00110011
RPQSMLRJJHPFFBA18CA,直興段三小段,12.95,都市：商,100000,936,持分移轉,03350000
RPSQMLRJJHPFFBA18CA,直興段三小段,4.37,都市：商,100000,316,持分移轉,03350000
RPXPMLQKKIOFFCA78CA,康寧段三小段,8.82,都市：商,10000,29,持分移轉,07930000
RPWNMLLMJHPFFCA08CA,北安段二小段,.55,都市：住,10000,2,持分移轉,02440000
RPVRMLRJJHPFFBA58CA,直興段三小段,3.22,都市：商,100000,233,持分移轉,03350000
RPPRMLRJJHPFFBA97CA,直興段三小段,4.54,都市：商,100000,328,持分移轉,03350000
RPVNMLSKKIOFFAA38CA,公訓段三小段,2.88,都市：住,10000,23,持分移轉,02650000
RPVNMLSKKIOFFAA38CA,萬芳段三小段,73.97,都市：住,10000,23,持分移轉,00650000
RPPNMLNJJHPFFCA27CA,康寧段三小段,20.61,都市：其他:市場用地,100000,498,持分移轉,02670001
RPWNMLNKJHPFFBA97CA,直興段一小段,5.59,都市：商,10000,87,持分移轉,03100000
RPPOMLRJJHPFFBA67CA,直興段三小段,5.95,都市：商,100000,430,持分移轉,03350000
RPRRMLRJJHPFFBA18CA,直興段三小段,6.41,都市：商,100000,463,持分移轉,03350000
RPUPMLRJJHPFFBA28CA,直興段三小段,5.98,都市：商,100000,432,持分移轉,03350000
RPPNMLOKKIOFFBA57DA,雙連段三小段,4.08,都市：商,10000,62,持分移轉,01540000
RPPNMLOKKIOFFBA57DA,雙連段三小段,2.57,都市：住,10000,62,持分移轉,01640000
RPSOMLRJJHPFFBA97CA,直興段三小段,6.42,都市：商,100000,464,持分移轉,03350000
RPTNMLSJJHPFFCA18CA,石潭段四小段,9.26,都市：商,100000,330,持分移轉,04230000
RPPSMLRJJHPFFBA08CA,直興段三小段,13.04,都市：商,100000,942,持分移轉,03350000
RPWOMLQKKIOFFBA48CA,城中段一小段,2.67,都市：商,10000,45,持分移轉,04250000
RPQOMLQJJHPFFAA57CA,華興段三小段,120.00,都市：住,1,1,全筆移轉,01110000
RPQOMLQJJHPFFAA57CA,華興段三小段,63.00,都市：住,1,1,全筆移轉,01120000
RPVNMLQKKIOFFDA48CA,永春段一小段,2.25,都市：其他:道路用地,4,1,持分移轉,07120000
RPVNMLSKKIOFFEA78CA,振興段三小段,3.00,都市：住,25,1,持分移轉,09010000
RPVNMLQKKIOFFDA48CA,永春段一小段,7.50,都市：其他:道路用地,4,1,持分移轉,07120001
RPVNMLSKKIOFFEA78CA,振興段三小段,.40,都市：住,25,1,持分移轉,09010005
RPVNMLSKKIOFFEA78CA,振興段三小段,.94,都市：住,500,52,持分移轉,09010006
RPVNMLSKKIOFFEA78CA,振興段三小段,2.60,都市：住,25,1,持分移轉,09100001
RPVNMLSKKIOFFEA78CA,振興段三小段,23.61,都市：住,500,52,持分移轉,09170007
RPVNMLSKKIOFFEA78CA,振興段三小段,.72,都市：住,25,1,持分移轉,09170008
RPVNMLSKKIOFFEA78CA,振興段三小段,2.44,都市：住,25,1,持分移轉,09170010
RPUOMLKLJHPFFCA77CA,碧湖段二小段,60.96,都市：住,10000,249,持分移轉,06280000
RPPOMLQKKIOFFCA87CA,長春段一小段,23.42,都市：住,90152,78,持分移轉,00020000
RPRPMLQKKIOFFCA18CA,石潭段四小段,1.65,都市：住,10000,9,持分移轉,02350000
RPRPMLQKKIOFFCA18CA,石潭段四小段,1.91,都市：住,10000,9,持分移轉,02350001
RPXPMLRJJHPFFBA58CA,直興段三小段,4.39,都市：商,100000,317,持分移轉,03350000
RPSRMLRJJHPFFBA28CA,直興段三小段,6.59,都市：商,100000,476,持分移轉,03350000
RPOSMLRJJHPFFBA97CA,直興段三小段,6.42,都市：商,100000,464,持分移轉,03350000
RPQNMLLLKIOFFEA77DA,芝山段二小段,.09,都市：住,10000,1,持分移轉,00650000
RPQNMLLLKIOFFEA77DA,芝山段二小段,.00,都市：其他:道路用地,10000,1,持分移轉,00650003
RPQNMLLLKIOFFEA77DA,芝山段二小段,.07,都市：住,10000,1,持分移轉,00650004
RPQNMLLLKIOFFEA77DA,芝山段二小段,.00,都市：其他:道路用地,10000,1,持分移轉,00650005
RPQNMLLLKIOFFEA77DA,芝山段二小段,24.59,都市：住,10000,160,持分移轉,00660000
RPQNMLLLKIOFFEA77DA,芝山段二小段,3.65,都市：住,100000,755,持分移轉,00660002
RPPNMLQLKIOFFDA08DA,向陽段,38.95,都市：住,100000,2472,持分移轉,00090008
RPUPMLQKKIOFFAA28CA,南海段二小段,1.01,都市：商,10000,106,持分移轉,01720000
RPUPMLQKKIOFFAA28CA,南海段二小段,4.93,都市：商,10000,106,持分移轉,02050000
RPPNMLLMKIOFFAA27CA,萬芳段三小段,.05,都市：住,10000,15,持分移轉,01680001
RPPNMLLMKIOFFAA27CA,萬芳段三小段,1.16,都市：住,10000,15,持分移轉,01680000
RPPNMLLMKIOFFAA27CA,萬芳段三小段,.11,都市：住,10000,15,持分移轉,01680002
RPPNMLLMKIOFFAA27CA,萬芳段三小段,.03,都市：住,10000,15,持分移轉,02420002
RPPNMLLMKIOFFAA27CA,萬芳段三小段,13.91,都市：住,10000,644,持分移轉,04740002
RPPNMLLMKIOFFAA27CA,萬芳段三小段,1.80,都市：住,10000,78,持分移轉,04840000
RPPNMLLMKIOFFAA27CA,萬芳段三小段,.06,都市：住,10000,644,持分移轉,04870000
RPPNMLLMKIOFFAA27CA,萬芳段三小段,41.00,都市：住,1,1,全筆移轉,04990000
RPPNMLLMKIOFFAA27CA,萬芳段三小段,.29,都市：住,10000,15,持分移轉,02420000
RPPNMLLMKIOFFAA27CA,萬芳段三小段,.94,都市：住,10000,15,持分移轉,01770000
RPPNMLLMKIOFFAA27CA,萬芳段三小段,.07,都市：住,10000,15,持分移轉,02020000
RPPNMLLMKIOFFAA27CA,萬芳段三小段,.22,都市：住,10000,15,持分移轉,02030000
RPPNMLLMKIOFFAA27CA,萬芳段三小段,.10,都市：住,10000,78,持分移轉,04740001
RPPNMLLMKIOFFAA27CA,萬芳段三小段,.12,都市：住,10000,15,持分移轉,02590000
RPPNMLLMKIOFFAA27CA,萬芳段三小段,.06,都市：住,10000,15,持分移轉,02600000
RPPNMLLMKIOFFAA27CA,萬芳段三小段,.25,都市：住,10000,15,持分移轉,02660000
RPPNMLLMKIOFFAA27CA,萬芳段三小段,.01,都市：住,10000,15,持分移轉,02760000
RPPNMLLMKIOFFAA27CA,萬芳段三小段,1.80,都市：住,10000,78,持分移轉,04370001
RPPNMLLMKIOFFAA27CA,萬芳段三小段,21.78,都市：住,10000,617,持分移轉,04740000
RPROMLPLKIOFFBA97CA,莒光段四小段,17.33,都市：其他:特定專用區,3,1,持分移轉,02040000
RPROMLPLKIOFFBA97CA,莒光段四小段,4.00,都市：其他:道路用地,3,1,持分移轉,02050000
RPQNMLSKKIOFFBA97CA,青年段二小段,33.16,都市：住,76000,244,持分移轉,00190000
RPPNMLRKKIOFFAA67CA,興安段三小段,30.32,都市：住,10000,143,持分移轉,03440003
RPOOMLRKKIOFFFA18CA,金華段三小段,3.82,都市：商,10000,143,持分移轉,02160000
RPOPMLLMKIOFFDA67CA,南港段三小段,28.25,都市：住,4,1,持分移轉,00970000
RPVNMLKLJHPFFCA77CA,潭美段五小段,409.99,都市：住,1,1,全筆移轉,01440000
RPVNMLKLJHPFFCA77CA,潭美段五小段,305.12,都市：住,1728,864,持分移轉,01400000
RPRNMLKLJHPFFCA37CA,潭美段五小段,166.52,都市：住,348800,71504,持分移轉,01390000
RPVPMLNJJHPFFCA08CA,文德段二小段,265.00,都市：其他:道路用地,1,1,全筆移轉,02200009
RPSNMLRKKIOFFCA18CA,德惠段四小段,3.17,都市：商,10000,46,持分移轉,04130000
RPPNMLTKKIOFFEA28CA,新民段二小段,4.49,都市：其他:特定觀光商業專用區,90000,185,持分移轉,04460000
RPUNMLSKKIOFFBA38CA,玉泉段一小段,23.86,都市：商,100000,916,持分移轉,10140000
RPQNMLRKKIOFFAA77CA,興泰段三小段,16.09,都市：住,10000,102,持分移轉,03770000
RPXOMLSKKIOFFCA88CA,石潭段四小段,136.58,都市：住,10000,434,持分移轉,03040000
RPXNMLLLKIOFFCA28DA,文德段二小段,23.72,都市：住,10000,105,持分移轉,01620000
RPTNMLKLJHPFFCA57CA,潭美段五小段,322.19,都市：住,3,2,持分移轉,01450000
RPUNMLNLKIOFFAA87CA,景美段二小段,46.07,都市：住,10000,107,持分移轉,00370000
RPTQMLRKKIOFFCA58CA,中山段四小段,5.26,都市：商,100000,868,持分移轉,02220000
RPTQMLRKKIOFFCA58CA,中山段四小段,.00,都市：商,100000,868,持分移轉,02220002
RPTQMLRKKIOFFCA58CA,中山段四小段,.11,都市：其他:道路用地(公共設施用地)【60/9/20】,100000,868,持分移轉,02240001
RPOOMLSKKIOFFCA97CA,碧湖段四小段,5.50,都市：其他:道路用地,8,1,持分移轉,01020000
RPPNMLLJJHPFFEA27CA,三玉段二小段,27.76,都市：住,10000,126,持分移轉,03320000
RPPOMLOLKIOFFFA18DA,仁愛段二小段,22.00,都市：住,10000,830,持分移轉,01990000
RPPNMLLJJHPFFEA27CA,三玉段二小段,.04,都市：其他:公設地,10000,126,持分移轉,03320001
RPPNMLLJJHPFFEA27CA,三玉段二小段,.05,都市：其他:公設地,10000,126,持分移轉,03320002
RPUNMLLJJHPFFCA67DA,大湖段二小段,31.20,都市：其他:市場用地,1000000,16299,持分移轉,01820000
RPUNMLRKKIOFFDA48CA,永吉段三小段,20.00,都市：住,1,1,全筆移轉,04920000
RPVNMLLMKIOFFAA87CA,興安段二小段,50.50,都市：商,4,1,持分移轉,00700000
RPUOMLKKJHPFFAA47CA,河堤段五小段,.01,都市：住,10000,1,持分移轉,02400001
RPUOMLKKJHPFFAA47CA,河堤段五小段,.10,都市：商,6600,1,持分移轉,02450000
RPUOMLKKJHPFFAA47CA,河堤段五小段,.03,都市：商,10000,1,持分移轉,02400000
RPQNMLSKKIOFFFA38CA,大安段二小段,5.80,都市：其他:道路用地,279317,18191,持分移轉,04590001
RPPPMLRKKIOFFBA97CA,臨沂段一小段,14.06,都市：住,10000,868,持分移轉,05250000
RPRPMLTKKIOFFDA68DA,犂和段二小段,17.18,都市：住,20000,949,持分移轉,01560000
RPTOMLSKKIOFFAA28CA,公訓段三小段,31.18,都市：住,10000,97,持分移轉,03600000
RPVPMLKKJIPFFEA28DA,大業段一小段,13.86,都市：商,10000,175,持分移轉,01290000
RPTOMLSKKIOFFAA28CA,公訓段三小段,3.93,都市：住,10000,97,持分移轉,03780001
RPTOMLSKKIOFFAA28CA,萬芳段三小段,.03,都市：住,10000,97,持分移轉,08380001
RPRNMLRKKIOFFAA87CA,萬芳段二小段,64.05,都市：住,10000,620,持分移轉,07100000
RPRNMLRKKIOFFAA87CA,萬芳段二小段,56.79,都市：住,10000,620,持分移轉,07450000
RPXNMLQKKIOFFFA88CA,通化段四小段,34.77,都市：住,10000,1195,持分移轉,07060000
RPTOMLRJJHPFFEA38CA,華岡段一小段,8.32,都市：其他:-道路用地,2,1,持分移轉,01190003
RPTOMLRJJHPFFEA38CA,華岡段一小段,12.44,都市：其他:-道路用地,2,1,持分移轉,01210000
RPTOMLRJJHPFFEA38CA,華岡段一小段,2.98,都市：其他:-道路用地,60,4,持分移轉,01420000
RPTOMLRJJHPFFEA38CA,華岡段一小段,4.92,都市：其他:-道路用地,60,4,持分移轉,01430000
RPSNMLQJLHPFFFA38CA,仁愛段四小段,7.23,都市：住,10000,305,持分移轉,00100000
RPRNMLLJJHPFFAA17DA,興安段三小段,53.53,都市：住,550000,4769,持分移轉,00300000
RPXNMLQLKIOFFCA68CA,吉林段四小段,4.92,都市：住,10000,32,持分移轉,03370000
RPQRMLQKKIOFFCA38DA,榮星段二小段,24.50,都市：住,4,1,持分移轉,01600000
RPVNMLOLKIOFFDA38CA,民生段,16.46,都市：住,10000,151,持分移轉,00590000
RPUNMLKLJHPFFCA67CA,潭美段五小段,148.83,都市：住,45,13,持分移轉,01430000
RPPNMLSKKIOFFAA77CA,福和段二小段,17.81,都市：住,1000000000,5920000,持分移轉,06990000
RPQQMLRLKIOFFDA58DA,南港段一小段,15.83,都市：商,10000,241,持分移轉,12420000
RPPNMLRKKIOFFEA08CA,立農段二小段,29.25,都市：住,10000,179,持分移轉,03450000
RPSNMLSKKIOFFDA38CA,福德段二小段,8.25,都市：其他:道路用地,8,2,持分移轉,05920000
RPWNMLSJJHPFFCA48CA,石潭段四小段,8.95,都市：商,100000,319,持分移轉,04230000
RPTOMLNLKIOFFDA18CA,寶清段一小段,5.75,都市：其他:道,8,1,持分移轉,02550003
RPTOMLNLKIOFFDA18CA,寶清段一小段,31.25,都市：住,8,1,持分移轉,02560000
RPTOMLNLKIOFFDA18CA,寶清段一小段,1.38,都市：住,8,1,持分移轉,02570000
RPUOMLNLKIOFFDA28CA,南港段一小段,25.46,都市：住,100000,778,持分移轉,05370000
RPUOMLQKKIOFFDA48CA,三興段一小段,19.11,都市：住,10000,138,持分移轉,01350000
RPROMLQKKIOFFBA97CA,玉泉段一小段,3.92,都市：商,10000,39,持分移轉,02280000
RPROMLQKKIOFFBA97CA,玉泉段一小段,.44,都市：商,10000,39,持分移轉,02500000
RPVQMLQKKIOFFCA68CA,潭美段五小段,74.48,都市：住,10000,225,持分移轉,00600000
RPVOMLRKKIOFFEA78CA,豐年段一小段,47.42,都市：農,225,5,持分移轉,07030000
RPPTMLRLKIOFFCA58CA,碧湖段二小段,31.04,都市：住,10000,34,持分移轉,05290000
RPSOMLTKKIOFFBA38CA,青年段一小段,53.48,都市：住,100000,420,持分移轉,00860000
RPWOMLTKKIOFFAA68CA,實踐段三小段,15.30,都市：住,2000,100,持分移轉,00430000
RPQPMLSKKIOFFBA18CA,青年段二小段,17.72,都市：住,6725,88,持分移轉,00090000
RPSPMLOLKIOFFBA08CA,中正段一小段,16.93,都市：住,14,1,持分移轉,01150000
RPXOMLRLKIOFFDA09DA,吳興段三小段,28.80,都市：住,689,80,持分移轉,07830000
RPTNMLSLKIOFFDA58CA,敦化段三小段,21.96,都市：其他:敦化南北路特定專用區,10000,66,持分移轉,00670000
RPVQMLSKKIOFFCA88CA,德惠段四小段,12.82,都市：商,10000,185,持分移轉,05170000
RPVNMLKKJHPFFDA77CA,敦化段二小段,5.83,都市：住,10000,88,持分移轉,04110000
RPVNMLKKJHPFFDA77CA,敦化段二小段,4.92,都市：住,10000,88,持分移轉,04120000
RPVNMLKKJHPFFDA77CA,敦化段二小段,.76,都市：住,10000,88,持分移轉,04130000
RPPPMLRKKIOFFDA18CA,玉成段三小段,45.00,都市：工,1,1,全筆移轉,00530000
RPRNMLTKKIOFFEA48CA,開明段三小段,12.89,都市：其他:市場用地,10000,28,持分移轉,03500000
RPUPMLLMKIOFFBA08CA,龍山段二小段,19.94,都市：商,10000,272,持分移轉,02510000
RPUPMLLMKIOFFBA08CA,龍山段二小段,.57,都市：其他:道路用地(公共設施用地),10000,272,持分移轉,02510001
RPRNMLNLKIOFFCA77CA,東湖段一小段,28.63,都市：住,10000,143,持分移轉,00230000
RPXNMLTKKIOFFDA98CA,中南段五小段,43.93,都市：住,10000,207,持分移轉,04020000
RPROMLLMKIOFFFA08CA,仁愛段六小段,19.99,都市：商,10000,323,持分移轉,01000002
RPUOMLRKKIOFFEA68CA,蘭雅段二小段,43.00,都市：住,2,1,持分移轉,05680000
RPQNMLMLKIOFFCA67DA,文德段二小段,24.16,都市：住,10000,108,持分移轉,01150002
RPVOMLSKKIOFFFA98CA,通化段六小段,12.55,都市：商,30000,582,持分移轉,05850000
RPQNMLLJJHPFFAA07DA,南海段二小段,2.51,都市：商,10000,22,持分移轉,03320000
RPQNMLLJJHPFFAA07DA,南海段二小段,1.39,都市：住,10000,22,持分移轉,04050000
RPWNMLKLKIOFFAA77CA,公訓段三小段,4.86,都市：住,10000,55,持分移轉,00210000
RPWNMLKLKIOFFAA77CA,公訓段三小段,19.63,都市：住,10000,55,持分移轉,00230000
RPWNMLKLKIOFFAA77CA,公訓段三小段,.01,都市：住,10000,55,持分移轉,00240002
RPOQMLKLKIOFFCA57DA,德惠段二小段,11.99,都市：住,20000,251,持分移轉,06190000
RPPPMLRJJHPFFBA77CA,青年段二小段,34.85,都市：住,10000,312,持分移轉,06740000
RPQRMLSKKIOFFCA48CA,吉林段四小段,2.28,都市：商,100000,311,持分移轉,06240000
RPVPMLNKJHPFFEA38CA,新民段二小段,8.08,都市：住,10000,82,持分移轉,01780000
RPRRMLKLKIOFFCA87CA,大湖段四小段,164.00,都市：其他:保護區,1,1,全筆移轉,00820000
RPQNMLSKKIOFFAA87CA,實踐段一小段,16.56,都市：住,10000,413,持分移轉,05280000
RPWNMLLLKIOFFCA18DA,東湖段七小段,12.16,都市：住,10000,47,持分移轉,01910000
RPPNMLSKKIOFFCA97CA,中山段一小段,3.31,都市：商,10000,23,持分移轉,04800000
RPUPMLKMKIOFFEA28CA,溪洲段三小段,.96,都市：商,4655,24,持分移轉,03950000
RPUPMLKMKIOFFEA28CA,富安段二小段,12.14,都市：住,7448,25,持分移轉,02470000
RPUPMLKMKIOFFEA28CA,富安段二小段,.53,都市：住,4655,24,持分移轉,02480000
RPUPMLKMKIOFFEA28CA,富安段二小段,.56,都市：住,4655,24,持分移轉,02500000
RPUPMLKMKIOFFEA28CA,富安段二小段,3.69,都市：住,4655,24,持分移轉,02540000
RPUPMLKMKIOFFEA28CA,富安段二小段,.05,都市：住,4655,24,持分移轉,02550000
RPUPMLKMKIOFFEA28CA,富安段二小段,3.65,都市：住,4655,24,持分移轉,02560000
RPUPMLKMKIOFFEA28CA,富安段二小段,8.26,都市：住,37240,187,持分移轉,02570000
RPUPMLKMKIOFFEA28CA,富安段三小段,3.27,都市：其他:遊樂區,4655,24,持分移轉,02830000
RPTQMLRKKIOFFEA78CA,文林段五小段,16.23,都市：住,10000,170,持分移轉,03270000
RPQNMLSKKIOFFEA28CA,永平段一小段,23.56,都市：住,10000,328,持分移轉,05210003
RPROMLSKKIOFFFA58CA,龍泉段一小段,4.03,都市：商,3000,390,持分移轉,10890000
RPROMLSKKIOFFFA58CA,龍泉段一小段,4.94,都市：商,3000,390,持分移轉,10900000
RPROMLSKKIOFFFA58CA,龍泉段一小段,4.29,都市：商,3000,390,持分移轉,10930000
RPROMLSKKIOFFFA58CA,龍泉段一小段,4.68,都市：商,3000,390,持分移轉,10940000
RPVPMLOLKIOFFCA48CA,文德段五小段,73.44,都市：住,100000,3607,持分移轉,01680000
RPTOMLSKKIOFFFA78CA,瑞安段二小段,1.12,都市：商,50000,1000,持分移轉,05190000
RPTOMLSKKIOFFFA78CA,瑞安段二小段,11.93,都市：住,50000,1220,持分移轉,05200000
RPTOMLSKKIOFFFA78CA,瑞安段二小段,9.44,都市：商,50000,1220,持分移轉,05200001
RPRPMLRKKIOFFBA18CA,青年段一小段,4.22,都市：商,16790,145,持分移轉,01380000
RPRPMLRKKIOFFBA18CA,青年段一小段,8.42,都市：商,16790,145,持分移轉,01390000
RPVOMLQLKIOFFBA48CA,市府段二小段,25.00,都市：商,4,1,持分移轉,06440000
RPPPMLNLKIOFFEA08DA,蘭雅段一小段,20.08,都市：工,10000,61,持分移轉,06430000
RPQNMLKLKIOFFAA17CA,萬芳段二小段,1.03,都市：住,10000,21,持分移轉,00690000
RPQNMLKLKIOFFAA17CA,萬芳段二小段,42.82,都市：住,10000,21,持分移轉,00720000
RPXNMLSKKIOFFAA58CA,南海段五小段,24.45,都市：住,12700000,2587625,持分移轉,01910000
RPXNMLSKKIOFFAA58CA,南海段五小段,1.43,都市：其他:道路用地,12700000,2587625,持分移轉,01910001
RPUOMLSKKIOFFBA48CA,華中段二小段,11.34,都市：住,1000,10,持分移轉,09000000
RPUOMLSKKIOFFBA48CA,華中段二小段,.04,都市：其他:道路用地(公共設施用地),1000,10,持分移轉,09000001
RPUOMLSKKIOFFBA48CA,華中段二小段,5.03,都市：住,1000,10,持分移轉,09000002
RPQOMLRKKIOFFAA87CA,福和段一小段,2.50,都市：住,10000,129,持分移轉,04440000
RPSOMLTKKIOFFCA48CA,東湖段二小段,33.23,都市：住,9000,86,持分移轉,00320001
RPWNMLLMKIOFFEA48DA,立農段一小段,48.50,都市：住,4,1,持分移轉,03530000
RPSNMLTLKIOFFBA38CA,福星段四小段,3.86,都市：商,1000000,7318,持分移轉,01640000
RPSPMLTKKIOFFDA68CA,西松段二小段,3.01,都市：其他:第三種住宅區。,100000,142,持分移轉,05950000
RPRNMLSKKIOFFDA28CA,經貿段,57.08,都市：住,100000,676,持分移轉,00660001
RPRNMLTKKIOFFCA28CA,中山段三小段,3.68,都市：商,10000,56,持分移轉,02160000
RPQNMLLJJHPFFDA37DA,祥和段二小段,21.81,都市：商,10000,625,持分移轉,02180000
RPOOMLSKKIOFFEA28DA,中洲段,45.75,都市：其他:遊樂區,4,1,持分移轉,07610000
RPRRMLSKKIOFFCA68DA,吉林段五小段,.01,都市：住,1920000,19743,持分移轉,00300000
RPPPMLSKKIOFFDA28CA,民生段,27.00,都市：住,8,1,持分移轉,00580043
RPRRMLSKKIOFFCA68DA,吉林段五小段,.04,都市：住,10000,103,持分移轉,00310000
RPRRMLSKKIOFFCA68DA,吉林段五小段,3.97,都市：住,1920000,19744,持分移轉,00340000
RPRRMLSKKIOFFCA68DA,吉林段五小段,1.71,都市：住,1920000,19744,持分移轉,00350000
RPRRMLSKKIOFFCA68DA,吉林段五小段,1.13,都市：住,1920000,19744,持分移轉,00370000
RPRRMLSKKIOFFCA68DA,吉林段五小段,.08,都市：住,1920000,19744,持分移轉,00380000
RPRRMLSKKIOFFCA68DA,吉林段五小段,.12,都市：住,10000,103,持分移轉,00390000
RPRRMLSKKIOFFCA68DA,吉林段五小段,.16,都市：住,10000,103,持分移轉,00400000
RPRRMLSKKIOFFCA68DA,吉林段五小段,.16,都市：住,1920000,19743,持分移轉,00410000
RPRRMLSKKIOFFCA68DA,吉林段五小段,1.32,都市：住,1920000,19743,持分移轉,00420000
RPRRMLSKKIOFFCA68DA,吉林段五小段,1.51,都市：住,1920000,19743,持分移轉,00430000
RPTNMLSKKIOFFCA38CA,碧湖段二小段,8.32,都市：商,10000,89,持分移轉,02680000
RPROMLSKKIOFFAA08CA,南海段五小段,27.36,都市：住,578380,8217,持分移轉,03150000
RPXPMLKMKIOFFEA58CA,富安段三小段,2.45,都市：其他:遊樂區,37240,144,持分移轉,02830000
RPXPMLKMKIOFFEA58CA,溪洲段三小段,.72,都市：商,37240,144,持分移轉,03950000
RPXPMLKMKIOFFEA58CA,富安段二小段,.40,都市：住,37240,144,持分移轉,02480000
RPXPMLKMKIOFFEA58CA,富安段二小段,.42,都市：住,37240,144,持分移轉,02500000
RPXPMLKMKIOFFEA58CA,富安段二小段,2.77,都市：住,37240,144,持分移轉,02540000
RPXPMLKMKIOFFEA58CA,富安段二小段,2.73,都市：住,37240,144,持分移轉,02560000
RPXPMLKMKIOFFEA58CA,富安段二小段,3.71,都市：住,37240,84,持分移轉,02570000
RPXPMLKMKIOFFEA58CA,富安段二小段,.03,都市：住,37240,144,持分移轉,02550000
RPTOMLNJJHPFFEA97CA,福林段三小段,5.16,都市：住,100000,755,持分移轉,03380000
RPTOMLNJJHPFFEA97CA,福林段三小段,.01,都市：住,100000,755,持分移轉,03370004
RPROMLTKKIOFFCA38CA,德惠段二小段,44.50,都市：住,20,5,持分移轉,06470000
RPQNMLNLKIOFFAA47CA,永昌段四小段,6.75,都市：住,4,1,持分移轉,02800001
RPPOMLMJJHPFFFA57CA,仁愛段四小段,.63,都市：其他:道路用地,10000,100,持分移轉,03470000
RPQNMLNLKIOFFAA47CA,永昌段四小段,16.25,都市：住,4,1,持分移轉,02810000
RPPOMLMJJHPFFFA57CA,仁愛段四小段,10.77,都市：住,10000,100,持分移轉,03480000
RPPOMLMJJHPFFFA57CA,仁愛段四小段,3.48,都市：住,10000,100,持分移轉,03480001
RPUPMLSKKIOFFBA68DA,臨沂段二小段,27.68,都市：住,3660,283,持分移轉,02090000
RPPOMLMJJHPFFFA57CA,仁愛段四小段,1.84,都市：其他:道路用地,10000,100,持分移轉,03490000
RPWOMLQJJHPFFAA18CA,華興段三小段,30.52,都市：住,10000,233,持分移轉,02860000
RPRQMLRLKIOFFDA68DA,玉成段三小段,16.95,都市：商,20000,991,持分移轉,03290000
RPQPMLTKKIOFFCA38CA,碧湖段一小段,24.77,都市：住,65,1,持分移轉,03370000
RPUOMLTKKIOFFDA78CA,玉成段四小段,13.40,都市：住,5,1,持分移轉,06500000
RPUOMLTKKIOFFDA78CA,玉成段四小段,1.80,都市：其他:道路用地(公共設施用地),5,1,持分移轉,06500001
RPRNMLTKKIOFFAA08CA,政大段三小段,34.59,都市：住,10000,214,持分移轉,01610001
RPRPMLKMKIOFFBA77DA,雙連段二小段,4.02,都市：商,100000,889,持分移轉,00480000
RPRPMLKMKIOFFBA77DA,雙連段二小段,.46,都市：住,100000,429,持分移轉,00580001
RPRNMLSKKIOFFBA18DA,雙連段二小段,9.60,都市：商,100000,2814,持分移轉,07520000
RPQRMLOLKHPFFCA18CA,長安段二小段,.15,都市：商,100000,10,持分移轉,07110000
RPRNMLLMJHPFFDA67CA,虎林段四小段,13.19,都市：住,20000,15,持分移轉,03050000
RPUOMLTKKIOFFAA48CA,景美段一小段,15.38,都市：住,10000,60,持分移轉,06760000
RPPPMLOLKHPFFCA87CA,長安段二小段,50.89,都市：商,100000,3457,持分移轉,07110000
RPXPMLRLKIOFFCA98CA,中山段一小段,19.94,都市：商,100000,1282,持分移轉,06650000
RPSOMLTKKIOFFAA28CA,永昌段四小段,26.31,都市：住,29780,49,持分移轉,06310000
RPSOMLTKKIOFFAA28CA,永昌段四小段,.01,都市：其他:道路(公共設施用地),29780,49,持分移轉,06310001
RPVOMLTKKIOFFBA68CA,圓環段三小段,6.23,都市：商,10000,60,持分移轉,03140000
RPUPMLSJJHPFFCA48CA,康寧段四小段,42.88,都市：住,8,1,持分移轉,02560002
RPRNMLLLKIOFFAA47DA,興泰段一小段,459.00,都市：住,1,1,全筆移轉,01390000
RPXOMLTKKIOFFBA88CA,漢中段三小段,11.55,都市：商,10000,277,持分移轉,01780000
RPPNMLTKKIOFFBA97CA,龍山段一小段,15.15,都市：商,10000,133,持分移轉,02260000
RPPNMLLMKIOFFCA57DA,潭美段五小段,74.48,都市：住,10000,225,持分移轉,00600000
RPWOMLNLKIOFFBA28CA,雙連段一小段,15.94,都市：住,10000,56,持分移轉,06810000
RPOOMLNLKIOFFDA67CA,福德段三小段,1.80,都市：住,100000,117,持分移轉,04090000
RPQOMLSKKIOFFDA28CA,虎林段一小段,27.00,都市：住,1809570,72600,持分移轉,05770000
RPWNMLRJJHPFFAA18CA,實踐段一小段,33.32,都市：住,10000,831,持分移轉,05280000
RPOQMLTKKIOFFDA38CA,美仁段一小段,38.25,都市：住,4,1,持分移轉,01210000
RPWNMLPLKIOFFFA78CA,龍泉段一小段,7.26,都市：商,10000,295,持分移轉,10650000
RPUOMLSKKIOFFAA38CA,河堤段三小段,25.50,都市：住,4,1,持分移轉,02680000
RPSNMLTKKIOFFEA58CA,天山段二小段,36.34,都市：住,10000,480,持分移轉,00120000
RPUOMLSKKIOFFAA38CA,河堤段三小段,1.25,都市：其他:道路用地,4,1,持分移轉,02680001
RPOOMLTKKIOFFFA38CA,瑞安段二小段,6.29,都市：住,10000,1085,持分移轉,06590000
RPOOMLTKKIOFFFA38CA,瑞安段二小段,8.03,都市：住,10000,1085,持分移轉,06600000
RPOOMLTKKIOFFFA38CA,瑞安段二小段,9.55,都市：住,10000,1085,持分移轉,06610000
RPUOMLSKKIOFFDA68CA,民生段,34.10,都市：住,10,1,持分移轉,00470033
RPWPMLKKJHPFFDA08CA,永吉段三小段,171.00,都市：住,1,1,全筆移轉,03080000
RPTNMLQLKIOFFDA38CA,雅祥段一小段,20.00,都市：住,5,1,持分移轉,03710000
RPUNMLTKKIOFFEA78CA,三玉段二小段,13.07,都市：商,10000,106,持分移轉,00890000
RPUNMLTKKIOFFEA78CA,三玉段二小段,7.32,都市：商,10000,106,持分移轉,00890001
RPSNMLKLKIOFFAA37CA,興泰段三小段,28.07,都市：住,10000,545,持分移轉,00210000
RPSPMLTKKIOFFCA58CA,石潭段四小段,44.68,都市：住,100000,2214,持分移轉,01480000
RPSPMLTKKIOFFCA58CA,石潭段四小段,20.99,都市：住,100000,2214,持分移轉,01530000
RPOOMLTKKIOFFAA87CA,南海段二小段,1.08,都市：商,10000,114,持分移轉,01720000
RPOOMLTKKIOFFAA87CA,南海段二小段,5.31,都市：商,10000,114,持分移轉,02050000
RPXOMLPLKIOFFBA58CA,玉泉段二小段,.23,都市：商,10000,8,持分移轉,03450000
RPQNMLSLKIOFFAA08DA,永昌段四小段,18.11,都市：住,10000,378,持分移轉,00160000
RPQNMLSLKIOFFAA08DA,永昌段四小段,.11,都市：住,10000,378,持分移轉,00170002
RPPOMLPLKIOFFDA97CA,信義段一小段,28.00,都市：商,4,1,持分移轉,01210000
RPXOMLPLKIOFFBA58CA,玉泉段二小段,.02,都市：商,10000,8,持分移轉,03460000
RPQNMLSLKIOFFAA08DA,永昌段四小段,1.66,都市：住,10000,378,持分移轉,00180000
RPXOMLPLKIOFFBA58CA,玉泉段二小段,.02,都市：商,10000,8,持分移轉,03470000
RPXOMLPLKIOFFBA58CA,玉泉段二小段,.24,都市：商,10000,8,持分移轉,03480000
RPXOMLPLKIOFFBA58CA,玉泉段二小段,.10,都市：商,10000,136,持分移轉,03510000
RPXOMLPLKIOFFBA58CA,玉泉段二小段,1.26,都市：商,10000,136,持分移轉,03520000
RPPOMLQJJHPFFDA77CA,三興段三小段,89.00,都市：住,1,1,全筆移轉,02040000
RPWOMLTKKIOFFCA88CA,吉林段三小段,25.50,都市：住,4,1,持分移轉,03520000
RPWTMLRLKIOFFCA76DA,康寧段三小段,14.93,都市：住,10000,38,持分移轉,01560000
RPRNMLPJKHPFFBA67CA,青年段二小段,1.81,都市：住,7915,57,持分移轉,00050000
RPRNMLPJKHPFFBA67CA,青年段二小段,9.55,都市：住,7915,57,持分移轉,00050001
RPTNMLKLKIOFFDA77CA,雅祥段二小段,13.60,都市：商,10000,277,持分移轉,00390000
RPQNMLQLKIOFFEA18CA,芝蘭段一小段,9.74,都市：住,10000,93,持分移轉,01750000
RPQNMLQLKIOFFEA18CA,芝蘭段一小段,.25,都市：住,10000,93,持分移轉,01760000
RPQNMLQLKIOFFEA18CA,芝蘭段一小段,1.38,都市：住,10000,93,持分移轉,01770000
RPQNMLQLKIOFFEA18CA,芝蘭段一小段,.02,都市：住,10000,93,持分移轉,01780000
RPQNMLQLKIOFFEA18CA,芝蘭段一小段,26.66,都市：住,10000,84,持分移轉,01790000
RPOPMLTKKIOFFEA38CA,文林段三小段,9.95,都市：住,10000,298,持分移轉,02710000
RPVNMLPLKIOFFDA48CA,吳興段三小段,27.36,都市：住,10000,619,持分移轉,02270000
RPOQMLOLKIOFFCA97DA,正義段二小段,1.99,都市：商,10000,32,持分移轉,02210000
RPPNMLMLKIOFFDA67DA,西松段一小段,26.60,都市：住,5,1,持分移轉,00440048
RPPNMLMLKIOFFDA67DA,西松段一小段,4.40,都市：住,5,1,持分移轉,00440160
RPQNMLMLKIOFFEA87DA,行義段三小段,12.91,都市：住,10000,83,持分移轉,02590000
RPOOMLKLKIOFFEA47CA,三玉段二小段,22.48,都市：住,10000,149,持分移轉,07300000
RPUOMLKMKIOFFDA08CA,玉成段三小段,41.35,都市：住,10000,119,持分移轉,07200000
RPVOMLNLKIOFFBA18CA,臨沂段三小段,39.88,都市：住,8,1,持分移轉,03290000
RPTNMLPLKIOFFBA08CA,福星段二小段,16.38,都市：商,10000,206,持分移轉,03910000
RPQPMLKLKIOFFDA77DA,雅祥段一小段,14.99,都市：住,10000,993,持分移轉,00270002
RPQPMLKLKIOFFDA77DA,雅祥段一小段,2.68,都市：住,10000,993,持分移轉,00270006
RPQPMLKLKIOFFDA77DA,雅祥段一小段,12.51,都市：住,10000,993,持分移轉,00280002
RPRPMLTKKIOFFEA68CA,天山段一小段,65.59,都市：住,10000,760,持分移轉,02860000
RPSNMLNLKIOFFEA18DA,桃源段五小段,1.56,都市：住,1024,1,持分移轉,02360000
RPSNMLNLKIOFFEA18DA,桃源段五小段,.37,都市：其他:道路用地,1024,1,持分移轉,02370000
RPSNMLNLKIOFFEA18DA,桃源段五小段,1.36,都市：住,1024,1,持分移轉,02380000
RPSNMLNLKIOFFEA18DA,桃源段五小段,.05,都市：其他:道路用地,1024,1,持分移轉,02390000
RPRQMLKLKIOFFCA77CA,碧湖段二小段,36.99,都市：住,10000,91,持分移轉,05050000
RPQOMLQLKIOFFBA97CA,圓環段三小段,.03,都市：商,10000,1,持分移轉,04180000
RPQQMLTKKIOFFCA48CA,北安段三小段,9.17,都市：住,100000,720,持分移轉,02670000
RPQQMLTKKIOFFCA48CA,北安段三小段,7.41,都市：住,100000,720,持分移轉,02670001
RPOPMLNLKIOFFCA67CA,潭美段三小段,14.32,都市：工,100000,245,持分移轉,05420000
RPTRMLTKKIOFFCA88CA,石潭段四小段,31.39,都市：其他:第三種住宅區。,10000,309,持分移轉,00030000
RPUQMLKLKIOFFCA08CA,西湖段一小段,46.00,都市：工,280,46,持分移轉,09470000
RPUQMLKLKIOFFCA08CA,西湖段一小段,1.10,都市：工,7200000,967,持分移轉,09480000
RPTPMLTKKIOFFEA88CA,三玉段五小段,42.99,都市：住,10000,1093,持分移轉,07720000
RPSOMLQLKIOFFCA38DA,榮星段三小段,51.57,都市：住,10000,1070,持分移轉,05810000
RPWOMLTKKIOFFFA66DA,辛亥段六小段,16.25,都市：住,8,1,持分移轉,00240007
RPTNMLNLKIOFFCA08DA,正義段一小段,5.65,都市：商,10655,110,持分移轉,01070000
RPOOMLOLKIOFFFA08DA,龍泉段二小段,20.36,都市：住,10000,690,持分移轉,00780000
RPXPMLOLKIOFFBA58CA,雙連段二小段,.12,都市：商,8,1,持分移轉,03010000
RPXPMLOLKIOFFBA58CA,雙連段二小段,22.88,都市：住,8,1,持分移轉,03010002
RPVQMLKMKIOFFCA28CA,長春段二小段,28.00,都市：商,4,1,持分移轉,03440000
RPOPMLTKKIOFFDA28CA,寶清段七小段,7.21,都市：商,100000,636,持分移轉,01320000
RPUPMLOLKIOFFEA58CA,天母段四小段,79.34,都市：住,10000,246,持分移轉,02930000
RPUOMLPLKIOFFFA68CA,大安段三小段,12.25,都市：商,10000,325,持分移轉,04200000
RPWPMLRJJHPFFCA58CA,西湖段一小段,49.31,都市：住,10000,153,持分移轉,00520012
RPSRMLKMKIOFFCA08CA,康寧段三小段,14.93,都市：住,10000,38,持分移轉,01560000
RPUNMLMLKIOFFDA08CA,三興段三小段,8.20,都市：商,100000,566,持分移轉,05630000
RPSPMLKLKIOFFCA77CA,碧湖段三小段,33.26,都市：住,3000,60,持分移轉,05390000
RPSPMLOKJHPFFEA18CA,三合段,48.60,都市：住,100000,1900,持分移轉,00740000
RPUNMLMLKIOFFDA08CA,三興段三小段,.18,都市：住,100000,1357,持分移轉,05630003
RPUNMLMLKIOFFDA08CA,三興段三小段,.39,都市：住,100000,400,持分移轉,05770000
RPPOMLKLJHPFFBA17CA,龍山段一小段,11.92,都市：商,48,4,持分移轉,04920000
RPPOMLKLJHPFFBA17CA,龍山段一小段,2.42,都市：其他:道路用地,48,4,持分移轉,04920001
RPWNMLRLKIOFFEA88CA,三合段,57.54,都市：住,100000,3460,持分移轉,00210000
RPPOMLNLKIOFFEA87CA,蘭雅段一小段,16.13,都市：工,10000,49,持分移轉,06430000
RPQPMLQLKIOFFEA38CA,行義段三小段,14.07,都市：住,10000,51,持分移轉,02800000
RPQNMLNJJHPFFCA37CA,康寧段三小段,17.43,都市：其他:市場用地,100000,421,持分移轉,02670001
RPWNMLQLKIOFFCA58CA,榮星段二小段,25.70,都市：商,100000,2059,持分移轉,06780000
RPWNMLQLKIOFFCA58CA,榮星段二小段,8.57,都市：商,100000,2059,持分移轉,06790002
RPRRMLKMJHPFFCA87CA,西湖段二小段,20.95,都市：住,150000,1424,持分移轉,03310000
RPSPMLKKJHPFFCA67DA,吉林段三小段,1.79,都市：商,10000,19,持分移轉,09190000
RPWNMLQLKIOFFEA88DA,百齡段六小段,27.94,都市：住,36,2,持分移轉,03450000
RPUOMLKLKIOFFDA97CA,敦化段五小段,16.46,都市：住,33720,262,持分移轉,00110000
RPTNMLSLKIOFFFA88DA,仁愛段四小段,1.32,都市：其他:敦化南北路特定專用區,56200,65,持分移轉,00130000
RPTNMLSLKIOFFFA88DA,仁愛段四小段,.63,都市：其他:敦化南北路特定專用區,56200,65,持分移轉,00140000
RPVPMLMKKHPFFCA28DA,康寧段三小段,.52,都市：住,10000,60,持分移轉,05500001
RPVPMLMKKHPFFCA28DA,康寧段四小段,13.88,都市：住,10000,60,持分移轉,00380000
RPVPMLMKKHPFFCA28DA,康寧段四小段,.05,都市：其他:公園用地(公共設施用地)【63/1/5】,10000,60,持分移轉,00380001
RPVPMLMKKHPFFCA28DA,康寧段四小段,.04,都市：其他:公園用地(公共設施用地)【63/1/5】,10000,60,持分移轉,00380002
RPRQMLQJJHPFFCA08CA,金泰段,88.98,都市：其他:娛樂區(供娛樂購物中心使用，不得作住宅使用)。,100000,1343,持分移轉,00160004
RPOQMLOLKIOFFBA77CA,雙連段二小段,20.12,都市：住,48,6,持分移轉,03020000
RPPPMLOLKIOFFCA87CA,東湖段七小段,27.16,都市：住,10000,120,持分移轉,00590000
RPSRMLTKKIOFFCA78CA,中山段一小段,8.07,都市：商,10000,246,持分移轉,01850000
RPOPMLTKKIOFFAA08DA,興安段一小段,104.00,都市：住,1,1,全筆移轉,06270000
RPURMLTKKIOFFCA98CA,中山段二小段,8.57,都市：商,10000,306,持分移轉,00850000
RPQOMLKLKIOFFCA47CA,榮星段四小段,7.07,都市：住,600000,4784,持分移轉,07650000
RPQOMLKLKIOFFCA47CA,榮星段四小段,2.64,都市：住,600000,4784,持分移轉,07650006
RPSNMLNLKIOFFCA97DA,長春段二小段,20.62,都市：住,10000,3222,持分移轉,02660000
RPSNMLNLKIOFFCA97DA,長春段二小段,16.52,都市：住,10000,1094,持分移轉,02680000
RPWQMLOLKIOFFCA78DA,德惠段四小段,3.32,都市：商,10000,30,持分移轉,05770000
RPQOMLKLKIOFFDA57CA,延吉段三小段,44.70,都市：住,40,2,持分移轉,01810000
RPSPMLTKKIOFFEA78CA,芝山段二小段,16.62,都市：住,20000,281,持分移轉,08770000
RPSNMLSLKIOFFDA48CA,永吉段二小段,24.10,都市：住,10,1,持分移轉,01550000
RPSNMLSLKIOFFDA48CA,永吉段二小段,10.00,都市：其他:道路用地,2,1,持分移轉,01580000
RPTNMLKLKIOFFAA47CA,福和段二小段,22.59,都市：住,3097960,6834,持分移轉,00770000
RPTNMLKLKIOFFAA47CA,福和段二小段,.06,都市：其他:道路用地,3097960,6834,持分移轉,00770001
RPTNMLKLKIOFFAA47CA,福和段二小段,.01,都市：其他:道路用地,3097960,6834,持分移轉,00770002
RPQNMLLMKIOFFCA67DA,碧湖段一小段,17.05,都市：住,10000,138,持分移轉,07480000
RPQNMLPJKHPFFFA97CA,復興段一小段,15.58,都市：商,100000,1219,持分移轉,04620000
RPQNMLPJKHPFFFA97CA,復興段一小段,.12,都市：商,100000,19,持分移轉,04620001
RPTNMLNLKIOFFAA87DA,萬慶段二小段,26.00,都市：住,4,1,持分移轉,04240000
RPPNMLLLKIOFFEA67DA,芝山段一小段,31.72,都市：住,10000,448,持分移轉,09040000
RPVOMLOLKIOFFCA48DA,康寧段三小段,17.43,都市：其他:市場用地(公共設施用地),100000,421,持分移轉,02670001
RPWPMLNLKIOFFCA58DA,碧湖段二小段,20.09,都市：住,10000,22,持分移轉,05290000
RPPNMLNKJHPFFBA27CA,福星段四小段,14.00,都市：商,4,1,持分移轉,03530000
RPXPMLQKJHPFFCA68CA,長安段一小段,8.08,都市：商,94000,808,持分移轉,05690000
RPSPMLLMKIOFFDA08CA,中南段四小段,22.00,都市：住,4,1,持分移轉,10020000
RPPPMLTKKIOFFEA48CA,振興段一小段,38.47,都市：住,10000,155,持分移轉,03940000
RPPPMLTKKIOFFEA48CA,振興段一小段,.05,都市：其他:道路用地(公共設施用地),10000,155,持分移轉,03940001
RPSOMLKLKIOFFAA57DA,萬慶段一小段,42.00,都市：住,8,1,持分移轉,00550000
RPSNMLOLKIOFFAA77CA,南海段四小段,.25,都市：其他:道路地,8,1,持分移轉,04530000
RPSNMLOLKIOFFAA77CA,南海段四小段,16.25,都市：住,8,1,持分移轉,04540000
RPSNMLOLKIOFFAA77CA,南海段四小段,1.00,都市：其他:道路地,8,1,持分移轉,04550000
RPXOMLNLKIOFFEA68CA,三合段,44.36,都市：住,100000,1589,持分移轉,00050000
RPQPMLKMKIOFFDA87DA,民生段,6.73,都市：商,681200,673,持分移轉,00620002
RPVNMLKLKIOFFFA28DA,懷生段三小段,44.00,都市：住,1,1,全筆移轉,01380000
RPVNMLKLKIOFFFA28DA,懷生段三小段,6.00,都市：其他:道路用地(公共設施用地),1,1,全筆移轉,01380001
RPXNMLKLKIOFFAA87CA,南海段五小段,24.45,都市：住,12700000,2587625,持分移轉,01910000
RPXNMLKLKIOFFAA87CA,南海段五小段,1.43,都市：其他:道路用地,12700000,2587625,持分移轉,01910001
RPSNMLRLKIOFFCA28CA,長安段四小段,2.51,都市：商,10000,62,持分移轉,04410000
RPSQMLRLKIOFFDA78DA,吳興段二小段,12.12,都市：住,10000,241,持分移轉,07910005
RPXOMLOLKIOFFCA58CA,榮星段三小段,20.94,都市：商,10000,40,持分移轉,05980000
RPQPMLNJKHPFFCA67CA,德惠段四小段,1.02,都市：商,4100000,3775,持分移轉,05770000
RPOPMLKMKIOFFBA37CA,青年段一小段,47.50,都市：住,100000,373,持分移轉,00860000
RPQOMLKMKIOFFAA47DA,永昌段六小段,10.00,都市：住,9950,100,持分移轉,00120000
RPSPMLNLKIOFFCA08CA,東湖段七小段,27.16,都市：住,10000,120,持分移轉,00590000
RPUNMLNLKIOFFDA18CA,南港段一小段,28.59,都市：住,1000000,7045,持分移轉,03840000
RPPNMLKLKIOFFFA57CA,仁愛段六小段,44.75,都市：住,4,1,持分移轉,04720000
RPTNMLRLKIOFFAA18CA,萬芳段三小段,12.23,都市：住,10000,75,持分移轉,09250000
RPTNMLRLKIOFFAA18CA,萬芳段三小段,.36,都市：其他:道路用地,10000,75,持分移轉,09260000
RPQOMLRJJHPFFCA87CA,文德段五小段,1100.34,都市：其他:科技工業區,1,1,全筆移轉,02400000
RPWNMLOLKIOFFDA48CA,民生段,4.49,都市：商,681200,449,持分移轉,00620002
RPSPMLOLKIOFFCA18CA,德惠段四小段,6.64,都市：商,10000,222,持分移轉,02800000
RPWNMLSJJHPFFBA38CA,臨沂段三小段,1.35,都市：住,800,3,持分移轉,02350000
RPPNMLSLKIOFFFA38CA,學府段四小段,11.25,都市：住,10000,55,持分移轉,00700000
RPPOMLKLKIOFFAA17CA,南海段三小段,25.02,都市：住,10000,2383,持分移轉,08140000
RPPQMLRKLHPFFCA28CA,德惠段三小段,19.26,都市：住,10000,918,持分移轉,03030000
RPRNMLTLKIOFFBA38DA,臨沂段二小段,17.35,都市：住,40,2,持分移轉,01490000
RPRNMLTLKIOFFBA38DA,臨沂段二小段,.20,都市：其他:道路用地(公共設施用地),40,2,持分移轉,01490001
RPSPMLNLKIOFFDA18CA,敦化段三小段,1.87,都市：住,10000,10,持分移轉,01050000
RPSRMLKLKIOFFCA97CA,中山段二小段,11.80,都市：商,10000,570,持分移轉,01600000
RPVNMLTJJHPFFFA78CA,金華段四小段,10.22,都市：住,100000,3440,持分移轉,01340000
RPPNMLPJJHPFFAA37DA,實踐段一小段,40.05,都市：住,50000,1710,持分移轉,06150000
RPRRMLRJJHPFFCA28CA,碧湖段四小段,.60,都市：住,100000,20,持分移轉,10250000
RPRRMLRJJHPFFCA28CA,碧湖段四小段,.36,都市：住,100000,20,持分移轉,10250002
RPUNMLLLKIOFFCA97DA,碧湖段二小段,12.78,都市：住,10000,14,持分移轉,05290000
RPTOMLTJJHPFFBA28CA,龍山段二小段,17.50,都市：商,636,105,持分移轉,00190000
RPTOMLTJJHPFFBA28CA,龍山段二小段,3.50,都市：商,120,21,持分移轉,00200000
RPQPMLQLKIOFFDA28CA,民生段,14.76,都市：商,10000,15,持分移轉,00440000
RPPPMLOKJHPFFBA57CA,玉泉段二小段,15.86,都市：商,10000,362,持分移轉,03770000
RPTOMLOLKIOFFBA08CA,福星段四小段,1.99,都市：商,10000,18,持分移轉,02080000
RPWNMLKLKIOFFBA87CA,華江段三小段,10.51,都市：其他:特定專用區(二),12455,39,持分移轉,05050009
RPRNMLOLKIOFFFA18CA,瑞安段二小段,28.78,都市：其他:第三種住宅區。,1000,181,持分移轉,07190000
RPVNMLPJJHPFFDA18CA,西松段一小段,14.02,都市：住,17973,60,持分移轉,00090005
RPPPMLNJJHPFFBA37CA,城中段一小段,6.24,都市：商,10000,94,持分移轉,05310000
RPPPMLOLKIOFFFA28DA,仁愛段三小段,28.62,都市：住,10000,157,持分移轉,01340000
RPVNMLRLKIOFFBA48CA,臨沂段二小段,7.65,都市：住,10000,575,持分移轉,00760000
RPVNMLRLKIOFFBA48CA,臨沂段二小段,.17,都市：其他:道路用地,10000,575,持分移轉,00760001
RPVNMLRLKIOFFBA48CA,臨沂段二小段,.46,都市：住,10000,575,持分移轉,00760002
RPQOMLNLKIOFFDA87CA,三興段二小段,34.50,都市：住,4,1,持分移轉,05980000
RPOQMLNLKIOFFCA87DA,西湖段四小段,55.67,都市：其他:科技工業區,10000,166,持分移轉,01260000
RPTPMLNLKIOFFDA28CA,敦化段二小段,11.84,都市：商,25920,533,持分移轉,02470000
RPSNMLNLKIOFFDA97CA,向陽段,14.12,都市：商,40000,894,持分移轉,00130000
RPXPMLKKJHPFFDA18CA,寶清段二小段,12.74,都市：商,10000,470,持分移轉,03790000
RPVNMLPLKIOFFCA38CA,康寧段三小段,1.28,都市：住,10000,2,持分移轉,04910000
RPRQMLNLKIOFFCA18DA,榮星段三小段,8.16,都市：商,10000,91,持分移轉,05910000
RPRQMLNLKIOFFCA18DA,榮星段三小段,9.83,都市：住,10000,91,持分移轉,05910003
RPSNMLSLKIOFFAA28DA,興隆段三小段,20.62,都市：住,100000,928,持分移轉,02250000
RPWNMLRLKIOFFAA48CA,永昌段四小段,39.00,都市：住,474,39,持分移轉,06150000
RPUQMLRJJHPFFCA48CA,碧湖段四小段,30.80,都市：住,100000,1024,持分移轉,10250000
RPUQMLRJJHPFFCA48CA,碧湖段四小段,18.69,都市：住,100000,1024,持分移轉,10250002
RPROMLRLKIOFFCA28CA,正義段一小段,14.09,都市：商,10000,316,持分移轉,00400000
RPSNMLKLKIOFFEA87DA,三玉段五小段,45.17,都市：住,1000,92,持分移轉,04750000
RPOOMLQJJHPFFAA47DA,萬慶段二小段,15.75,都市：住,8,1,持分移轉,06120000
RPOOMLQJJHPFFAA47DA,萬慶段二小段,.33,都市：住,12,1,持分移轉,05990000
RPQOMLOLKIOFFAA77DA,公訓段二小段,24.54,都市：住,10000,288,持分移轉,04740000
RPRRMLNJJHPFFCA87CA,大湖段二小段,33.51,都市：其他:市場用地(公共設施用地),1000000,17506,持分移轉,01820000
RPTRMLRJJHPFFCA48CA,碧湖段四小段,.60,都市：住,100000,20,持分移轉,10250000
RPTRMLRJJHPFFCA48CA,碧湖段四小段,.36,都市：住,100000,20,持分移轉,10250002
RPTRMLKLKIOFFCA08CA,東湖段二小段,28.91,都市：住,21000,102,持分移轉,00210000
RPOPMLNJJHPFFBA27CA,城中段一小段,9.16,都市：商,10000,138,持分移轉,05310000
RPWOMLKMKIOFFCA18CA,潭美段五小段,15.90,都市：其他:工商混合區,10000,66,持分移轉,00110000
RPWOMLKMKIOFFCA18CA,潭美段五小段,16.89,都市：其他:工商混合區,10000,66,持分移轉,00120001
RPXOMLNLKIOFFBA38CA,漢中段三小段,3.94,都市：商,100000,106,持分移轉,08160000
RPWNMLOLKIOFFEA58CA,桃源段四小段,21.85,都市：住,10000,89,持分移轉,02770000
RPWNMLOLKIOFFEA58CA,桃源段四小段,.69,都市：住,10000,89,持分移轉,02770001
RPROMLKMKIOFFFA08DA,辛亥段六小段,18.20,都市：住,15,3,持分移轉,00390002
RPPPMLNJKHPFFCA57CA,北安段三小段,317.00,都市：住,10000,2000,持分移轉,05020000
RPQNMLKMKIOFFBA37CA,華江段三小段,17.20,都市：其他:專用特定區,23240,172,持分移轉,05050003
RPTOMLOLKIOFFFA48CA,懷生段二小段,37.00,都市：住,1,1,全筆移轉,05060000
RPTOMLOLKIOFFFA48CA,懷生段二小段,67.00,都市：住,1,1,全筆移轉,05060001
RPURMLKLKIOFFCA18CA,中山段一小段,3.74,都市：商,10000,26,持分移轉,04800000
RPSNMLPLKIOFFAA87CA,實踐段二小段,29.26,都市：住,10000,286,持分移轉,05050000
RPPOMLOLKIOFFAA57CA,福和段二小段,22.59,都市：住,1548980,3417,持分移轉,00770000
RPPOMLOLKIOFFAA57CA,福和段二小段,.06,都市：其他:道路用地(公共設施用地)(公地撥用)。【93/7/16】,1548980,3417,持分移轉,00770001
RPPOMLOLKIOFFAA57CA,福和段二小段,.01,都市：其他:道路用地(公共設施用地)(公地撥用)。【69/7/17】,1548980,3417,持分移轉,00770002
RPQNMLLJJHPFFEA37CA,立農段三小段,7.75,都市：住,8,1,持分移轉,01260000
RPQNMLLJJHPFFEA37CA,立農段三小段,3.62,都市：住,8,1,持分移轉,01280001
RPWNMLKLJHPFFDA97CA,祥和段二小段,5.98,都市：商,10000,323,持分移轉,00260000
RPWNMLKLJHPFFDA97CA,祥和段二小段,4.33,都市：商,10000,323,持分移轉,00230001
RPWNMLKLJHPFFDA97CA,祥和段二小段,4.04,都市：商,10000,323,持分移轉,00240000
RPRNMLOLKIOFFDA97CA,祥和段三小段,38.12,都市：住,180000,1158,持分移轉,03680000
RPPOMLOLKIOFFBA67CA,青年段一小段,12.06,都市：商,16460,117,持分移轉,01430000
RPUOMLLMKIOFFCA08CA,中山段一小段,7.27,都市：商,10000,85,持分移轉,08390000
RPPPMLNJJHPFFCA47CA,西湖段二小段,41.47,都市：住,10000,784,持分移轉,03220000
RPQNMLPJJHPFFDA67CA,雅祥段一小段,21.20,都市：住,5,1,持分移轉,01710000
RPQNMLPJJHPFFDA67CA,雅祥段一小段,4.20,都市：住,5,1,持分移轉,01750000
RPXOMLQLKIOFFDA98DA,逸仙段三小段,5.79,都市：商,19606,30,持分移轉,00320000
RPXOMLQLKIOFFDA98DA,逸仙段三小段,.31,都市：住,19606,30,持分移轉,00320005
RPXOMLQLKIOFFDA98DA,逸仙段三小段,2.02,都市：住,19606,30,持分移轉,00440000
RPVOMLQJJHPFFAA08CA,華興段三小段,33.80,都市：住,10000,258,持分移轉,02860000
RPWPMLOLKIOFFBA48CA,城中段一小段,3.91,都市：商,10000,98,持分移轉,06910000
RPUOMLOKJHPFFEA38DA,桃源段二小段,40.30,都市：住,100000,1263,持分移轉,02100000
RPPNMLLMKIOFFBA37CA,華江段二小段,10.36,都市：住,9600,110,持分移轉,00220000
RPPNMLLMKIOFFBA37CA,華江段二小段,3.64,都市：住,9600,110,持分移轉,00220001
RPSNMLOLKIOFFCA97CA,碧湖段一小段,.04,都市：住,10000,94,持分移轉,08120000
RPSNMLOLKIOFFCA97CA,碧湖段一小段,26.53,都市：住,10000,94,持分移轉,08120015
RPSNMLOLKIOFFCA97CA,碧湖段一小段,.44,都市：住,10000,94,持分移轉,08320000
RPSNMLOLKIOFFCA97CA,碧湖段一小段,7.12,都市：住,10000,94,持分移轉,08350000
RPQOMLKMKIOFFCA57CA,潭美段四小段,28.00,都市：住,10000,174,持分移轉,04680000
RPRNMLOLKIOFFCA87CA,石潭段四小段,113.11,都市：住,16,1,持分移轉,03010000
RPQNMLOLKIOFFFA08CA,復興段一小段,37.15,都市：住,6200,138,持分移轉,03830000
RPSPMLSJJHPFFCA28CA,文德段三小段,35.61,都市：住,64669,1152,持分移轉,04440008
RPXNMLRKJHPFFAA38CA,政大段一小段,.87,都市：住,400000,108,持分移轉,00090000
RPROMLOLKIOFFBA87CA,直興段三小段,11.68,都市：商,44900,1168,持分移轉,03860000
RPVOMLNLKIOFFEA48CA,大業段四小段,7.77,都市：工,100000,198,持分移轉,05600000
RPUOMLRKJHPFFAA18CA,政大段一小段,.87,都市：住,400000,108,持分移轉,00090000
RPXOMLQLKIOFFAA58CA,公訓段三小段,6.41,都市：住,10000,164,持分移轉,02660001
RPXOMLQLKIOFFAA58CA,萬芳段三小段,3.18,都市：住,10000,164,持分移轉,00820000
RPXOMLQLKIOFFAA58CA,萬芳段三小段,182.94,都市：住,10000,164,持分移轉,00910000
RPPQMLRLKIOFFDA48DA,犂和段二小段,18.98,都市：住,10000,210,持分移轉,03460000
RPPQMLRLKIOFFDA48DA,犂和段二小段,10.42,都市：住,10000,100,持分移轉,03470000
RPSNMLOLKIOFFDA08CA,寶清段二小段,11.96,都市：商,30000,375,持分移轉,01980000
RPPQMLKLJHPFFEA67CA,蘭雅段二小段,36.00,都市：商,5,1,持分移轉,02900010
RPPOMLRKJHPFFEA08CA,振興段一小段,4.38,都市：其他:道路用地(公共設施用地),8,1,持分移轉,04840000
RPQNMLLKJHPFFCA27CA,金泰段,96.39,都市：住,100000,3819,持分移轉,01130002
RPSOMLQLKIOFFAA08CA,興隆段三小段,31.36,都市：住,100,4,持分移轉,03080000
RPTNMLLMKIOFFFA18CA,大安段三小段,7.28,都市：其他:敦化南北路特定專用區,10000,33,持分移轉,00020000
RPTNMLLMKIOFFFA18CA,大安段三小段,.12,都市：其他:敦化南北路特定專用區,100000,10,持分移轉,00140000
RPTNMLLMKIOFFFA18CA,大安段三小段,.02,都市：其他:敦化南北路特定專用區,100000,10,持分移轉,00240001
RPVNMLTJJHPFFEA68CA,福林段三小段,29.20,都市：住,5,1,持分移轉,03560000
RPQNMLKMKIOFFDA57CA,經貿段,52.73,都市：住,10000,84,持分移轉,00240000
RPSNMLMJJHPFFCA47CA,吉林段三小段,6.75,都市：商,10000,83,持分移轉,10550000
RPROMLQLKIOFFEA38CA,崇仰段三小段,18.34,都市：住,10000,209,持分移轉,02020000
RPXQMLOLKIOFFCA78CA,西湖段一小段,.72,都市：住,10000,258,持分移轉,03780012
RPXQMLOLKIOFFCA78CA,西湖段一小段,18.29,都市：住,10000,258,持分移轉,03780007
RPWNMLKLJHPFFFA18CA,學府段一小段,.46,都市：商,10000,54,持分移轉,00090000
RPWNMLKLJHPFFFA18CA,學府段一小段,.53,都市：商,10000,54,持分移轉,00100000
RPWNMLKLJHPFFFA18CA,學府段一小段,.79,都市：商,10000,54,持分移轉,00040000
RPWNMLKLJHPFFFA18CA,學府段一小段,.39,都市：商,10000,54,持分移轉,00050000
RPWNMLKLJHPFFFA18CA,學府段一小段,.58,都市：商,10000,54,持分移轉,00060000
RPWNMLKLJHPFFFA18CA,學府段一小段,.35,都市：商,10000,54,持分移轉,00080000
RPSOMLNKJHPFFDA97DA,玉成段三小段,29.33,都市：商,100000,194,持分移轉,05680000
RPURMLRLKIOFFCA88CA,中山段三小段,7.14,都市：商,10000,50,持分移轉,03120000
RPPNMLQJJHPFFEA77CA,芝山段一小段,23.96,都市：住,10000,144,持分移轉,01900000
RPQOMLOLKIOFFDA97CA,敦化段四小段,24.70,都市：住,47549,341,持分移轉,02870000
RPPNMLRLKIOFFDA08CA,經貿段,46.10,都市：住,100000,603,持分移轉,00350000
RPTNMLRKJHPFFFA48CA,復興段一小段,32.14,都市：其他:道路用地(公共設施用地),72,13,持分移轉,06290000
RPPNMLOLKIOFFDA77CA,永春段一小段,8.20,都市：其他:第三種住宅區。,10000,64,持分移轉,04550000
RPOPMLQLKIOFFAA87DA,景美段二小段,34.16,都市：住,21032,340,持分移轉,04000000
RPOPMLQLKIOFFAA87DA,景美段二小段,.03,都市：其他:道路用地(公共設施用地),21032,340,持分移轉,04000001
RPOPMLQLKIOFFAA87DA,景美段二小段,1.26,都市：住,21032,340,持分移轉,04010000
RPOPMLQLKIOFFAA87DA,景美段二小段,.05,都市：其他:道路用地(公共設施用地),21032,340,持分移轉,04010001
RPOPMLQLKIOFFAA87DA,景美段二小段,7.74,都市：住,21032,340,持分移轉,04020000
RPOPMLQLKIOFFAA87DA,景美段二小段,.02,都市：其他:道路用地(公共設施用地),21032,340,持分移轉,04020001
RPQNMLOLKIOFFDA87CA,敦化段四小段,5.55,都市：住,300000,2709,持分移轉,03090000
RPXPMLLMKIOFFEA78DA,天母段三小段,29.20,都市：住,4090,292,持分移轉,01880000
RPXNMLOLKIOFFAA28CA,河堤段二小段,3.16,都市：其他:交通用地(公共設施用地)。,100000,647,持分移轉,01760000
RPUOMLNLKIOFFEA38CA,蘭雅段二小段,26.50,都市：住,4,1,持分移轉,03520000
RPTOMLNLKIOFFEA28CA,光華段三小段,24.15,都市：商,10000,314,持分移轉,02300000
RPQOMLQLKIOFFCA08CA,榮星段四小段,3.71,都市：住,70,5,持分移轉,03000000
RPSPMLNJJHPFFCA77CA,吉林段四小段,10.62,都市：商,1000000,6312,持分移轉,06420000
RPQOMLQLKIOFFCA08CA,榮星段四小段,16.50,都市：住,20,5,持分移轉,03050000
RPQOMLQLKIOFFCA08CA,榮星段四小段,15.50,都市：住,20,5,持分移轉,03050001
RPVOMLQLKIOFFDA78DA,民生段,5.30,都市：商,100000,117,持分移轉,00530000
RPPQMLRJJHPFFDA18DA,永春段三小段,23.50,都市：住,1896,162,持分移轉,04110000
RPPQMLRJJHPFFDA18DA,永春段三小段,1.03,都市：其他:道路用地(公共設施用地),1896,162,持分移轉,04110001
RPPNMLPJJHPFFEA77DA,華岡段五小段,80.10,都市：住,81610,807,持分移轉,00970000
RPSOMLRLKIOFFAA28DA,公訓段三小段,49.88,都市：住,10000,28,持分移轉,02430000
RPSOMLRLKIOFFAA28DA,公訓段三小段,2.51,都市：住,10000,28,持分移轉,02430001
RPSOMLRLKIOFFAA28DA,公訓段三小段,.89,都市：住,10000,28,持分移轉,02430002
RPSNMLPLKIOFFDA18CA,新光段二小段,25.37,都市：住,38000,24,持分移轉,04090000
RPPNMLPLKIOFFFA08CA,仁愛段三小段,1.97,都市：住,100000,120,持分移轉,02790000
RPXOMLLMKIOFFBA28CA,大同段一小段,19.95,都市：商,5500,177,持分移轉,07600000
RPVPMLOLKIOFFBA48DA,大同段二小段,11.09,都市：商,10000,106,持分移轉,01120000
RPVPMLOLKIOFFBA48DA,大同段二小段,.92,都市：商,10000,106,持分移轉,01120001
RPRNMLPLKIOFFDA08CA,永春段三小段,21.83,都市：住,305097,9638,持分移轉,02370000
RPRNMLPLKIOFFDA08CA,永春段三小段,3.66,都市：住,305097,9638,持分移轉,02370001
RPRNMLPLKIOFFDA08CA,永春段三小段,.03,都市：其他:道路用地(公共設施用地),305097,9638,持分移轉,02370002
RPTPMLKLJHPFFFA18DA,龍泉段二小段,18.60,都市：商,5,1,持分移轉,00270001
RPTPMLKLJHPFFFA18DA,龍泉段二小段,.20,都市：其他:道路用地,5,1,持分移轉,00270003
RPUOMLLMKIOFFAA87CA,興隆段三小段,64.48,都市：住,100,13,持分移轉,02750000
RPPNMLPLKIOFFCA77CA,西湖段一小段,21.66,都市：住,10000,89,持分移轉,03770008
RPSNMLLMKIOFFFA08CA,懷生段二小段,11.11,都市：住,99643,85,持分移轉,02220000
RPOOMLSJJHPFFCA77CA,石潭段四小段,6.93,都市：商,100000,247,持分移轉,04230000
RPTRMLNJJHPFFCA18DA,長安段二小段,5.58,都市：住,80000,775,持分移轉,07050000
RPSNMLLMKIOFFFA08CA,懷生段二小段,8.47,都市：商,99643,85,持分移轉,02220007
RPTRMLNJJHPFFCA18DA,長安段二小段,1.83,都市：住,80000,775,持分移轉,07060000
RPPOMLSJJHPFFCA87CA,石潭段四小段,9.54,都市：商,100000,340,持分移轉,04230000
RPTRMLNJJHPFFCA18DA,長安段二小段,4.47,都市：商,80000,775,持分移轉,07070000
RPTRMLNJJHPFFCA18DA,長安段二小段,8.79,都市：商,80000,775,持分移轉,07080000
RPVOMLQLKIOFFAA38CA,政大段一小段,55.73,都市：住,20000,397,持分移轉,00700000
RPVOMLRJJHPFFCA48DA,吉林段四小段,6.76,都市：商,1000,20,持分移轉,07280000
RPVOMLQLKIOFFAA38CA,政大段一小段,55.73,都市：住,20000,397,持分移轉,00700000
RPVNMLKLJHPFFDA87CA,永吉段二小段,19.06,都市：商,10000,912,持分移轉,04120000
RPTOMLQLKIOFFDA48CA,西松段三小段,30.75,都市：住,4,1,持分移轉,01380000
RPVNMLKLJHPFFDA87CA,永吉段二小段,.27,都市：商,10000,912,持分移轉,04140000
RPUOMLQLKIOFFAA28CA,華興段二小段,27.40,都市：住,10,1,持分移轉,10150001
RPUOMLQLKIOFFAA28CA,華興段二小段,1.90,都市：住,10,1,持分移轉,10160001
RPWQMLLLJHPFFBA18CA,延平段二小段,.09,都市：其他:特定專用區(供河濱住宅使用)。,1,1,全筆移轉,03620000
RPSPMLOKJHPFFAA77CA,河堤段四小段,15.47,都市：商,100000,1633,持分移轉,05270000
RPWQMLLLJHPFFBA18CA,延平段二小段,2.00,都市：其他:道路用地(公共設施用地),1,1,全筆移轉,03620002
RPWQMLLLJHPFFBA18CA,延平段二小段,36.91,都市：其他:特定專用區(供特定住宅使用)。,1,1,全筆移轉,03620004
RPTOMLPLKIOFFCA28CA,長春段一小段,18.51,都市：住,74478,96,持分移轉,01740000
RPSPMLOKJHPFFAA77CA,河堤段四小段,2.32,都市：住,100000,1633,持分移轉,05280001
RPSOMLRJJHPFFFA48DA,懷生段二小段,12.05,都市：住,10000,23,持分移轉,05440000
RPSOMLRJJHPFFFA48DA,懷生段二小段,.01,都市：其他:道路用地,10000,23,持分移轉,05440006
RPTNMLRJJHPFFBA08DA,龍山段二小段,8.72,都市：商,10000,316,持分移轉,02160000
RPQNMLPLKIOFFBA77CA,臨沂段一小段,24.02,都市：其他:資訊產業專用區,1250,91,持分移轉,01060000
RPPNMLOJJHPFFFA67CA,仁愛段六小段,10.74,都市：商,10000,98,持分移轉,03970000
RPRNMLPLKIOFFCA97CA,正義段二小段,18.01,都市：商,10000,1209,持分移轉,01240000
RPPPMLPLKIOFFCA97CA,長安段一小段,23.40,都市：商,10,1,持分移轉,05590000
RPTPMLRLKIOFFDA78DA,南港段四小段,37.36,都市：住,10000,139,持分移轉,03420000
RPTSMLRJJHPFFCA58CA,西湖段二小段,.23,都市：住,10000,287,持分移轉,01620003
RPTSMLRJJHPFFCA58CA,西湖段二小段,.14,都市：其他:道路用地,10000,287,持分移轉,01620005
RPTSMLRJJHPFFCA58CA,西湖段二小段,31.74,都市：住,10000,287,持分移轉,01620001
RPVNMLQJJHPFFAA08DA,政大段二小段,23.04,都市：住,10000,251,持分移轉,05210000
RPPNMLPLKIOFFDA87CA,玉成段四小段,27.33,都市：住,3,1,持分移轉,06320000
RPPNMLPLKIOFFBA67CA,大同段一小段,22.15,都市：商,10000,188,持分移轉,01910000
RPPNMLPLKIOFFBA67CA,大同段一小段,.83,都市：商,10000,188,持分移轉,02060001
RPSNMLSJJHPFFEA28CA,桃源段一小段,20.55,都市：住,10000,283,持分移轉,05830000
RPSPMLPLKIOFFBA18CA,文昌段一小段,21.51,都市：住,10000,208,持分移轉,00610000
RPSPMLPLKIOFFBA18CA,文昌段一小段,.25,都市：住,10000,208,持分移轉,00610002
RPROMLRKJHPFFEA28CA,光華段三小段,11.80,都市：其他:道路用地(公共設施用地),10,2,持分移轉,00970000
RPROMLRKJHPFFEA28CA,光華段四小段,12.33,都市：其他:道路用地(公共設施用地),3,1,持分移轉,06630000
RPROMLRKJHPFFEA28CA,光華段四小段,14.00,都市：其他:道路用地(公共設施用地),3,1,持分移轉,06640000
RPROMLRKJHPFFEA28CA,陽明段四小段,92.29,都市：其他:道路用地(公共設施用地),180000,10468,持分移轉,02020000
RPQNMLNJJHPFFBA27CA,圓環段一小段,13.54,都市：商,100000,2105,持分移轉,05390000
RPXOMLLMKIOFFDA48CA,祥和段二小段,20.27,都市：商,10000,239,持分移轉,06520000
RPQNMLNJJHPFFBA27CA,圓環段一小段,7.39,都市：住,100000,2105,持分移轉,05400000
RPQPMLOLKIOFFEA28DA,百齡段六小段,2.73,都市：住,100,1,持分移轉,06640000
RPQPMLOLKIOFFEA28DA,百齡段六小段,32.40,都市：住,100,24,持分移轉,06660000
RPPOMLNJJHPFFFA77DA,金華段二小段,11.48,都市：住,10000,329,持分移轉,05590000
RPSNMLNJJHPFFEA87DA,開明段二小段,37.25,都市：住,4,1,持分移轉,04510000
RPXNMLPLKIOFFAA38CA,河堤段三小段,8.50,都市：其他:道路用地(公共設施用地),4,1,持分移轉,05480000
RPXNMLPLKIOFFAA38CA,河堤段三小段,52.00,都市：住,12,3,持分移轉,05490000
RPRPMLRLKIOFFDA48CA,信義段三小段,50.88,都市：其他:特定業務區(信義計劃特定專用區),100000,901,持分移轉,00460000
RPRNMLRJJHPFFBA77CA,雙連段二小段,17.20,都市：商,10000,292,持分移轉,04240000
RPSPMLRJJHPFFCA18CA,東湖段五小段,27.67,都市：住,100000,1570,持分移轉,03310000
RPXOMLKMKIOFFCA28CA,長安段四小段,24.57,都市：住,100000,1244,持分移轉,02960000
RPRNMLRLKIOFFEA38CA,行義段三小段,14.07,都市：住,10000,51,持分移轉,02800000
RPVQMLLLJHPFFBA08CA,延平段二小段,4.00,都市：其他:道路用地(公共設施用地),1,1,全筆移轉,03630001
RPVQMLLLJHPFFBA08CA,延平段二小段,11.00,都市：其他:特定專用區(供特定住宅使用)。,1,1,全筆移轉,03630002
RPVQMLLLJHPFFBA08CA,延平段二小段,5.00,都市：其他:道路用地(公共設施用地),1,1,全筆移轉,03630003
RPVQMLLLJHPFFBA08CA,延平段二小段,1.00,都市：其他:特定專用區(供特定住宅使用)。,1,1,全筆移轉,03640000
RPVQMLLLJHPFFBA08CA,延平段二小段,4.00,都市：其他:道路用地(公共設施用地),1,1,全筆移轉,03640001
RPVQMLLLJHPFFBA08CA,延平段二小段,29.00,都市：其他:特定專用區(供特定住宅使用)。,1,1,全筆移轉,03630000
RPUOMLKMKIOFFEA18CA,百齡段六小段,33.10,都市：住,10,1,持分移轉,02650000
RPUPMLRLKIOFFCA78DA,榮星段三小段,24.00,都市：住,10,1,持分移轉,02220000
RPXOMLSJJHPFFDA78CA,西松段二小段,35.85,都市：住,6570,368,持分移轉,04260000
RPOPMLTJLHPFFEA38CA,文林段四小段,25.25,都市：商,4,1,持分移轉,07350000
RPOOMLRJJHPFFAA47CA,政大段四小段,39.13,都市：住,10000,116,持分移轉,00440000
RPPOMLPKJHPFFFA97CA,學府段一小段,61.40,都市：住,100000,1985,持分移轉,06360000
RPURMLRJJHPFFCA58CA,碧湖段四小段,.30,都市：住,100000,10,持分移轉,10250000
RPURMLRJJHPFFCA58CA,碧湖段四小段,.18,都市：住,100000,10,持分移轉,10250002
RPSNMLKMKIOFFDA77CA,玉成段四小段,15.17,都市：住,10000,57,持分移轉,08630000
RPSNMLKMKIOFFDA77CA,玉成段四小段,19.58,都市：住,10000,57,持分移轉,08630003
RPSPMLQLKIOFFDA48CA,永吉段一小段,18.44,都市：住,100000,1152,持分移轉,01220000
RPSPMLKMKIOFFEA08CA,振興段一小段,21.71,都市：住,14,1,持分移轉,03150000
RPWOMLPKJHPFFBA28CA,雙連段三小段,15.76,都市：住,100000,3347,持分移轉,03160000
RPVQMLKMKIOFFEA58DA,百齡段二小段,26.72,都市：工,10000,111,持分移轉,03800000
RPVPMLLMKIOFFEA58DA,振興段三小段,15.02,都市：商,100000,826,持分移轉,05920000
RPWQMLTJJHPFFCA88CA,碧湖段三小段,3.81,都市：住,10000,9,持分移轉,01660000
RPTNMLQLKIOFFBA18CA,臨沂段三小段,5.71,都市：住,10000,70,持分移轉,04900000
RPUNMLPLKIOFFDA38CA,玉成段二小段,29.45,都市：工,40,1,持分移轉,01820000
RPSPMLQLKIOFFAA18CA,萬慶段三小段,49.63,都市：住,848,36,持分移轉,06330000
RPOPMLSJJHPFFEA08CA,蘭雅段二小段,44.74,都市：住,1400000,28535,持分移轉,05890000
RPSNMLQLKIOFFDA28CA,敦化段四小段,10.47,都市：住,300000,5107,持分移轉,03090000
RPOOMLNJJHPFFDA37CA,民生段,20.17,都市：住,6,1,持分移轉,00240025
RPQOMLPLKIOFFAA77CA,福和段二小段,21.66,都市：住,100000,720,持分移轉,06990000
RPRNMLSLKIOFFAA08CA,福和段一小段,26.86,都市：住,14,1,持分移轉,06270000
RPWNMLPJJHPFFDA28CA,西松段一小段,8.67,都市：住,30360,106,持分移轉,00090008
RPWNMLPJJHPFFDA28CA,西松段一小段,11.97,都市：住,30360,106,持分移轉,00090039
RPTPMLQLKIOFFDA58CA,永吉段一小段,18.28,都市：住,100000,1142,持分移轉,01220000
RPXOMLRLKIOFFEA09CA,永平段四小段,18.30,都市：住,10000,461,持分移轉,03430000
RPROMLQLKIOFFCA18CA,碧湖段四小段,31.42,都市：住,10000,130,持分移轉,06650000
RPOOMLNJJHPFFFA67DA,仁愛段三小段,24.71,都市：住,10000,353,持分移轉,02200000
RPWPMLLMKIOFFDA58DA,雅祥段一小段,29.67,都市：住,12,2,持分移轉,02920000
RPUNMLTJJHPFFCA38CA,長春段一小段,4.69,都市：住,900500,156,持分移轉,00020000
RPPNMLRLKIOFFEA18CA,天山段二小段,25.84,都市：住,1000,20,持分移轉,04820000
RPPNMLTLKIOFFEA48DA,大業段三小段,3.23,都市：商,10000,12,持分移轉,01490000
RPVOMLNJJHPFFBA87CA,莒光段一小段,35.60,都市：住,5,1,持分移轉,06530000
RPUOMLKKJHPFFCA67CA,康寧段三小段,5.78,都市：住,10000,9,持分移轉,04910000
RPTOMLQLKIOFFAA18CA,木柵段三小段,42.78,都市：住,10000,679,持分移轉,05000000
RPSOMLKMKIOFFDA87CA,敦化段四小段,24.31,都市：住,86002,358,持分移轉,02890000
RPTNMLLMKIOFFDA97CA,敦化段三小段,34.01,都市：住,10000,529,持分移轉,04240000
RPPOMLPLKIOFFCA87CA,榮星段三小段,27.59,都市：住,10000,69,持分移轉,05990000
RPSOMLPLKIOFFFA48CA,瑞安段三小段,69.84,都市：住,10000,859,持分移轉,01620000
RPQOMLQLKIOFFDA18CA,民生段,11.59,都市：其他:住宅用地及道路用地,10000,114,持分移轉,00710000
RPVQMLLMKIOFFCA48DA,潭美段五小段,17.26,都市：住,100000,786,持分移轉,01550000
RPSNMLQKJHPFFEA18CA,新民段二小段,.01,都市：住,10000,8,持分移轉,01690002
RPSNMLQKJHPFFEA18CA,新民段二小段,18.99,都市：住,10000,84,持分移轉,01720000
RPSOMLQLKIOFFEA48CA,光華段三小段,29.00,都市：商,5,1,持分移轉,07700000
RPOOMLRLKIOFFCA97CA,東湖段一小段,22.68,都市：住,1000,24,持分移轉,00040007
RPSOMLNJJHPFFCA67CA,榮星段五小段,27.39,都市：住,10000,640,持分移轉,06440000
RPVPMLPLKIOFFCA58CA,金泰段,47.09,都市：住,500000,224,持分移轉,00720000
RPSOMLKMKIOFFBA67CA,市府段一小段,23.50,都市：商,4,1,持分移轉,05560000
RPSOMLKMKIOFFBA67CA,市府段一小段,6.83,都市：商,12,1,持分移轉,05520000
RPPNMLQLKIOFFBA77CA,直興段一小段,4.59,都市：商,10000,96,持分移轉,00130000
RPQOMLRJJHPFFAA67CA,萬隆段二小段,27.07,都市：住,1000,188,持分移轉,02930000
RPPOMLRLKIOFFCA08CA,北安段二小段,32.39,都市：住,10000,773,持分移轉,02870000
RPUOMLTJJHPFFDA58CA,敦化段一小段,37.50,都市：住,4,1,持分移轉,00330000
RPOPMLLMKIOFFCA67DA,碧湖段一小段,33.04,都市：住,10000,141,持分移轉,06290000
RPRPMLQLKIOFFDA38CA,南港段二小段,36.85,都市：商,10000,144,持分移轉,02000000
RPVOMLLMKIOFFEA38CA,天母段一小段,30.36,都市：住,1000,92,持分移轉,04100000
RPTNMLRLKIOFFDA48CA,民生段,37.20,都市：住,40,1,持分移轉,00270001
RPTOMLQLKIOFFBA28CA,福星段二小段,4.23,都市：商,10000,111,持分移轉,04110000
RPVPMLRLKIOFFDA88CA,寶清段一小段,48.15,都市：住,280000,2904,持分移轉,00510012
RPURMLKMKIOFFCA38DA,文德段四小段,3.87,都市：商,5220000,6786,持分移轉,00210000
RPPNMLOJJHPFFEA67DA,芝蘭段四小段,35.45,都市：住,10000,96,持分移轉,00100000
RPQNMLNJJHPFFDA47CA,永春段二小段,15.28,都市：住,100000,660,持分移轉,00430000
RPPNMLSJJHPFFCA87DA,長春段二小段,23.75,都市：住,8,1,持分移轉,03930000
RPOOMLLMJHPFFDA47CA,虎林段四小段,31.75,都市：住,4,1,持分移轉,01300000
RPVOMLLMKIOFFAA97CA,實踐段二小段,33.02,都市：住,10000,82,持分移轉,06410000
RPOPMLQLKIOFFCA97CA,潭美段三小段,21.37,都市：工,100000,521,持分移轉,08910000
RPPOMLLMKIOFFFA87CA,仁愛段二小段,7.06,都市：其他:道路用地,90000,3452,持分移轉,02870000
RPPOMLLMKIOFFFA87CA,仁愛段二小段,8.23,都市：其他:道路用地,90000,1726,持分移轉,02880001
RPPOMLLMKIOFFFA87CA,仁愛段二小段,2.07,都市：其他:道路用地,90000,1726,持分移轉,02910000
RPSNMLRLKIOFFDA38CA,濱江段四小段,64.03,都市：住,100000,268,持分移轉,02860008
RPUSMLPKJHPFFCA58CA,金泰段,36.37,都市：其他:娛樂區,100000,338,持分移轉,00320002
RPPOMLMLJHPFFCA47CA,吉林段三小段,4.83,都市：商,100000,370,持分移轉,08690000
RPPOMLKMKIOFFBA37CA,漢中段三小段,4.35,都市：商,100000,117,持分移轉,08160000
RPTNMLRLKIOFFCA38CA,正義段一小段,7.53,都市：商,64,1,持分移轉,01580000
RPPOMLQJJHPFFEA87CA,三合段,53.79,都市：住,100000,3235,持分移轉,00210000
RPVNMLRLKIOFFCA58CA,文德段二小段,23.41,都市：住,10000,123,持分移轉,02240023
RPTNMLMJJHPFFAA37CA,河堤段六小段,29.20,都市：住,5,1,持分移轉,02080000
RPTNMLMJJHPFFAA37CA,河堤段六小段,.60,都市：住,5,1,持分移轉,02080001
RPTNMLMJJHPFFAA37CA,河堤段六小段,4.40,都市：其他:道路用地(公共設施用地),5,1,持分移轉,02210006
RPTNMLMJJHPFFAA37CA,河堤段六小段,1.60,都市：其他:道路用地(公共設施用地),5,1,持分移轉,02210016
RPPOMLLJJHPFFCA27DA,西湖段一小段,17.75,都市：住,4,1,持分移轉,03350000
RPPOMLLJJHPFFCA27DA,西湖段一小段,9.50,都市：住,4,1,持分移轉,03380000
RPTNMLPKJHPFFAA77CA,福和段二小段,88.41,都市：住,8000,210,持分移轉,06090000
RPTNMLPKJHPFFAA77CA,福和段二小段,.08,都市：住,8000,210,持分移轉,06110000
RPUNMLRJJHPFFAA08DA,永昌段二小段,26.00,都市：住,616,26,持分移轉,01170000
RPTNMLNJKHPFFFA18DA,懷生段一小段,1.75,都市：其他:道路用地(公共設施用地),12,1,持分移轉,02800000
RPTNMLNJKHPFFFA18DA,懷生段一小段,8.17,都市：住,12,1,持分移轉,02810000
RPPNMLNJJHPFFDA37CA,延吉段一小段,44.95,都市：住,1000,185,持分移轉,06420000
RPUNMLRLKIOFFDA58CA,寶清段五小段,38.67,都市：住,12,2,持分移轉,02660000
RPVNMLKMKIOFFDA08CA,西松段一小段,18.52,都市：商,80380,463,持分移轉,06180000
RPROMLKMKIOFFCA67CA,東湖段七小段,41.41,都市：住,10000,183,持分移轉,00590000
RPWOMLKKJHPFFAA77DA,實踐段三小段,49.85,都市：住,100000,6634,持分移轉,07680000
RPUNMLMJJHPFFCA77DA,康寧段三小段,21.20,都市：住,10000,43,持分移轉,05130000
RPRSMLPKJHPFFCA28CA,金泰段,34.65,都市：其他:娛樂區,100000,322,持分移轉,00320002
RPSOMLSJJHPFFCA18CA,德惠段四小段,4.00,都市：商,990,4,持分移轉,02830000
RPOOMLLMKIOFFFA77CA,仁愛段二小段,7.06,都市：其他:道路用地,90000,3452,持分移轉,02870000
RPSRMLRLKIOFFCA78DA,金泰段,47.09,都市：住,500000,224,持分移轉,00720000
RPOOMLLMKIOFFFA77CA,仁愛段二小段,8.23,都市：其他:道路用地,90000,1726,持分移轉,02880001
RPOOMLLMKIOFFFA77CA,仁愛段二小段,2.07,都市：其他:道路用地,90000,1726,持分移轉,02910000
RPTOMLRLKIOFFEA78DA,平等段二小段,38.16,都市：其他:保護區,2,1,持分移轉,05460000
RPTOMLRLKIOFFEA78DA,平等段二小段,294.04,都市：其他:保護區,2,1,持分移轉,05320000
RPTOMLRLKIOFFEA78DA,平等段二小段,35.81,都市：其他:保護區,2,1,持分移轉,05470000
RPXVMLTJJHPFFCA96DA,榮星段五小段,30.63,都市：住,10000,155,持分移轉,02220000
RPTNMLKMKIOFFCA77CA,正義段一小段,48.50,都市：商,4,1,持分移轉,01940000
RPPNMLOKJHPFFBA37CA,文昌段二小段,81.75,都市：住,8,6,持分移轉,01570000
RPTOMLTJJHPFFAA28DA,華興段二小段,21.06,都市：住,10000,390,持分移轉,08990000
RPVOMLRLKIOFFBA58CA,青年段一小段,27.09,都市：住,38496,62,持分移轉,01510000
RPTOMLMLJHPFFBA77CA,雙園段三小段,28.82,都市：住,100000,4969,持分移轉,07920000
RPSNMLKMKIOFFBA57CA,龍山段一小段,9.34,都市：商,10000,82,持分移轉,02260000
RPRNMLLMKIOFFAA57DA,河堤段四小段,9.87,都市：商,10000,128,持分移轉,01940000
RPROMLTJJHPFFEA48DA,新民段三小段,66.20,都市：住,50660,662,持分移轉,01230000
RPROMLKMKIOFFEA87CA,關渡段三小段,28.27,都市：商,10000,230,持分移轉,01730000
RPQNMLLMKIOFFAA37CA,河堤段一小段,46.75,都市：住,4,1,持分移轉,03550000
RPQNMLLMKIOFFAA37CA,河堤段一小段,5.50,都市：其他:道路用地,4,1,持分移轉,03550001
RPSNMLKMKIOFFAA57DA,興隆段一小段,10.79,都市：住,547000,10375,持分移轉,02450000
RPSPMLQJJHPFFEA28CA,新民段二小段,13.27,都市：住,10000,120,持分移轉,02700000
RPPNMLMJJHPFFEA37CA,溫泉段一小段,7.89,都市：其他:特定觀光商業專用區,100000,257,持分移轉,00500000
RPOOMLKMKIOFFDA47CA,南港段三小段,36.74,都市：住,10000,185,持分移轉,01830002
RPPSMLRLKIOFFCA48CA,長安段四小段,2.67,都市：商,10000,66,持分移轉,04410000
RPTPMLKMKIOFFEA18CA,芝蘭段一小段,31.14,都市：住,30,1,持分移轉,02610000
RPPNMLOJJHPFFDA57DA,寶清段一小段,30.79,都市：住,33850,117,持分移轉,00590000
RPQNMLOKJHPFFEA77CA,大業段二小段,22.76,都市：住,1000,281,持分移轉,03670000
RPUQMLTJJHPFFBA68DA,漢中段一小段,3.68,都市：商,10000,100,持分移轉,02620000
RPPOMLLMKIOFFAA37CA,興安段一小段,5.82,都市：其他:市場用地(公共設施用地),10000,22,持分移轉,04870000
RPOPMLRKJHPFFAA67CA,南海段二小段,.00,都市：商,100000,2067,持分移轉,02020024
RPOPMLRKJHPFFAA67CA,南海段二小段,5.18,都市：商,100000,2067,持分移轉,02030000
RPQOMLMJJHPFFCA47DA,西湖段一小段,38.32,都市：住,10000,272,持分移轉,01110000
RPQOMLMJJHPFFCA47DA,西湖段一小段,.03,都市：其他:道路用地,10000,272,持分移轉,01110001
RPPOMLPKJHPFFEA87CA,天母段一小段,.98,都市：住,48,1,持分移轉,03680000
RPPOMLPKJHPFFEA87CA,天母段一小段,6.62,都市：住,16,1,持分移轉,03660000
RPWOMLNJJHPFFDA18CA,吳興段三小段,24.16,都市：住,10000,449,持分移轉,08300000
RPVRMLQJJHPFFCA68DA,文德段四小段,28.79,都市：住,10000,229,持分移轉,02280000
RPUOMLLMKIOFFDA28DA,寶清段四小段,16.07,都市：住,112,3,持分移轉,05400000
RPQPMLSJJHPFFCA08CA,吉林段五小段,8.30,都市：商,100000,234,持分移轉,03140000
RPVOMLKMKIOFFDA18CA,玉成段二小段,26.00,都市：工,4,1,持分移轉,01530000
RPPNMLKMKIOFFFA67CA,龍泉段一小段,5.00,都市：其他:市場用地(公共設施用地)【71/11/3】,10000,32,持分移轉,03490000
RPTOMLRLKIOFFBA38CA,青年段一小段,50.00,都市：住,1,1,全筆移轉,03740000
RPSOMLKKJHPFFCA47CA,碧湖段三小段,48.23,都市：住,10000,347,持分移轉,01490000
RPOOMLKMKIOFFAA17CA,指南段四小段,1019.00,都市：其他:保護區。,1,1,全筆移轉,06460000
RPSOMLKKJHPFFCA47CA,碧湖段三小段,18.67,都市：住,10000,347,持分移轉,01490004
RPSOMLKKJHPFFCA47CA,碧湖段三小段,24.43,都市：住,10000,347,持分移轉,01500000
RPSOMLKKJHPFFCA47CA,碧湖段三小段,.45,都市：住,10000,347,持分移轉,01500006
RPSOMLKKJHPFFCA47CA,碧湖段三小段,3.26,都市：住,10000,347,持分移轉,01510001
RPWOMLLLJHPFFEA28CA,奇岩段一小段,.41,都市：住,100000,3181,持分移轉,01750006
RPWOMLLLJHPFFEA28CA,奇岩段一小段,.06,都市：住,100000,3181,持分移轉,01750010
RPWOMLLLJHPFFEA28CA,奇岩段一小段,.06,都市：住,100000,3181,持分移轉,01750011
RPWOMLLLJHPFFEA28CA,崇仰段二小段,140.53,都市：住,100000,3181,持分移轉,05530000
RPXNMLKMKIOFFDA28CA,西松段二小段,3.37,都市：住,10000,46,持分移轉,00160004
RPXNMLKMKIOFFDA28CA,西松段二小段,7.39,都市：商,10000,46,持分移轉,00170000
RPUNMLLMKIOFFDA18DA,吳興段一小段,25.40,都市：住,1000,28,持分移轉,05370000
RPOSMLKMKIOFFCA77CA,吉林段四小段,23.07,都市：商,100000,1655,持分移轉,06760000
RPSNMLMKJHPFFAA47DA,實踐段一小段,20.86,都市：住,100000,1008,持分移轉,06820000
RPROMLMJJHPFFCA57DA,碧湖段二小段,20.16,都市：住,10000,358,持分移轉,05190014
RPROMLRJJHPFFCA08DA,長春段一小段,16.19,都市：住,74478,84,持分移轉,01740000
RPRSMLSJJHPFFCA58DA,吉林段五小段,.91,都市：住,100000,1049,持分移轉,03700000
RPRSMLSJJHPFFCA58DA,吉林段五小段,3.14,都市：商,100000,1049,持分移轉,03710000
RPUPMLNJOHPFFCA48CA,康寧段三小段,10.17,都市：商,100000,745,持分移轉,02720000
RPRSMLSJJHPFFCA58DA,吉林段五小段,14.94,都市：商,100000,1049,持分移轉,03720000
RPUPMLNJOHPFFCA48CA,康寧段三小段,28.05,都市：住,100000,1383,持分移轉,02780000
RPXNMLNKJHPFFBA08CA,市府段二小段,5.16,都市：商,10000,71,持分移轉,05020000
RPSNMLLMKIOFFBA67CA,文昌段一小段,26.75,都市：住,4,1,持分移轉,00640000
RPSNMLPJJHPFFCA77CA,石潭段四小段,119.07,都市：住,10000,261,持分移轉,01410000
RPVNMLMKJHPFFDA97CA,延吉段一小段,.91,都市：商,100000,894,持分移轉,02140000
RPVNMLMKJHPFFDA97CA,延吉段一小段,9.32,都市：商,100000,894,持分移轉,02160000
RPVNMLMKJHPFFDA97CA,延吉段一小段,.72,都市：住,100000,894,持分移轉,02460000
RPRNMLPJJHPFFCA67CA,石潭段四小段,119.07,都市：住,10000,261,持分移轉,01410000
RPQPMLKMKIOFFBA57CA,漢中段一小段,8.70,都市：商,100000,361,持分移轉,03280000
RPVQMLRJJHPFFCA58CA,中山段三小段,5.25,都市：商,10000,33,持分移轉,04540000
RPQOMLRJJHPFFFA18CA,仁愛段六小段,26.74,都市：住,10000,81,持分移轉,00360000
RPOQMLRJJHPFFDA97CA,寶清段五小段,10.31,都市：商,30000,429,持分移轉,00060000
RPSNMLNJJHPFFDA67CA,永吉段一小段,22.38,都市：住,100000,1398,持分移轉,01220000
RPVPMLKMKIOFFEA38CA,芝山段二小段,34.00,都市：其他:道路用地,1,1,全筆移轉,04000001
RPQOMLMJJHPFFAA17CA,公訓段三小段,1.38,都市：住,10000,11,持分移轉,02650000
RPQOMLMJJHPFFAA17CA,萬芳段三小段,35.38,都市：住,10000,11,持分移轉,00650000
RPUNMLRKJHPFFDA38CA,祥和段四小段,250.00,都市：住,1,1,全筆移轉,04940038
RPUOMLTJJHPFFEA68CA,華岡段三小段,103.65,都市：其他:特定住宅區(二),5,1,持分移轉,03960000
RPWOMLOKJHPFFCA28CA,康寧段三小段,17.01,都市：其他:市場用地,100000,411,持分移轉,02670001
RPXNMLNJJHPFFBA97CA,華江段二小段,.42,都市：住,950000,190,持分移轉,02090000
RPXNMLNJJHPFFBA97CA,華江段二小段,.15,都市：住,950000,190,持分移轉,02090014
RPXPMLQJJHPFFEA88DA,文林段四小段,33.80,都市：住,5,1,持分移轉,02450000
RPWRMLRJJHPFFBA68CA,青年段一小段,53.48,都市：住,100000,420,持分移轉,00860000
RPWNMLKMKIOFFAA87CA,南海段二小段,.74,都市：商,100000,561,持分移轉,01570000
RPWNMLKMKIOFFAA87CA,南海段二小段,2.83,都市：其他:交通用地(公共設施用地),100000,561,持分移轉,01590000
RPWNMLKMKIOFFAA87CA,南海段二小段,.02,都市：商,100000,561,持分移轉,01630000
RPUPMLMLJHPFFAA87CA,河堤段四小段,15.61,都市：商,100000,1648,持分移轉,05270000
RPPQMLKMKIOFFEA87CA,湖山段一小段,415.87,都市：其他:陽明山國家公園區,1,1,全筆移轉,02550000
RPRNMLLMKIOFFEA87CA,行義段二小段,22.79,都市：住,10000,183,持分移轉,01980000
RPUPMLMLJHPFFAA87CA,河堤段四小段,2.34,都市：住,100000,1648,持分移轉,05280001
RPRNMLLMKIOFFEA87CA,行義段二小段,.32,都市：其他:道路用地(公共設施用地),10000,183,持分移轉,01990000
RPPPMLKMJHPFFEA77DA,芝山段二小段,32.15,都市：住,10000,460,持分移轉,08410000
RPRQMLKMKIOFFEA08CA,富安段一小段,174.50,都市：住,16,1,持分移轉,00910000
RPPOMLMJJHPFFCA37DA,東湖段三小段,10.16,都市：住,100000,1355,持分移轉,00180016
RPOOMLMJJHPFFCA17CA,康寧段四小段,28.69,都市：住,10000,95,持分移轉,04350000
RPVNMLMJJHPFFCA77CA,中山段三小段,3.11,都市：商,99983,307,持分移轉,00110000
RPRQMLLMKIOFFCA97CA,東湖段二小段,28.26,都市：住,24000,202,持分移轉,00340000
RPRQMLLMKIOFFCA97CA,東湖段二小段,.00,都市：住,24000,1,持分移轉,00340009
RPPOMLLMKIOFFCA57CA,長春段一小段,18.66,都市：住,10000,434,持分移轉,06920000
RPSPMLRJJHPFFEA48DA,溫泉段一小段,3.49,都市：其他:特定觀光商業專用區,10000,24,持分移轉,01700000
RPTPMLLMKIOFFBA97CA,漢中段二小段,19.20,都市：商,10000,203,持分移轉,04920000
RPUNMLNJKHPFFEA08CA,湖山段一小段,19.75,都市：其他:陽明山國家公園區,30044,669,持分移轉,02450000
RPSQMLLMKIOFFCA08CA,正義段三小段,5.64,都市：商,10000,141,持分移轉,04910000
RPQNMLPJJHPFFCA57CA,長安段一小段,20.78,都市：住,10000,395,持分移轉,00530000
RPPNMLMJJHPFFDA27CA,延吉段三小段,19.79,都市：住,10000,1020,持分移轉,04260000
RPUQMLLMKIOFFCA28CA,康寧段三小段,31.10,都市：住,10000,181,持分移轉,04300010
RPQNMLMJJHPFFAA07CA,河堤段一小段,49.33,都市：住,3,1,持分移轉,05500000
RPXNMLNJJHPFFEA38DA,天母段四小段,30.64,都市：住,14,1,持分移轉,00080000
RPROMLQJJHPFFCA87CA,中山段三小段,10.23,都市：商,10000,147,持分移轉,06390000
RPQOMLNJJHPFFBA47DA,福星段二小段,9.66,都市：商,100000,1321,持分移轉,00100000
RPUNMLMJJHPFFBA57CA,華江段二小段,22.53,都市：住,10000,95,持分移轉,05200000
RPUOMLMLJHPFFDA08CA,敦化段五小段,24.15,都市：住,10000,128,持分移轉,00230000
RPSNMLTJJHPFFEA38CA,百齡段六小段,22.38,都市：住,2600,60,持分移轉,00150000
RPUOMLMLJHPFFDA08CA,敦化段五小段,9.95,都市：住,10000,128,持分移轉,00230012
RPSNMLTJJHPFFEA38CA,百齡段六小段,4.13,都市：住,2600,60,持分移轉,00150001
RPXNMLMJJHPFFCA97CA,中山段二小段,4.82,都市：商,10000,172,持分移轉,00850000
RPXNMLNJJHPFFFA48DA,瑞安段三小段,10.71,都市：商,10000,377,持分移轉,05810000
RPWNMLMJJHPFFFA18CA,辛亥段六小段,15.60,都市：住,10,1,持分移轉,00450001
RPTNMLNJJHPFFDA87DA,民生段,6.73,都市：商,681200,673,持分移轉,00620002
RPQOMLMJJHPFFEA67DA,關渡段三小段,274.98,都市：其他:保存區,1,1,全筆移轉,03190001
RPQOMLMJJHPFFEA67DA,關渡段三小段,75.00,都市：其他:保存區,1,1,全筆移轉,03180000
SPQOMLNJJHPFFBA57DA,福星段二小段,6.44,都市：商,100000,881,持分移轉,00100000
RPSNMLMJJHPFFBA37CA,福星段二小段,11.65,都市：商,5960,131,持分移轉,00950000
RPSNMLMJJHPFFBA37CA,福星段二小段,1.47,都市：其他:道路用地(公共設施用地)道路用地,5960,131,持分移轉,00950001
RPSNMLMJJHPFFBA37CA,福星段二小段,.01,都市：商,5960,131,持分移轉,00950002
RPRNMLRJJHPFFEA08CA,振興段四小段,13.67,都市：住,6,1,持分移轉,03400000
RPQNMLKLJHPFFEA47CA,文林段三小段,27.39,都市：住,100000,2118,持分移轉,09230000
RPPNMLRKJHPFFBA67CA,大同段一小段,35.00,都市：住,2,1,持分移轉,08240000
RPQNMLQJJHPFFAA47CA,頭廷段四小段,2.43,都市：住,100000,586,持分移轉,03010000
RPQNMLQJJHPFFAA47CA,頭廷段四小段,2.07,都市：住,100000,586,持分移轉,03020000
RPQNMLQJJHPFFAA47CA,政大段三小段,74.91,都市：住,100000,586,持分移轉,01530000
RPQNMLQJJHPFFAA47CA,政大段三小段,15.45,都市：住,100000,586,持分移轉,02460000
RPQOMLNJJHPFFDA57CA,三興段一小段,3.19,都市：商,20000,35,持分移轉,10000000
RPWOMLOKJHPFFAA08CA,興隆段一小段,9.16,都市：住,1,1,全筆移轉,00020001
RPWOMLOKJHPFFAA08CA,興隆段一小段,164.00,都市：住,1,1,全筆移轉,00180000
RPRNMLNKJHPFFAA47DA,華興段四小段,19.27,都市：住,10000,593,持分移轉,02660000
RPROMLMJJHPFFEA67CA,光華段一小段,3.83,都市：商,10000,1667,持分移轉,00340000
RPROMLMJJHPFFEA67CA,光華段一小段,14.34,都市：商,10000,1667,持分移轉,00340001
RPWOMLLMJHPFFEA38CA,海光段二小段,51.77,都市：住,878,34,持分移轉,00690000
RPSOMLNJJHPFFBA57CA,青年段一小段,21.60,都市：住,90000,48,持分移轉,00880000
RPOOMLQJJHPFFBA57DA,雙連段二小段,3.46,都市：商,10000,97,持分移轉,00500000
RPTOMLKLJHPFFAA57DA,政大段四小段,33.78,都市：住,10000,278,持分移轉,07530000
RPQNMLNJJHPFFEA57CA,永新段二小段,34.64,都市：住,10000,439,持分移轉,06120000
RPTPMLMJJHPFFCA77CA,中山段二小段,32.50,都市：商,8,1,持分移轉,01220000
RPQNMLTKJHPFFCA18DA,西湖段四小段,61.13,都市：其他:科技工業區(A區，不得作住宅使用),10000,184,持分移轉,01830000
RPVNMLRJJHPFFEA48CA,陽明段二小段,11.35,都市：商,10000,762,持分移轉,03410000
RPRNMLNJJHPFFDA57CA,中南段五小段,16.54,都市：住,140000,1170,持分移轉,03840001
RPQRMLNKJHPFFCA87CA,西湖段一小段,166.08,都市：工,10000,585,持分移轉,02440000
RPRNMLMKJHPFFDA67DA,犂和段四小段,20.88,都市：住,15440,255,持分移轉,00110000
RPQOMLMJJHPFFFA67CA,龍泉段一小段,31.34,都市：住,92900,873,持分移轉,02050000
RPWNMLQJJHPFFAA08CA,河堤段三小段,24.88,都市：住,100000,9147,持分移轉,06960000
RPXRMLQJJHPFFCA88DA,西湖段四小段,241.74,都市：其他:科技工業區,10000,1476,持分移轉,02390000
RPXRMLQJJHPFFCA88DA,西湖段四小段,282.87,都市：其他:科技工業區,10000,1476,持分移轉,02480000
RPRNMLPJJHPFFBA67DA,莒光段二小段,13.50,都市：商,10000,215,持分移轉,00150000
RPRNMLPJJHPFFBA67DA,莒光段二小段,7.18,都市：商,10000,215,持分移轉,00150002
RPPNMLQKJHPFFFA97CA,仁愛段六小段,.02,都市：住,100000,6,持分移轉,06160005
RPOPMLSJJHPFFFA28DA,仁愛段一小段,11.64,都市：其他:敦化南北路特定專用區(A區),10000,83,持分移轉,04510000
RPQNMLRJJHPFFEA97CA,振興段四小段,13.67,都市：住,6,1,持分移轉,03400000
RPUPMLOKJHPFFDA28CA,永春段三小段,33.00,都市：住,5,1,持分移轉,05230000
RPVOMLNJJHPFFDA08CA,南港段二小段,13.82,都市：商,100000,345,持分移轉,02410000
RPXNMLSJJHPFFAA38CA,興隆段二小段,24.02,都市：住,10000,80,持分移轉,05080000
RPSNMLTJJHPFFBA08CA,雙連段三小段,27.31,都市：住,10000,993,持分移轉,01950000
RPWOMLOKJHPFFEA48CA,三玉段四小段,38.58,都市：住,10000,182,持分移轉,01080000
RPOPMLQJJHPFFEA87CA,百齡段三小段,17.30,都市：商,10860,994,持分移轉,01410000
RPSRMLNKJHPFFCA08CA,西湖段一小段,162.39,都市：工,10000,572,持分移轉,02440000
RPSNMLQJJHPFFAA67CA,景美段五小段,23.15,都市：商,100000,546,持分移轉,00420000
RPPNMLKLJHPFFAA96CA,河堤段四小段,34.00,都市：住,1,1,全筆移轉,01540000
RPPNMLKLJHPFFAA96CA,河堤段四小段,3.00,都市：其他:道路,1,1,全筆移轉,01540003
RPROMLQJJHPFFBA77CA,中正段一小段,9.41,都市：住,10000,369,持分移轉,01840000
RPROMLQJJHPFFBA77CA,中正段一小段,1.44,都市：住,10000,369,持分移轉,01840001
RPRNMLSJJHPFFAA77CA,景美段四小段,6.95,都市：商,10000,41,持分移轉,02880000
RPQNMLKKKHPFFFA57CA,仁愛段四小段,19.83,都市：商,10000,434,持分移轉,00210000
RPORMLRKJHPFFCA08CA,榮星段七小段,17.73,都市：住,20000,380,持分移轉,00080005
RPQNMLKKKHPFFFA57CA,仁愛段四小段,.52,都市：商,10000,434,持分移轉,00210003
RPORMLRKJHPFFCA08CA,榮星段七小段,.55,都市：住,20000,380,持分移轉,00080010
RPQNMLTKJHPFFBA97CA,圓環段一小段,13.47,都市：商,100000,2095,持分移轉,05390000
RPQNMLTKJHPFFBA97CA,圓環段一小段,7.35,都市：住,100000,2095,持分移轉,05400000
RPXOMLRJJHPFFAA38CA,興隆段二小段,18.91,都市：住,10000,63,持分移轉,05080000
RPPNMLTKJHPFFBA87CA,圓環段一小段,13.47,都市：商,100000,2095,持分移轉,05390000
RPPNMLTKJHPFFBA87CA,圓環段一小段,7.35,都市：住,100000,2095,持分移轉,05400000
RPORMLTJJHPFFBA08CA,雙園段一小段,42.00,都市：住,1,1,全筆移轉,04340000
RPXNMLPJJHPFFCA38DA,吉林段四小段,3.14,都市：商,100000,429,持分移轉,06240000
RPUNMLQJJHPFFEA28CA,開明段二小段,16.20,都市：住,10,2,持分移轉,05290000
RPQQMLLLJHPFFDA77CA,吳興段三小段,31.18,都市：住,305565,8772,持分移轉,02160000
RPSNMLSJJHPFFFA38CA,通化段六小段,.38,都市：其他:敦化南北路特定專用區(A區),10000,469,持分移轉,06870001
RPSNMLSJJHPFFFA38CA,通化段六小段,3.52,都市：其他:敦化南北路特定專用區(A區),10000,469,持分移轉,06870002
RPSNMLSJJHPFFFA38CA,通化段六小段,1.17,都市：其他:敦化南北路特定專用區(A區),10000,469,持分移轉,06870003
RPSNMLSJJHPFFFA38CA,通化段六小段,10.08,都市：其他:敦化南北路特定專用區(A區),10000,469,持分移轉,06880000
RPSNMLSJJHPFFFA38CA,通化段六小段,3.89,都市：其他:敦化南北路特定專用區(A區),10000,469,持分移轉,06880001
RPXPMLKMJHPFFEA48CA,陽明段四小段,27.25,都市：住,4,1,持分移轉,00630000
RPUNMLNKJHPFFAA77DA,景美段五小段,14.75,都市：商,10000,425,持分移轉,03780000
RPVPMLSJJHPFFCA58CA,中山段一小段,7.80,都市：商,100000,607,持分移轉,06750000
RPPQMLNJJHPFFCA57CA,東湖段五小段,18.64,都市：住,10000,181,持分移轉,03220000
RPPNMLOJJHPFFCA47DA,金泰段,43.31,都市：住,500000,206,持分移轉,00720000
RPROMLQJJHPFFDA97CA,中南段二小段,7.29,都市：住,7,1,持分移轉,07710000
RPWNMLRJKHPFFAA28CA,河堤段四小段,14.90,都市：商,100000,1573,持分移轉,05270000
RPWNMLRJKHPFFAA28CA,河堤段四小段,2.23,都市：住,100000,1573,持分移轉,05280001
RPVOMLRKJHPFFEA78DA,文林段一小段,30.14,都市：住,100000,1225,持分移轉,04760000
RPQOMLQJJHPFFDA87CA,中南段二小段,5.46,都市：住,28,3,持分移轉,07710000
RPVOMLRKJHPFFEA78DA,文林段一小段,13.90,都市：住,100000,1225,持分移轉,04760012
RPUPMLQJJHPFFCA38DA,康寧段三小段,21.42,都市：商,10000,86,持分移轉,04150000
RPQSMLTJJHPFFCA48CA,潭美段五小段,33.75,都市：其他:住商混合區,10000,109,持分移轉,01130000
RPSNMLSJJHPFFBA97CA,華江段一小段,39.00,都市：住,1,1,全筆移轉,02590000
RPVQMLNJJHPFFCA18CA,長安段四小段,38.77,都市：住,200000,3926,持分移轉,02960000
SPORMLTJJHPFFBA18CA,雙園段一小段,43.00,都市：住,1,1,全筆移轉,04350000
RPSPMLTJJHPFFAA18CA,興隆段一小段,18.90,都市：住,10000,46,持分移轉,02710000
RPSPMLTJJHPFFAA18CA,興隆段一小段,.52,都市：住,10000,41,持分移轉,02760004
RPSPMLTJJHPFFAA18CA,興隆段一小段,.01,都市：住,10000,41,持分移轉,02820008
RPTQMLQJJHPFFCA28CA,大湖段二小段,136.30,都市：住,100000,560,持分移轉,00700000
RPROMLNJJHPFFEA77CA,振興段三小段,32.25,都市：住,4,1,持分移轉,02080000
RPRQMLKMJHPFFDA87CA,福德段三小段,16.97,都市：住,10000,85,持分移轉,02990000
RPUOMLQJJHPFFDA28CA,玉成段四小段,8.00,都市：住,4,1,持分移轉,01180000
RPUOMLQJJHPFFDA28CA,玉成段四小段,21.50,都市：住,4,1,持分移轉,01180001
RPPNMLMLJHPFFDA47CA,永吉段四小段,2.30,都市：商,10000,13,持分移轉,00910000
RPPNMLMLJHPFFDA47CA,永吉段四小段,1.85,都市：商,10000,13,持分移轉,00930000
RPPOMLNJJHPFFEA57CA,文林段三小段,41.50,都市：住,4,1,持分移轉,05200000
RPRPMLPKJHPFFAA87DA,興隆段三小段,31.36,都市：住,100,4,持分移轉,03080000
RPPNMLMLJHPFFDA47CA,永吉段四小段,1.72,都市：其他:交通用地(公共設施用地)【79/5/24】,10000,13,持分移轉,00930001
RPSPMLNJJHPFFDA87CA,南港段三小段,39.00,都市：住,4,1,持分移轉,01510000
RPUQMLNJJHPFFCA08CA,碧湖段二小段,9.33,都市：住,10000,159,持分移轉,05180000
RPUQMLNJJHPFFCA08CA,碧湖段二小段,9.97,都市：住,10000,159,持分移轉,05190008
RPUQMLNJJHPFFCA08CA,碧湖段二小段,.24,都市：住,10000,159,持分移轉,05190017
RPWNMLOKJHPFFDA28CA,三興段二小段,9.00,都市：住,12,1,持分移轉,05670000
RPUNMLSJJHPFFBA18CA,華江段一小段,39.00,都市：住,1,1,全筆移轉,02640000
RPRNMLQJJHPFFAA57CA,景美段二小段,36.37,都市：住,202732,9765,持分移轉,02110000
RPPPMLTJJHPFFDA18CA,信義段三小段,33.77,都市：其他:特定業務區,100000,965,持分移轉,00270001
RPSQMLKLJHPFFEA97CA,福順段一小段,10.19,都市：住,100000,1247,持分移轉,01610000
RPSQMLKLJHPFFEA97CA,福順段一小段,1.36,都市：住,100000,1247,持分移轉,01610001
RPOPMLNJJHPFFCA37CA,吉林段三小段,2.02,都市：商,100000,215,持分移轉,09190000
RPTNMLQJJHPFFDA08CA,寶清段七小段,9.11,都市：商,100000,803,持分移轉,01320000
RPPQMLTJJHPFFEA38CA,文林段三小段,23.21,都市：住,10000,140,持分移轉,06940000
RPSNMLLLJHPFFEA77CA,天山段二小段,33.27,都市：商,10000,111,持分移轉,05010000
RPPOMLTJJHPFFAA77CA,萬慶段二小段,31.56,都市：住,10000,442,持分移轉,01090000
RPPOMLTJJHPFFAA77CA,萬慶段二小段,1.83,都市：其他:道路用地,12,1,持分移轉,01150000
RPSNMLOJKHPFFDA87CA,敦化段三小段,33.50,都市：住,4,1,持分移轉,02790000
RPURMLOKJHPFFCA48DA,長春段一小段,11.79,都市：住,10000,167,持分移轉,10650000
RPVOMLKKJHPFFEA08DA,奇岩段三小段,.66,都市：住,70,1,持分移轉,04000000
RPVOMLKKJHPFFEA08DA,奇岩段三小段,.57,都市：住,70,1,持分移轉,04010000
RPVOMLKKJHPFFEA08DA,奇岩段三小段,.54,都市：住,70,1,持分移轉,04100000
RPVOMLKKJHPFFEA08DA,奇岩段三小段,36.40,都市：住,5,1,持分移轉,04050000
RPSPMLKKJHPFFEA77CA,天母段四小段,25.35,都市：住,10000,45,持分移轉,00430000
RPPTMLPKJHPFFCA28DA,碧湖段四小段,7.54,都市：其他:交通用地,100000,171,持分移轉,04610000
RPQNMLNKJHPFFAA27CA,萬芳段二小段,153.35,都市：住,10000,45,持分移轉,06000000
RPWNMLMLJHPFFBA97CA,玉泉段一小段,40.24,都市：商,10000,768,持分移轉,01940000
RPQNMLSJJHPFFEA08CA,百齡段三小段,45.75,都市：住,4,1,持分移轉,04530000
RPWNMLMLJHPFFBA97CA,玉泉段一小段,.77,都市：商,10000,768,持分移轉,01960000
RPWNMLMLJHPFFBA97CA,玉泉段一小段,4.84,都市：商,10000,768,持分移轉,01970000
RPXPMLRKJHPFFCA78CA,榮星段二小段,25.25,都市：住,4,1,持分移轉,01360000
RPWOMLQJJHPFFEA58CA,三玉段四小段,25.20,都市：住,10000,127,持分移轉,02680000
RPUQMLOKJHPFFDA48DA,福德段一小段,26.31,都市：住,10640,665,持分移轉,07380000
RPVSMLRJJHPFFCA78CA,西湖段二小段,35.86,都市：住,10000,556,持分移轉,01840000
RPSOMLQJJHPFFBA87CA,玉泉段二小段,5.83,都市：其他:特定專用區,10000,56,持分移轉,00390000
RPTNMLNKJHPFFAA57CA,萬芳段二小段,156.75,都市：住,10000,46,持分移轉,06000000
RPWOMLTJJHPFFDA78CA,美仁段一小段,2.61,都市：住,10000,47,持分移轉,04160000
RPWOMLTJJHPFFDA78CA,美仁段一小段,21.09,都市：住,10000,319,持分移轉,04170000
RPPNMLMKJHPFFBA27DA,雙連段一小段,14.71,都市：商,100000,909,持分移轉,06800000
RPUNMLSJJHPFFEA48CA,光華段三小段,7.21,都市：住,10000,82,持分移轉,08990000
RPSNMLPJKHPFFAA67CA,萬慶段一小段,35.50,都市：住,4,1,持分移轉,02400000
RPWPMLTJJHPFFCA88DA,中山段二小段,13.55,都市：商,10000,232,持分移轉,01620000
RPQQMLLLJHPFFBA67DA,雙連段一小段,18.75,都市：住,4,1,持分移轉,01810000
RPOPMLTJJHPFFEA18CA,蘭雅段一小段,30.05,都市：其他:市場用地(公共設施用地)。,100000,428,持分移轉,06560000
RPOOMLOKJHPFFCA47CA,舊宗段,48.27,都市：住,540000,398,持分移轉,01130000
RPOPMLTJJHPFFEA18CA,蘭雅段一小段,.01,都市：其他:道路用地(公共設施用地),100000,428,持分移轉,06560001
RPOPMLTJJHPFFEA18CA,蘭雅段一小段,.04,都市：其他:道路用地(公共設施用地),100000,428,持分移轉,06560002
RPSNMLMKJHPFFDA77DA,南港段一小段,33.75,都市：住,10000,108,持分移轉,13190000
RPUNMLSJJHPFFAA08CA,興泰段一小段,6.79,都市：住,10000,30,持分移轉,05100000
RPUNMLSJJHPFFAA08CA,興泰段一小段,.80,都市：住,10000,30,持分移轉,08060000
RPUNMLSJJHPFFAA08CA,興泰段一小段,.35,都市：住,10000,30,持分移轉,08150000
RPUNMLSJJHPFFAA08CA,興泰段一小段,27.55,都市：住,10000,30,持分移轉,08180000
RPWNMLSJJHPFFAA28CA,木柵段一小段,15.30,都市：商,10000,112,持分移轉,05300000
RPPNMLKMJHPFFCA27CA,康寧段三小段,20.61,都市：其他:市場用地,100000,498,持分移轉,02670001
RPWNMLOJKHPFFEA38CA,新民段二小段,159.76,都市：住,10000,1092,持分移轉,01030000
RPUNMLTJJHPFFFA68CA,通化段五小段,41.54,都市：其他:敦化南北路特定專用區(B區),10000,104,持分移轉,04920000
RPPNMLMJKHPFFAA07CA,萬隆段二小段,33.75,都市：住,4,1,持分移轉,00950000
RPXNMLQJJHPFFAA28DA,福和段二小段,21.24,都市：住,100000,706,持分移轉,06990000
RPTNMLRJJHPFFDA28DA,逸仙段二小段,48.81,都市：住,10000,265,持分移轉,00700000
RPWNMLQJJHPFFCA38DA,榮星段五小段,1.05,都市：住,181,1,持分移轉,04340000
RPSVMLTJJHPFFCA09DA,德惠段四小段,18.20,都市：商,1000,100,持分移轉,01590000
RPTOMLTJJHPFFEA58CA,桃源段二小段,.43,都市：住,10000,1,持分移轉,02510000
RPTOMLRJJHPFFFA48CA,學府段一小段,22.66,都市：住,10000,498,持分移轉,05210000
RPVTMLRJJHPFFBA78CA,大同段二小段,25.75,都市：商,4,1,持分移轉,00180000
RPVOMLOKKHPFFEA48CA,開明段一小段,88.53,都市：住,10000,533,持分移轉,00030000
RPVOMLOKKHPFFEA48CA,開明段一小段,.05,都市：其他:道路用地,10000,533,持分移轉,00030002
RPTOMLTJJHPFFCA38CA,正義段一小段,20.54,都市：商,10000,209,持分移轉,02090000
RPROMLSJJHPFFCA08CA,長春段一小段,26.43,都市：住,90152,88,持分移轉,00020000
RPTOMLQJKHPFFDA38DA,虎林段四小段,2.61,都市：商,4000,145,持分移轉,00880000
RPTOMLQJKHPFFDA38DA,虎林段四小段,.18,都市：其他:道路用地(公共設施用地),4000,145,持分移轉,00890000
RPOPMLOKJHPFFFA97DA,懷生段二小段,11.11,都市：住,99643,85,持分移轉,02220000
RPOPMLOKJHPFFFA97DA,懷生段二小段,8.47,都市：商,99643,85,持分移轉,02220007
RPPPMLSJJHPFFBA87CA,莒光段四小段,31.50,都市：住,4,1,持分移轉,08320000
RPQNMLMKJHPFFBA37DA,中正段一小段,4.81,都市：住,10000,75,持分移轉,02420007
RPQNMLMKJHPFFBA37DA,中正段一小段,20.93,都市：住,10000,75,持分移轉,02420013
RPTPMLTJJHPFFFA88DA,通化段三小段,28.66,都市：住,10000,879,持分移轉,08050000
RPPSMLRJJHPFFCA18CA,碧湖段四小段,60.07,都市：住,100000,1997,持分移轉,10250000
RPPSMLRJJHPFFCA18CA,碧湖段四小段,36.45,都市：住,100000,1997,持分移轉,10250002
RPPNMLLKJHPFFFA47CA,復興段三小段,17.00,都市：商,368,34,持分移轉,00220000
RPOOMLSJJHPFFEA08DA,百齡段五小段,38.00,都市：住,4,1,持分移轉,02200000
RPPNMLMKJHPFFFA67DA,通化段四小段,4.12,都市：商,8,1,持分移轉,02190000
RPPNMLMKJHPFFFA67DA,通化段四小段,20.25,都市：商,4,1,持分移轉,02200000
RPQNMLMKJHPFFFA77DA,通化段四小段,4.12,都市：商,8,1,持分移轉,02190000
RPQNMLMKJHPFFFA77DA,通化段四小段,31.25,都市：商,4,1,持分移轉,02230000
RPWQMLRJJHPFFCA68CA,榮星段四小段,22.25,都市：住,4,1,持分移轉,02890000
RPVNMLKLJHPFFAA67DA,木柵段三小段,18.55,都市：商,10000,76,持分移轉,01650000
RPROMLPKJHPFFEA08CA,立農段五小段,36.60,都市：住,10000,46,持分移轉,05890000
RPTQMLNJKHPFFCA08CA,中山段一小段,4.31,都市：商,10000,30,持分移轉,04800000
RPUOMLNKJHPFFFA38DA,懷生段二小段,11.50,都市：住,298929,264,持分移轉,02220000
RPUOMLNKJHPFFFA38DA,懷生段二小段,8.77,都市：商,298929,264,持分移轉,02220007
RPXOMLKKJHPFFCA08DA,長春段一小段,13.41,都市：商,31000,120,持分移轉,06370000
RPXOMLKKJHPFFCA08DA,長春段一小段,1.42,都市：商,31000,120,持分移轉,06580004
RPXOMLKKKHPFFFA38CA,金華段四小段,8.24,都市：住,1000000,10918,持分移轉,05150000
RPUNMLSJJHPFFFA58CA,通化段五小段,.48,都市：商,100000,477,持分移轉,00130001
RPXOMLKKKHPFFFA38CA,金華段四小段,4.08,都市：住,1000000,10918,持分移轉,05180007
RPUNMLSJJHPFFFA58CA,通化段五小段,3.26,都市：商,100000,571,持分移轉,00090000
RPXOMLKKKHPFFFA38CA,金華段四小段,2.47,都市：住,1000000,10918,持分移轉,05190000
RPXOMLKKKHPFFFA38CA,金華段四小段,5.49,都市：住,1000000,10918,持分移轉,05190006
RPTSMLKLJHPFFCA08CA,西湖段四小段,46.33,都市：其他:科技工業區,10000,254,持分移轉,00100000
RPSRMLOKJHPFFCA28DA,西湖段二小段,36.86,都市：住,28,1,持分移轉,04800000
RPSRMLOKJHPFFCA28DA,西湖段二小段,.11,都市：住,28,1,持分移轉,04800001
RPPNMLSKJHPFFDA08DA,寶清段二小段,3.37,都市：商,10000,43,持分移轉,04120000
RPTNMLPKJHPFFEA28DA,百齡段五小段,34.96,都市：住,90,1,持分移轉,05430000
RPUOMLRJJHPFFFA68DA,辛亥段六小段,14.47,都市：住,10000,402,持分移轉,00250000
RPUNMLSJJHPFFDA38CA,寶清段七小段,3.96,都市：商,100000,349,持分移轉,01320000
RPUOMLRJJHPFFFA68DA,辛亥段六小段,1.21,都市：住,10000,402,持分移轉,00250018
RPUOMLTJJHPFFBA38CA,青年段一小段,1.39,都市：住,100000,200,持分移轉,07110000
RPUOMLTJJHPFFBA38CA,青年段一小段,.66,都市：住,100000,200,持分移轉,07110003
RPUOMLTJJHPFFBA38CA,青年段二小段,32.92,都市：住,100000,200,持分移轉,00180000
RPSNMLPLKHPFFBA08DA,龍山段一小段,16.00,都市：商,28,7,持分移轉,05480000
RPUOMLTJJHPFFBA38CA,青年段二小段,.26,都市：住,100000,200,持分移轉,00180039
RPSNMLPLKHPFFBA08DA,龍山段一小段,.50,都市：其他:道路用地(公共設施用地),28,7,持分移轉,05480001
RPPOMLSJJHPFFDA97CA,民生段,39.94,都市：住,10000,631,持分移轉,00250022
RPPPMLKKKHPFFFA67CA,金華段四小段,8.24,都市：住,1000000,10918,持分移轉,05150000
RPPPMLKKKHPFFFA67CA,金華段四小段,4.08,都市：住,1000000,10918,持分移轉,05180007
RPPPMLKKKHPFFFA67CA,金華段四小段,2.47,都市：住,1000000,10918,持分移轉,05190000
RPPPMLKKKHPFFFA67CA,金華段四小段,5.49,都市：住,1000000,10918,持分移轉,05190006
RPPPMLKKJHPFFCA27CA,東湖段二小段,148.23,都市：住,100000,1171,持分移轉,00040000
RPPPMLKKJHPFFCA27CA,東湖段二小段,1.24,都市：住,100000,15,持分移轉,00020000
RPTNMLOKJHPFFFA28DA,復興段三小段,30.67,都市：住,3000,250,持分移轉,01290000
RPUOMLRJJHPFFDA38CA,經貿段,16.37,都市：住,10000,309,持分移轉,00320007
RPTOMLSJJHPFFEA48CA,秀山段二小段,22.38,都市：住,100000,2298,持分移轉,06630000
RPPTMLTJJHPFFCA48CA,東湖段一小段,14.81,都市：住,100000,485,持分移轉,00150002
RPXOMLOKJHPFFFA78DA,龍泉段一小段,34.60,都市：住,99996,2542,持分移轉,02110000
RPOQMLTJJHPFFEA38DA,永新段三小段,25.00,都市：商,3,1,持分移轉,03060000
RPWQMLLLJHPFFCA28CA,碧湖段三小段,34.31,都市：住,1748,25,持分移轉,04990000
RPUOMLQKJHPFFBA18CA,華江段三小段,71.00,都市：住,1,1,全筆移轉,07700000
RPUOMLQKJHPFFBA18CA,華江段三小段,32.00,都市：其他:道路用地,1,1,全筆移轉,07700001
RPQQMLTJJHPFFCA38DA,潭美段五小段,40.68,都市：住,100000,1384,持分移轉,00970000
RPXPMLSJJHPFFCA78CA,北安段二小段,26.53,都市：住,45500,2653,持分移轉,04780000
RPVOMLTJJHPFFCA58CA,碧湖段一小段,13.10,都市：住,10000,539,持分移轉,03780000
RPPNMLSKKHPFFFA28CA,復興段三小段,16.59,都市：商,1446485,19430,持分移轉,03090000
RPVOMLTJJHPFFCA58CA,碧湖段一小段,6.30,都市：住,10000,348,持分移轉,03790000
RPRNMLTJJHPFFFA48DA,懷生段四小段,5.17,都市：住,6,1,持分移轉,00350000
RPRNMLTJJHPFFFA48DA,懷生段四小段,11.33,都市：住,6,1,持分移轉,00350001
RPRNMLTJJHPFFFA48DA,懷生段四小段,6.00,都市：住,6,1,持分移轉,00360000
RPRNMLTJJHPFFFA48DA,懷生段四小段,13.67,都市：住,6,1,持分移轉,00360001
RPOOMLKKJHPFFAA86CA,興隆段一小段,25.16,都市：住,10000,164,持分移轉,03980000
RPOOMLKKJHPFFAA86CA,興隆段一小段,2.62,都市：住,10000,164,持分移轉,03980001
RPOOMLKKJHPFFAA86CA,興隆段一小段,.56,都市：住,10000,164,持分移轉,03990003
RPOOMLKKJHPFFAA86CA,興隆段一小段,.02,都市：住,10000,164,持分移轉,03990004
RPORMLTJJHPFFAA97CA,公訓段二小段,5.30,都市：住,100000,536,持分移轉,04880000
RPRPMLNKJHPFFDA87CA,寶清段五小段,23.42,都市：其他:第三種住宅區。,24,2,持分移轉,00220000
RPRNMLMLJHPFFBA57DA,成功段三小段,32.54,都市：住,10000,530,持分移轉,00860000
RPVNMLNKJHPFFFA28CA,大安段三小段,25.33,都市：住,73499,37,持分移轉,02980000
RPPNMLOKJHPFFEA67CA,三玉段五小段,37.30,都市：住,10,1,持分移轉,02520000
RPPNMLOKJHPFFEA67CA,三玉段五小段,6.10,都市：其他:道路用地,10,1,持分移轉,02510000
RPQOMLTJJHPFFAA87CA,實踐段三小段,21.71,都市：住,10000,547,持分移轉,07650000
RPSNMLSKJHPFFCA18CA,東湖段一小段,44.65,都市：住,10000,105,持分移轉,00300004
RPWOMLMLJHPFFCA28DA,長安段一小段,18.49,都市：住,35000000,494134,持分移轉,03020000
RPWOMLMLJHPFFDA38DA,西松段一小段,18.02,都市：住,100000,452,持分移轉,00060002
RPROMLSJJHPFFDA18CA,吳興段二小段,29.05,都市：住,10000,536,持分移轉,00980000
RPWOMLMLJHPFFDA38DA,西松段一小段,26.51,都市：住,100000,452,持分移轉,00060003
RPTOMLKMJHPFFCA77CA,長安段四小段,17.75,都市：住,8,1,持分移轉,02630000
RPTNMLSJJHPFFDA38DA,吳興段一小段,54.75,都市：住,4,1,持分移轉,06940000
RPQNMLTJJHPFFDA08CA,美仁段一小段,38.31,都市：住,49000,272,持分移轉,00020003
RPWNMLRKKHPFFAA38CA,木柵段四小段,25.50,都市：住,10000,474,持分移轉,02370000
RPTOMLKKJHPFFAA37CA,興泰段三小段,23.77,都市：住,10000,278,持分移轉,04130000
RPSQMLNKJHPFFDA18DA,南港段一小段,6.95,都市：商,10000,175,持分移轉,11130000
RPUPMLNKJHPFFCA18DA,正義段三小段,5.52,都市：商,10000,138,持分移轉,04910000
RPXVMLOKJHPFFEA76DA,關渡段二小段,13.74,都市：住,200000,5937,持分移轉,03270000
RPUQMLTJJHPFFCA68CA,東湖段六小段,39.90,都市：住,116520,2394,持分移轉,02100000
RPQOMLTJJHPFFCA08CA,東湖段三小段,52.07,都市：住,14,1,持分移轉,00180011
RPWNMLRKJHPFFDA58CA,雅祥段二小段,24.19,都市：住,10000,67,持分移轉,04690000
RPWNMLRKJHPFFDA58CA,雅祥段二小段,.02,都市：住,10000,67,持分移轉,04690003
RPUOMLTJJHPFFAA28CA,福和段一小段,12.45,都市：住,100000,812,持分移轉,03690000
RPUOMLTJJHPFFAA28CA,福和段一小段,2.58,都市：住,100000,812,持分移轉,03690003
RPUOMLTJJHPFFAA28CA,福和段一小段,.04,都市：其他:道路用地(公共設施用地),100000,812,持分移轉,03690005
RPUOMLTJJHPFFAA28CA,福和段二小段,.06,都市：住,100000,812,持分移轉,01030001
RPPNMLLKJHPFFDA37DA,福德段四小段,28.80,都市：住,10,1,持分移轉,00110000
RPQNMLOJKHPFFEA77CA,海光段三小段,8.42,都市：商,10000,217,持分移轉,00310000
RPQNMLOJKHPFFEA77CA,海光段三小段,1.65,都市：住,10000,217,持分移轉,00350000
RPRNMLKKJHPFFDA37CA,敦化段五小段,37.08,都市：住,29975,927,持分移轉,00080008
RPROMLKKJHPFFAA17CA,政大段四小段,9.60,都市：住,10000,750,持分移轉,03630000
RPQOMLNKJHPFFAA47DA,興隆段二小段,51.70,都市：住,10000,462,持分移轉,01850000
RPQOMLNKJHPFFAA47DA,興隆段二小段,8.69,都市：住,10000,462,持分移轉,01900003
RPWOMLLLJHPFFBA97CA,雙連段一小段,.01,都市：商,189,1,持分移轉,04590000
RPOOMLPJKHPFFAA37CA,興泰段二小段,20.59,都市：住,100000,1533,持分移轉,02890000
RPUNMLOKJHPFFAA87DA,興安段三小段,21.36,都市：住,10000,268,持分移轉,02730000
RPTNMLOKJHPFFCA87CA,碧湖段四小段,28.42,都市：住,10000,207,持分移轉,10840000
RPRPMLNKJHPFFCA77CA,中山段一小段,3.16,都市：商,10000,22,持分移轉,04800000
RPQNMLOKJHPFFCA57CA,吉林段二小段,29.33,都市：住,3,1,持分移轉,08670000
RPOPMLKKJHPFFEA37CA,芝山段一小段,25.00,都市：其他:道路用地,1,1,全筆移轉,01320001
RPQOMLKKJHPFFEA57DA,華岡段三小段,7.14,都市：商,10000,66,持分移轉,06050000
RPOOMLKKJHPFFCA07CA,文德段三小段,5.26,都市：住,10000,27,持分移轉,00250002
RPSPMLNKJHPFFBA77CA,文昌段一小段,73.00,都市：住,1,1,全筆移轉,02420000
RPXNMLKKJHPFFFA18CA,通化段六小段,14.81,都市：住,10000,52,持分移轉,02980000
RPOOMLKKJHPFFCA07CA,文德段三小段,7.39,都市：住,10000,27,持分移轉,00780000
RPXNMLKKJHPFFFA18CA,通化段六小段,1.68,都市：住,10000,52,持分移轉,02990000
RPXNMLKKJHPFFFA18CA,通化段六小段,.18,都市：住,10000,14,持分移轉,02990004
RPRNMLNJKHPFFBA57DA,橋北段二小段,15.37,都市：住,10000,2745,持分移轉,01240000
RPROMLLLJHPFFCA57CA,中山段一小段,17.84,都市：商,2400000,26688,持分移轉,09750000
RPXNMLKKJHPFFBA77CA,城中段一小段,7.02,都市：商,10000,61,持分移轉,08000000
RPWPMLRKJHPFFEA88CA,三合段,56.29,都市：住,100000,3385,持分移轉,00210000
RPTNMLQKJHPFFFA38CA,通化段二小段,25.00,都市：商,1260,252,持分移轉,03370000
RPVOMLTJJHPFFDA68CA,吳興段二小段,27.65,都市：住,10000,779,持分移轉,01860000
RPVQMLOKJHPFFCA38CA,文德段二小段,35.32,都市：住,63468,295,持分移轉,05210000
RPVQMLOKJHPFFCA38CA,文德段三小段,2.27,都市：住,63468,295,持分移轉,04430001
RPXOMLLLJHPFFBA08CA,雙連段一小段,.01,都市：商,189,1,持分移轉,04590000
RPRPMLOJKHPFFEA08CA,行義段三小段,42.71,都市：住,4,1,持分移轉,03630000
RPUOMLQKJHPFFFA68DA,金華段一小段,14.35,都市：商,10000,162,持分移轉,01270000
RPUOMLQKJHPFFFA68DA,金華段一小段,1.85,都市：商,10000,162,持分移轉,01310002
RPUOMLQKJHPFFFA68DA,金華段一小段,.22,都市：其他:道路用地,9,1,持分移轉,01320002
RPTNMLNKJHPFFBA67CA,直興段一小段,70.00,都市：商,1,1,全筆移轉,00570000
RPTNMLNKJHPFFBA67CA,直興段一小段,11.00,都市：商,1,1,全筆移轉,00580000
RPPOMLOKJHPFFAA37CA,河堤段六小段,12.45,都市：住,100000,1972,持分移轉,05680000
RPPOMLOKJHPFFAA37CA,河堤段六小段,9.02,都市：商,100000,1972,持分移轉,05700000
RPOPMLNKJHPFFAA37DA,興泰段一小段,29.00,都市：住,100000,183,持分移轉,08020000
RPOPMLNKJHPFFAA37DA,興泰段一小段,.86,都市：住,100000,183,持分移轉,08040000
RPOPMLNKJHPFFAA37DA,興泰段一小段,7.39,都市：住,100000,183,持分移轉,08200000
RPPOMLKKJHPFFDA27CA,新光段二小段,21.58,都市：其他:市場用地(公共設施用地),10000,71,持分移轉,03350000
RPRNMLKKJHPFFCA27CA,東湖段五小段,34.40,都市：住,10000,88,持分移轉,02600000
RPROMLNKJHPFFEA87CA,百齡段二小段,36.50,都市：住,4,1,持分移轉,02770000
RPWOMLPJKHPFFAA18CA,興泰段二小段,.13,都市：住,100000,10,持分移轉,02890000
RPTOMLKKJHPFFCA57CA,大湖段二小段,228.06,都市：住,100000,937,持分移轉,00700000
RPOWMLTJJHPFFCA78DA,正義段二小段,3.68,都市：商,10000,59,持分移轉,02210000
RPUPMLTJJHPFFEA78CA,桃源段四小段,101.01,都市：住,10,2,持分移轉,01140000
RPXQMLTJJHPFFAA78CA,萬芳段三小段,81.75,都市：住,4,3,持分移轉,05560000
RPXQMLTJJHPFFAA78CA,萬芳段三小段,2.20,都市：住,40000,381,持分移轉,04370001
RPXQMLTJJHPFFAA78CA,萬芳段三小段,.12,都市：住,40000,381,持分移轉,04740001
RPXOMLNKJHPFFEA58DA,三玉段五小段,47.38,都市：住,8,1,持分移轉,02760000
RPXOMLNKJHPFFEA58DA,三玉段五小段,4.12,都市：其他:道路用地,8,1,持分移轉,02750000
RPSNMLKKJHPFFEA57CA,天山段二小段,31.71,都市：住,14,1,持分移轉,04020000
RPVOMLKKKHPFFCA87CA,西湖段四小段,67.54,都市：其他:科技工業區,100000,821,持分移轉,01570000
RPROMLNKJHPFFDA77CA,祥和段二小段,26.00,都市：住,4,1,持分移轉,07730000
RPTOMLRKJHPFFDA38CA,逸仙段三小段,17.33,都市：商,10000,218,持分移轉,06440000
RPTQMLNKJHPFFEA38DA,三玉段一小段,32.79,都市：住,10000,952,持分移轉,04640000
RPROMLNKJHPFFCA67CA,北安段二小段,3.64,都市：住,80000,1039,持分移轉,02460000
RPROMLNKJHPFFCA67CA,北安段二小段,42.50,都市：住,4,1,持分移轉,02490000
RPROMLNKJHPFFCA67CA,北安段二小段,.75,都市：其他:道路用地(公共設施用地),4,1,持分移轉,02490001
RPPPMLRKJHPFFDA08CA,逸仙段三小段,4.00,都市：住,10000,104,持分移轉,08600000
RPPPMLRKJHPFFDA08CA,逸仙段三小段,10.23,都市：商,10000,104,持分移轉,08600001
RPWNMLMKJHPFFDA18DA,民生段,57.25,都市：住,4,1,持分移轉,01270011
RPWNMLMKJHPFFDA18DA,民生段,.04,都市：商,4860000,194,持分移轉,01380000
RPWNMLMKJHPFFDA18DA,民生段,.01,都市：商,4860000,194,持分移轉,01380001
RPWNMLMKJHPFFDA18DA,民生段,.06,都市：商,4860000,194,持分移轉,01380002
RPWNMLNKJHPFFEA28CA,芝蘭段一小段,.57,都市：住,10000,2,持分移轉,02260000
RPWNMLNKJHPFFEA28CA,芝蘭段一小段,26.44,都市：住,10000,251,持分移轉,02270000
RPUOMLOKJHPFFAA87CA,萬芳段三小段,1.17,都市：住,48,2,持分移轉,02430000
RPUOMLOKJHPFFAA87CA,萬芳段三小段,3.50,都市：住,48,2,持分移轉,02500000
RPUOMLOKJHPFFAA87CA,萬芳段三小段,1.90,都市：住,10000,39,持分移轉,01940000
RPUOMLOKJHPFFAA87CA,萬芳段三小段,42.00,都市：住,1,1,全筆移轉,02300000
RPUOMLOKJHPFFAA87CA,萬芳段三小段,22.92,都市：住,48,2,持分移轉,02360000
RPUOMLOKJHPFFAA87CA,萬芳段三小段,3.71,都市：住,48,2,持分移轉,02410000
RPPOMLKKJHPFFFA47CA,大安段一小段,7.17,都市：住,10000,84,持分移轉,03390000
RPROMLKLKHPFFCA57CA,金泰段,18.02,都市：商,10000,103,持分移轉,00810014
RPSOMLOKJHPFFCA87CA,長安段三小段,4.92,都市：商,10000,278,持分移轉,01860000
RPSOMLOKJHPFFCA87CA,長安段三小段,18.01,都市：商,10000,278,持分移轉,01980000
RPQNMLOKJHPFFFA87CA,懷生段三小段,.49,都市：住,5000,39,持分移轉,00740000
RPQNMLOKJHPFFFA87CA,懷生段三小段,.00,都市：其他:道路用地,50000,6,持分移轉,00710001
RPQNMLOKJHPFFFA87CA,懷生段三小段,1.00,都市：其他:道路用地,15,3,持分移轉,00720003
RPQNMLOKJHPFFFA87CA,懷生段三小段,11.60,都市：住,15,3,持分移轉,00720002
RPQNMLOKJHPFFFA87CA,懷生段三小段,.90,都市：住,15000,183,持分移轉,00720000
RPQNMLOKJHPFFFA87CA,懷生段三小段,16.00,都市：住,15,3,持分移轉,00720001
RPQNMLOKJHPFFFA87CA,懷生段三小段,.00,都市：住,10000,15,持分移轉,00680001
RPQNMLOKJHPFFFA87CA,懷生段三小段,.01,都市：住,50000,6,持分移轉,00690000
RPQNMLOKJHPFFFA87CA,懷生段三小段,.00,都市：其他:道路用地,50000,6,持分移轉,00690002
RPQNMLOKJHPFFFA87CA,懷生段三小段,.00,都市：住,50000,3,持分移轉,00700000
RPQNMLOKJHPFFFA87CA,懷生段三小段,.00,都市：其他:道路用地,50000,3,持分移轉,00700001
RPQNMLOKJHPFFFA87CA,懷生段三小段,.01,都市：住,50000,6,持分移轉,00710000
RPQNMLOKJHPFFFA87CA,懷生段三小段,.00,都市：住,10000,3,持分移轉,00880000
RPQNMLOKJHPFFFA87CA,懷生段三小段,.00,都市：住,10000,3,持分移轉,00890000
RPTNMLKLJHPFFAA37CA,政大段一小段,44.74,都市：住,400000,5548,持分移轉,00090000
RPQPMLQKJHPFFEA18CA,行義段四小段,33.40,都市：住,100000,11883,持分移轉,03560000
RPVOMLNKJHPFFAA87CA,萬芳段二小段,11.89,都市：住,100000,1885,持分移轉,06570002
RPWPMLLLJHPFFDA28CA,美仁段一小段,29.15,都市：住,20,1,持分移轉,06040000
RPWQMLOKJHPFFCA48CA,東湖段二小段,41.19,都市：住,10000,96,持分移轉,00220000
RPPNMLSKKHPFFDA08CA,信義段五小段,33.39,都市：其他:特定業務區,10000,278,持分移轉,00420000
RPUOMLNKJHPFFBA97DA,市府段一小段,24.81,都市：商,10000,397,持分移轉,05690000
RPOOMLKLJHPFFFA57DA,懷生段二小段,9.15,都市：住,99643,70,持分移轉,02220000
RPOOMLKLJHPFFFA57DA,懷生段二小段,6.98,都市：商,99643,70,持分移轉,02220007
RPRNMLTKJHPFFDA38DA,祥和段三小段,20.91,都市：其他:第三種住宅區。,180000,884,持分移轉,00040000
RPPOMLNKJHPFFBA37CA,雙連段一小段,10.82,都市：住,10000,38,持分移轉,06810000
RPUQMLQKJHPFFDA58CA,寶清段五小段,20.40,都市：住,10,2,持分移轉,01930021
RPPPMLKKKHPFFDA47CA,寶清段二小段,11.55,都市：商,100000,1037,持分移轉,03310000
RPSOMLRJKHPFFBA18DA,成功段三小段,57.29,都市：住,10000,196,持分移轉,00910000
RPSOMLRJKHPFFBA18DA,成功段三小段,.39,都市：其他:道路用地,10000,196,持分移轉,00910002
RPSQMLNKJHPFFEA28DA,振興段一小段,39.70,都市：住,10,1,持分移轉,04680000
RPSQMLNKJHPFFEA28DA,振興段一小段,6.70,都市：其他:道路用地,10,1,持分移轉,04680001
RPOPMLKKJHPFFDA27CA,寶清段三小段,6.50,都市：其他:道路用地,4,1,持分移轉,06190000
RPOPMLKKJHPFFDA27CA,寶清段三小段,30.75,都市：住,4,1,持分移轉,06200000
RPTQMLQKJHPFFDA48CA,寶清段五小段,20.40,都市：住,10,2,持分移轉,01930021
RPPPMLRJKHPFFDA08CA,玉成段三小段,51.87,都市：工,10000,616,持分移轉,00210000
RPSNMLNJKHPFFFA97CA,金華段二小段,37.84,都市：商,100000,1308,持分移轉,09630000
RPXNMLRKJHPFFFA88CA,仁愛段一小段,15.19,都市：商,10000,42,持分移轉,00040000
RPTPMLRKJHPFFDA48CA,中南段一小段,12.67,都市：商,18,3,持分移轉,00430000
RPTPMLRKJHPFFDA48CA,中南段一小段,16.50,都市：商,18,3,持分移轉,00440000
RPVOMLQKJHPFFDA48CA,玉成段四小段,27.99,都市：住,10000,283,持分移轉,04040000
RPVOMLQKJHPFFDA48CA,玉成段四小段,9.62,都市：住,10000,283,持分移轉,04040001
RPTQMLNKJHPFFCA08CA,石潭段四小段,32.09,都市：商,10000,548,持分移轉,02760000
RPQNMLMKJHPFFEA67DA,天山段二小段,28.04,都市：住,10000,55,持分移轉,00430000
RPVNMLTKJHPFFCA68DA,東湖段一小段,24.12,都市：住,10000,170,持分移轉,00160012
RPPNMLRKJHPFFEA97CA,富安段一小段,1702.14,都市：住,20000,1883,持分移轉,00990000
RPVNMLTKJHPFFCA68DA,東湖段一小段,.05,都市：其他:道路用地,10000,170,持分移轉,00160014
RPROMLOKJHPFFEA97CA,蘭雅段二小段,37.25,都市：住,4,1,持分移轉,04830000
RPXOMLLLJHPFFCA18CA,長安段四小段,27.00,都市：住,1,1,全筆移轉,02860000
RPXOMLLLJHPFFCA18CA,長安段四小段,19.00,都市：住,1,1,全筆移轉,02870000
RPQOMLOJKHPFFAA47CA,河堤段五小段,7.51,都市：商,10000,80,持分移轉,02960000
RPQOMLOJKHPFFAA47CA,河堤段五小段,.38,都市：住,10000,80,持分移轉,03030000
RPPPMLOKJHPFFCA67CA,中山段二小段,6.63,都市：商,100000,290,持分移轉,00510000
RPQRMLPKJHPFFCA08CA,東湖段七小段,43.43,都市：住,10000,522,持分移轉,00570000
RPPOMLOJKHPFFAA37CA,河堤段五小段,8.83,都市：商,10000,94,持分移轉,02960000
RPOTMLOKJHPFFEA18CA,芝山段二小段,33.12,都市：住,40,1,持分移轉,00300000
RPPOMLOJKHPFFAA37CA,河堤段五小段,.44,都市：住,10000,94,持分移轉,03030000
RPXNMLMLJHPFFDA28CA,永春段二小段,1.00,都市：住,36,1,持分移轉,01000000
RPXNMLMLJHPFFDA28CA,永春段二小段,12.92,都市：住,36,1,持分移轉,01010000
RPWNMLQKJHPFFEA58CA,百齡段一小段,19.90,都市：住,10000,179,持分移轉,03100000
RPWNMLQKJHPFFEA58CA,百齡段一小段,.75,都市：住,10000,179,持分移轉,03110000
RPUNMLNJKHPFFDA97CA,三興段二小段,23.81,都市：住,20000,75,持分移轉,04280016
RPORMLKLJHPFFDA57CA,雅祥段三小段,8.46,都市：商,10000,376,持分移轉,00560001
RPORMLKLJHPFFDA57CA,雅祥段三小段,17.52,都市：商,10000,376,持分移轉,00560000
RPWNMLRJKHPFFFA78CA,學府段一小段,61.40,都市：住,100000,1985,持分移轉,06360000
RPQPMLKLJHPFFCA57DA,碧湖段三小段,41.25,都市：住,4,1,持分移轉,02020000
RPUNMLTKJHPFFBA48DA,大同段二小段,29.87,都市：住,50000,865,持分移轉,03420000
RPVNMLKMJHPFFCA87CA,潭美段三小段,45.59,都市：工,10000,75,持分移轉,06350000
RPXOMLKMJHPFFCA18CA,東湖段七小段,24.76,都市：住,10000,268,持分移轉,05890000
RPPPMLPKJHPFFEA97CA,振興段一小段,22.75,都市：住,4,1,持分移轉,02740000
RPSNMLRKJHPFFAA87CA,南海段二小段,1.19,都市：商,10000,125,持分移轉,01720000
RPSNMLRKJHPFFAA87CA,南海段二小段,5.82,都市：商,10000,125,持分移轉,02050000
RPSPMLQKJHPFFCA18CA,中山段一小段,9.84,都市：商,100000,856,持分移轉,08510000
RPOOMLTKJHPFFCA08DA,德惠段四小段,4.45,都市：商,10000,44,持分移轉,03040000
RPOPMLPKJHPFFEA87CA,振興段三小段,45.75,都市：住,4,1,持分移轉,07700000
RPVOMLKLJHPFFCA97DA,碧湖段三小段,41.25,都市：住,4,1,持分移轉,02020000
RPTOMLKKKHPFFFA97CA,金華段四小段,8.24,都市：住,1000000,10918,持分移轉,05150000
RPTOMLKKKHPFFFA97CA,金華段四小段,4.08,都市：住,1000000,10918,持分移轉,05180007
RPTOMLKKKHPFFFA97CA,金華段四小段,2.47,都市：住,1000000,10918,持分移轉,05190000
RPTOMLKKKHPFFFA97CA,金華段四小段,5.49,都市：住,1000000,10918,持分移轉,05190006
RPSOMLOJKHPFFAA67CA,河堤段五小段,11.17,都市：商,10000,119,持分移轉,02960000
RPSOMLOJKHPFFAA67CA,河堤段五小段,.56,都市：住,10000,119,持分移轉,03030000
RPVNMLOKJHPFFEA38DA,芝蘭段一小段,8.33,都市：住,10000,20,持分移轉,01940000
RPVOMLKKKHPFFFA18CA,金華段四小段,8.19,都市：住,1000000,10848,持分移轉,05150000
RPVOMLKKKHPFFFA18CA,金華段四小段,4.06,都市：住,1000000,10848,持分移轉,05180007
RPVOMLKKKHPFFFA18CA,金華段四小段,2.45,都市：住,1000000,10848,持分移轉,05190000
RPVOMLKKKHPFFFA18CA,金華段四小段,5.46,都市：住,1000000,10848,持分移轉,05190006
RPROMLQKJHPFFEA28DA,振興段二小段,14.93,都市：商,100000,1189,持分移轉,04910000
RPWNMLSKJIGGFBA87DA,莒光段四小段,13.33,都市：住,3,1,持分移轉,09150000
RPPNMLOKJHPFFFA77CA,通化段三小段,6.26,都市：住,10000,1842,持分移轉,07190000
RPPNMLOKJHPFFFA77CA,通化段三小段,42.92,都市：住,10000,1842,持分移轉,07200000
RPORMLLMJHPFFCA67CA,中山段二小段,80.43,都市：商,420,60,持分移轉,00290000
RPORMLLMJHPFFCA67CA,中山段二小段,28.00,都市：商,420,60,持分移轉,00290001
RPURMLQKJHPFFCA58CA,中山段三小段,8.32,都市：商,100000,1070,持分移轉,06420000
RPRTMLKLJHPFFCA97CA,東湖段一小段,34.92,都市：住,10000,204,持分移轉,00300005
RPOTMLPKJHPFFCA18DA,金泰段,65.11,都市：住,100000,2150,持分移轉,00390004
RPSNMLPKJHPFFDA97CA,民生段,10.51,都市：商,681200,1051,持分移轉,00620002
RPSNMLPKJHPFFDA97CA,民生段,3.83,都市：商,681200,383,持分移轉,00620002
RPXNMLLMJHPFFBA18DA,延平段一小段,.24,都市：商,60000,810,持分移轉,07640000
RPXNMLLMJHPFFBA18DA,延平段一小段,2.63,都市：商,60000,810,持分移轉,07650000
RPXNMLLMJHPFFBA18DA,延平段一小段,2.73,都市：商,60000,810,持分移轉,07660000
RPXNMLLMJHPFFBA18DA,延平段一小段,.24,都市：商,60000,810,持分移轉,07670000
RPXNMLLMJHPFFBA18DA,延平段一小段,.70,都市：其他:特定專用區,60000,810,持分移轉,07680000
RPXNMLLMJHPFFBA18DA,延平段一小段,7.95,都市：其他:特定專用區,60000,810,持分移轉,07690000
RPSPMLRJKHPFFDA38CA,雅祥段三小段,11.07,都市：商,100000,2376,持分移轉,00560000
RPSPMLRJKHPFFDA38CA,雅祥段三小段,5.35,都市：商,100000,2376,持分移轉,00560001
RPSNMLPKJHPFFBA77CA,文昌段二小段,25.66,都市：住,10000,29,持分移轉,02670000
RPQNMLQKJHPFFDA87CA,犂和段二小段,35.45,都市：住,10000,303,持分移轉,02560000
RPVOMLOKJHPFFFA48CA,金華段三小段,5.74,都市：商,10000,226,持分移轉,00110000
RPPOMLMKKHPFFDA57CA,吳興段三小段,4.52,都市：住,27,1,持分移轉,02200000
RPPOMLMKKHPFFDA57CA,吳興段三小段,2.20,都市：住,720,13,持分移轉,02200000
RPPOMLMKKHPFFDA57CA,吳興段三小段,1.04,都市：住,2700,23,持分移轉,02200000
RPPOMLMKKHPFFDA57CA,吳興段三小段,1.04,都市：住,2700,23,持分移轉,02200000
RPPOMLMKKHPFFDA57CA,吳興段三小段,.68,都市：住,180,1,持分移轉,02200000
RPPOMLMKKHPFFDA57CA,吳興段三小段,.68,都市：住,180,1,持分移轉,02200000
RPPOMLMKKHPFFDA57CA,吳興段三小段,.68,都市：住,180,1,持分移轉,02200000
RPPOMLMKKHPFFDA57CA,吳興段三小段,.45,都市：住,270,1,持分移轉,02200000
RPPOMLMKKHPFFDA57CA,吳興段三小段,2.33,都市：住,27,1,持分移轉,02200002
RPPOMLMKKHPFFDA57CA,吳興段三小段,.54,都市：住,2700,23,持分移轉,02200002
RPPOMLMKKHPFFDA57CA,吳興段三小段,.54,都市：住,2700,23,持分移轉,02200002
RPPOMLMKKHPFFDA57CA,吳興段三小段,1.14,都市：住,720,13,持分移轉,02200002
RPPOMLMKKHPFFDA57CA,吳興段三小段,.35,都市：住,180,1,持分移轉,02200002
RPPOMLMKKHPFFDA57CA,吳興段三小段,.35,都市：住,180,1,持分移轉,02200002
RPPOMLMKKHPFFDA57CA,吳興段三小段,.35,都市：住,180,1,持分移轉,02200002
RPPOMLMKKHPFFDA57CA,吳興段三小段,.23,都市：住,270,1,持分移轉,02200002
RPTOMLQKJHPFFDA28CA,民生段,19.89,都市：住,1782200,9803,持分移轉,00550001
RPTOMLOKJHPFFDA08CA,敦化段五小段,33.09,都市：商,10000,246,持分移轉,00290004
RPROMLMLJHPFFCA67CA,東湖段七小段,25.49,都市：住,10000,276,持分移轉,05890000
RPTOMLLLJHPFFBA67CA,青年段二小段,.36,都市：住,10000,56,持分移轉,03110000
RPTOMLLLJHPFFBA67CA,青年段二小段,27.41,都市：住,10000,56,持分移轉,03180000
RPVOMLKKKHPFFEA08CA,三玉段三小段,76.92,都市：商,50000,678,持分移轉,00020000
RPSNMLOJKHPFFAA57CA,木柵段三小段,38.12,都市：商,10000,112,持分移轉,06960000
RPVOMLKKKHPFFEA08CA,三玉段三小段,.61,都市：住,50000,678,持分移轉,00130000
RPRNMLPKJHPFFEA97CA,天山段一小段,18.34,都市：住,10000,229,持分移轉,01770000
RPRNMLPKJHPFFEA97CA,天山段一小段,1.68,都市：住,10000,227,持分移轉,01780000
RPWNMLMLJHPFFDA18CA,玉成段三小段,41.43,都市：工,276000,2319,持分移轉,05270000
RPWNMLMLJHPFFDA18CA,玉成段三小段,.06,都市：其他:道路用地,276000,2319,持分移轉,05270002
RPTOMLPKJHPFFFA38CA,瑞安段三小段,25.06,都市：住,1000,179,持分移轉,02920000
RPUNMLQKJHPFFFA48CA,通化段一小段,5.30,都市：商,100000,269,持分移轉,06780000
RPUNMLQKJHPFFFA48CA,通化段一小段,.00,都市：住,100000,269,持分移轉,06780002
RPUNMLQKJHPFFFA48CA,通化段一小段,1.80,都市：住,100000,269,持分移轉,07210000
RPUNMLQKJHPFFFA48CA,通化段一小段,.15,都市：住,100000,269,持分移轉,07380000
RPUOMLOJKHPFFCA08CA,東湖段一小段,24.24,都市：住,10000,57,持分移轉,00300004
RPWNMLOLKHPFFCA38CA,潭美段三小段,17.27,都市：工,100000,421,持分移轉,08910000
RPTNMLPKJHPFFCA97CA,碧湖段四小段,.08,都市：住,10000,54,持分移轉,06670000
RPTNMLPKJHPFFCA97CA,碧湖段四小段,21.71,都市：住,10000,54,持分移轉,06720000
RPTNMLPKJHPFFCA97CA,碧湖段四小段,1.28,都市：住,10000,54,持分移轉,06730000
RPPNMLPKJHPFFBA47CA,龍山段一小段,14.01,都市：商,10000,123,持分移轉,02260000
RPRNMLTKJHPFFCA28DA,文德段二小段,26.99,都市：住,10000,385,持分移轉,00950000
RPTOMLPKJHPFFDA18CA,三興段一小段,15.12,都市：商,10000,93,持分移轉,11070000
RPXNMLTKJHPFFCA88DA,吉林段一小段,7.28,都市：住,100000,1261,持分移轉,01990000
RPUQMLLLJHPFFBA97CA,中正段一小段,45.91,都市：住,1000000,84400,持分移轉,03820000
RPTPMLQKJHPFFEA48CA,秀山段一小段,34.94,都市：住,10000,131,持分移轉,04990000
RPSNMLPKJHPFFCA87CA,文德段二小段,17.52,都市：住,10000,56,持分移轉,03600000
RPUOMLPKJHPFFFA48CA,瑞安段三小段,25.06,都市：住,1000,179,持分移轉,02920000
RPRNMLPKJHPFFFA18DA,辛亥段三小段,28.91,都市：住,74080000,4461370,持分移轉,05870000
RPXOMLQKJHPFFDA68CA,吳興段一小段,22.80,都市：住,10000,500,持分移轉,05850000
RPVSMLPKJHPFFCA68CA,長春段二小段,6.55,都市：住,10000,290,持分移轉,03180000
RPVOMLQKJHPFFAA28DA,福和段二小段,.02,都市：其他:道路用地(公共設施用地),503281,3138,持分移轉,00760001
RPVOMLQKJHPFFAA28DA,福和段二小段,17.81,都市：住,100000,592,持分移轉,06990000
RPPOMLLLKHPFFCA47CA,西湖段二小段,4.00,都市：住,1,1,全筆移轉,01470003
RPOPMLQKJHPFFBA67CA,臨沂段四小段,42.08,都市：住,12,1,持分移轉,01430000
RPPPMLPKJHPFFFA08CA,仁愛段六小段,52.75,都市：住,4,1,持分移轉,01220000
RPORMLNJKHPFFCA67CA,東湖段一小段,10.20,都市：住,10000,174,持分移轉,00290013
RPSOMLQKJHPFFEA38DA,振興段二小段,17.52,都市：商,100000,1396,持分移轉,04910000
RPUOMLLLJHPFFDA97CA,逸仙段三小段,2.09,都市：商,66955,49,持分移轉,07000000
RPUOMLLLJHPFFDA97CA,逸仙段三小段,13.62,都市：住,66955,49,持分移轉,07010000
RPUOMLLLJHPFFDA97CA,逸仙段三小段,1.78,都市：商,66955,49,持分移轉,07020000
RPVOMLQJKHPFFDA48CA,永吉段二小段,31.39,都市：住,74102,306,持分移轉,00390000
RPQNMLPJKHPFFBA57CA,大龍段一小段,16.90,都市：住,100000,2367,持分移轉,01960000
RPROMLTKJHPFFCA28CA,中山段四小段,18.08,都市：住,1000,147,持分移轉,04130000
RPTNMLRKJHPFFAA97CA,南海段二小段,1.01,都市：商,10000,106,持分移轉,01720000
RPTNMLRKJHPFFAA97CA,南海段二小段,4.93,都市：商,10000,106,持分移轉,02050000
RPXPMLLMJHPFFDA48CA,三興段二小段,18.41,都市：住,100000,2649,持分移轉,05410000
RPVNMLRKJHPFFEA58CA,文林段五小段,45.22,都市：商,10000,110,持分移轉,00450000
RPWOMLPKJHPFFAA18CA,木柵段二小段,35.50,都市：住,4,1,持分移轉,01420000
RPRNMLSKKHPFFFA48CA,通化段六小段,21.93,都市：住,10000,77,持分移轉,02980000
RPRNMLSKKHPFFFA48CA,通化段六小段,2.49,都市：住,10000,77,持分移轉,02990000
RPRNMLSKKHPFFFA48CA,通化段六小段,.18,都市：住,10000,14,持分移轉,02990004
RPXOMLOKKHPFFEA78DA,蘭雅段三小段,34.50,都市：住,4,1,持分移轉,05670000
RPQPMLOJKHPFFCA77CA,東湖段七小段,22.90,都市：其他:第三種商業區(原屬第三種住宅區),10000,500,持分移轉,02950000
RPXRMLRKJHPFFCA98CA,潭美段三小段,11.46,都市：工,100000,196,持分移轉,05420000
RPOQMLKLJHPFFBA37DA,大同段二小段,28.25,都市：住,4,1,持分移轉,08590000
RPOQMLKLJHPFFBA37DA,大同段二小段,.50,都市：其他:道路用地,4,1,持分移轉,08590001
RPTNMLKLJHPFFDA67CA,敦化段二小段,23.10,都市：其他:敦化南北路特定專用區,12040000000,162107368,持分移轉,05580000
RPOPMLLLJHPFFCA37CA,東湖段一小段,.31,都市：住,100000,10,持分移轉,00150002
RPTNMLKLJHPFFDA67CA,敦化段二小段,19.09,都市：其他:敦化南北路特定專用區,12040000000,162107368,持分移轉,05590000
RPOSMLRKJHPFFCA18CA,長春段三小段,2.13,都市：商,49012,345,持分移轉,01500000
RPOSMLRKJHPFFCA18CA,長春段三小段,1.10,都市：商,49012,345,持分移轉,01520000
RPTOMLKLJHPFFEA87CA,光華段三小段,16.21,都市：商,10000,235,持分移轉,07370000
RPOSMLRKJHPFFCA18CA,長春段三小段,14.91,都市：商,49012,345,持分移轉,01530000
RPWOMLMLJHPFFEA38CA,福順段二小段,32.15,都市：住,20,1,持分移轉,02530000
SPTNMLNKKHPFFAA77CA,萬隆段一小段,56.86,都市：住,100000,21376,持分移轉,04770000
RPROMLQKJHPFFAA77CA,萬芳段一小段,57.98,都市：住,51885,58,持分移轉,00090000
RPROMLQKJHPFFAA77CA,萬芳段一小段,.02,都市：其他:道路用地(公共設施用地),51885,58,持分移轉,00090003
RPROMLQKJHPFFAA77CA,萬芳段一小段,.00,都市：其他:道路用地(公共設施用地),51885,58,持分移轉,00090004
RPVNMLRKJHPFFCA38CA,中山段一小段,14.37,都市：商,2400000,21504,持分移轉,09750000
RPRTMLLLJHPFFCA08CA,西湖段一小段,68.50,都市：工,100000,1931,持分移轉,02470000
RPVPMLKLJHPFFEA18CA,海光段一小段,5.16,都市：住,100000,190,持分移轉,01970000
RPVPMLKLJHPFFEA18CA,海光段一小段,.05,都市：住,100000,190,持分移轉,01970002
RPWNMLQKJHPFFFA68CA,仁愛段六小段,22.50,都市：住,20,5,持分移轉,00530000
RPTNMLNKKHPFFAA67CA,萬隆段一小段,15.19,都市：住,100000,5712,持分移轉,04770000
RPUNMLMLJHPFFEA08CA,百齡段六小段,5.25,都市：其他:道路用地,4,1,持分移轉,06600000
RPUNMLMLJHPFFEA08CA,百齡段六小段,31.75,都市：住,4,1,持分移轉,06610000
RPQQMLRKJHPFFBA08CA,玉泉段一小段,19.26,都市：商,10000,206,持分移轉,07900000
RPVPMLLLJHPFFDA18CA,寶清段七小段,7.56,都市：商,10000,43,持分移轉,07080000
TPTNMLNKKHPFFAA87CA,萬隆段一小段,32.22,都市：住,100000,12112,持分移轉,04770000
RPOPMLKLJHPFFFA57CA,復興段一小段,11.08,都市：住,20000,126,持分移轉,03820000
RPOPMLKLJHPFFFA57CA,復興段一小段,.06,都市：其他:道路用地(公共設施用地),10000,63,持分移轉,04120000
RPXTMLLLJHPFFCA68CA,康寧段四小段,26.45,都市：住,90000,1458,持分移轉,05140000
RPSOMLKMJHPFFAA47CA,河堤段六小段,.30,都市：商,10000,10,持分移轉,03850000
RPSPMLKLJHPFFBA67DA,迪化段二小段,20.50,都市：其他:特定專用區,4,1,持分移轉,02760000
RPQRMLKLJHPFFDA77CA,寶清段五小段,20.40,都市：住,10,2,持分移轉,01930021
RPPNMLMJKHPFFFA57CA,復興段一小段,1.28,都市：商,10000,10,持分移轉,04620000
RPVNMLKLJHPFFEA97CA,立農段一小段,2.56,都市：住,5010000,215430,持分移轉,05660004
RPPRMLRKJHPFFCA18CA,吉林段四小段,27.00,都市：商,4,1,持分移轉,04240000
RPVNMLKLJHPFFEA97CA,立農段一小段,5.77,都市：商,5010000,215430,持分移轉,05750000
RPPNMLMJKHPFFFA57CA,復興段一小段,8.92,都市：商,10000,136,持分移轉,04620001
RPVNMLKLJHPFFEA97CA,立農段一小段,18.16,都市：住,5010000,215430,持分移轉,05750003
RPTQMLOLKHPFFCA38CA,西湖段二小段,53.00,都市：住,1,1,全筆移轉,01500000
RPTQMLOLKHPFFCA38CA,西湖段二小段,1.00,都市：住,1,1,全筆移轉,01500002
RPVNMLKLJHPFFEA97CA,立農段一小段,5.42,都市：商,5010000,215430,持分移轉,05760000
RPVNMLKLJHPFFEA97CA,立農段一小段,5.38,都市：商,5010000,215430,持分移轉,05770000
RPVNMLKLJHPFFEA97CA,立農段一小段,5.33,都市：商,5010000,215430,持分移轉,05780000
RPVNMLKLJHPFFEA97CA,立農段一小段,5.38,都市：商,5010000,215430,持分移轉,05790000
RPWOMLRJKHPFFEA78CA,光華段四小段,23.94,都市：住,13000,47,持分移轉,08280000
RPWNMLKMJHPFFBA87CA,福星段二小段,.37,都市：商,10000,40,持分移轉,05300000
RPWNMLKMJHPFFBA87CA,福星段二小段,2.00,都市：商,10000,40,持分移轉,05330000
RPRNMLMLJHPFFFA87CA,復興段一小段,28.34,都市：商,100000,3261,持分移轉,06770000
RPRNMLMLJHPFFFA87CA,復興段一小段,4.34,都市：商,100000,3261,持分移轉,06780000
RPRRMLRKJHPFFCA38CA,吉林段四小段,27.00,都市：商,4,1,持分移轉,04240000
RPPNMLSLJHPFFDA08CA,敦化段四小段,37.00,都市：住,4,1,持分移轉,00530000
RPPNMLLMJHPFFDA47CA,玉成段五小段,35.00,都市：住,16,4,持分移轉,02130000
RPWPMLKLJHPFFDA28DA,民生段,27.00,都市：住,8,1,持分移轉,00580044
RPXNMLKLJHPFFCA97CA,東湖段七小段,43.90,都市：住,10000,194,持分移轉,00590000
RPWQMLKLJHPFFDA28CA,信義段五小段,33.51,都市：其他:特定業務區(信義計畫特定專用區),90000,791,持分移轉,00380000
RPXPMLOKKHPFFCA58CA,中山段三小段,3.28,都市：商,10000,50,持分移轉,02160000
RPRPMLOJKHPFFBA77CA,青年段一小段,18.90,都市：住,90000,42,持分移轉,00880000
RPPOMLLKKHPFFCA37CA,碧湖段三小段,112.20,都市：住,5,3,持分移轉,00810000
RPTOMLLLJHPFFFA08CA,仁愛段六小段,22.22,都市：住,10000,210,持分移轉,01580000
RPTOMLLLJHPFFFA08CA,仁愛段六小段,.92,都市：其他:道路用地(公共設施用地),10000,210,持分移轉,01580002
RPWOMLOJKHPFFDA38CA,永春段一小段,3.34,都市：住,10000,29,持分移轉,00070000
RPWOMLOJKHPFFDA38CA,永春段一小段,4.63,都市：住,10000,29,持分移轉,00070001
RPXOMLLLJHPFFAA08DA,永昌段一小段,16.34,都市：住,193647510,8915313,持分移轉,01350000
RPUQMLKLJHPFFDA08CA,寶清段七小段,10.42,都市：商,100000,919,持分移轉,01320000
RPXOMLLLJHPFFAA08DA,永昌段一小段,15.79,都市：住,193647510,8915313,持分移轉,01350001
RPSOMLMKKHPFFFA08CA,通化段六小段,25.94,都市：住,10000,141,持分移轉,02620000
RPXPMLKKKHPFFCA18CA,康寧段二小段,31.05,都市：住,10000,150,持分移轉,04850000
RPXPMLKKKHPFFCA18CA,碧湖段一小段,7.44,都市：住,10000,150,持分移轉,08370000
RPSOMLMKKHPFFFA08CA,通化段六小段,5.65,都市：住,10000,141,持分移轉,03010001
RPQNMLPKKHPFFDA87CA,延吉段一小段,40.15,都市：住,100000,1041,持分移轉,02950000
RPQNMLMLJHPFFCA47CA,石潭段四小段,15.55,都市：商,100000,971,持分移轉,03340000
RPXNMLMLJHPFFCA18CA,康寧段三小段,32.06,都市：住,10000,41,持分移轉,03810000
RPOPMLOJKHPFFEA77CA,華岡段三小段,6.90,都市：住,5,1,持分移轉,04930000
RPOPMLOJKHPFFEA77CA,華岡段三小段,360.85,都市：住,5,1,持分移轉,04940000
RPOPMLPJKHPFFBA67DA,雙連段一小段,5.10,都市：住,10000,60,持分移轉,02690000
RPOPMLPJKHPFFBA67DA,雙連段一小段,.13,都市：住,10000,57,持分移轉,02690001
RPVPMLLLKHPFFEA38CA,永平段四小段,31.37,都市：住,10000,214,持分移轉,07190000
RPVPMLLLKHPFFEA38CA,永平段四小段,.75,都市：其他:道路用地,10000,214,持分移轉,07200000
RPVPMLLLKHPFFEA38CA,永平段四小段,.94,都市：住,10000,214,持分移轉,07210000
RPVPMLLLKHPFFEA38CA,永平段四小段,.02,都市：住,10000,214,持分移轉,07230000
RPPOMLKMJHPFFCA37CA,文德段三小段,29.95,都市：住,10000,76,持分移轉,00890000
RPOQMLOJKHPFFDA77CA,寶清段一小段,31.61,都市：住,36824,116,持分移轉,00570000
RPQPMLKMJHPFFAA37CA,公訓段三小段,24.12,都市：住,10000,14,持分移轉,01510008
RPXOMLNLLHPFFEA88DA,翠山段一小段,185.39,都市：住,18,1,持分移轉,04060000
RPUNMLKMJHPFFFA08CA,通化段四小段,24.74,都市：住,8250,326,持分移轉,02750000
RPQNMLNJKHPFFEA67CA,天母段一小段,23.08,都市：商,100000,3840,持分移轉,01030000
RPUNMLKMJHPFFFA08CA,通化段四小段,7.86,都市：住,8250,326,持分移轉,02750002
RPXNMLLMJHPFFAA97CA,政大段一小段,100.60,都市：住,10000,142,持分移轉,01180000
RPVNMLLMJHPFFEA18CA,秀山段一小段,13.63,都市：住,10000,757,持分移轉,07230000
RPPOMLKLKHPFFBA27CA,雙園段三小段,13.60,都市：住,10000,281,持分移轉,06740000
RPVPMLKMJHPFFCA08CA,德惠段二小段,5.80,都市：住,100000,715,持分移轉,03330000
RPROMLKMJHPFFDA67CA,福德段一小段,42.27,都市：住,10000,160,持分移轉,00100000
RPVOMLKMJHPFFFA38DA,仁愛段一小段,30.40,都市：其他:敦化南北路特定專用區(A區),10000,628,持分移轉,05950000
RPOPMLLMJHPFFEA77DA,關渡段二小段,29.12,都市：商,10000,678,持分移轉,02410000
RPSNMLKMJHPFFCA57CA,東湖段七小段,28.80,都市：商,10000,78,持分移轉,04550000
RPUOMLMLJHPFFBA97DA,福星段二小段,11.84,都市：商,100000,1385,持分移轉,04900000
RPSNMLPJKHPFFDA97CA,西松段三小段,5.00,都市：住,4,1,持分移轉,04110000
RPSNMLPJKHPFFDA97CA,西松段三小段,27.25,都市：住,4,1,持分移轉,04120000
RPQNMLLJKHPFFDA47DA,三興段一小段,24.80,都市：住,25,1,持分移轉,06700000
RPSRMLKMJHPFFCA08DA,東湖段七小段,33.36,都市：住,100000,736,持分移轉,00430000
RPUOMLQJKHPFFDA38CA,虎林段四小段,13.19,都市：住,20000,15,持分移轉,03050000
RPVOMLLMJHPFFDA28DA,美仁段一小段,5.50,都市：其他:道路用地(公共設施用地),4,1,持分移轉,05920000
RPXNMLKMJHPFFCA08CA,正義段一小段,21.20,都市：商,5,1,持分移轉,05300000
RPVOMLLMJHPFFDA28DA,美仁段一小段,39.75,都市：住,4,1,持分移轉,05930000
RPXOMLKMJHPFFAA97CA,萬隆段二小段,23.07,都市：住,10000,71,持分移轉,04060000
RPPNMLRKKHPFFAA67CA,華興段一小段,42.70,都市：住,10000,114,持分移轉,00180000
RPVNMLLMJHPFFFA28CA,大安段二小段,31.99,都市：住,10000,267,持分移轉,03860000
RPSNMLQJKHPFFFA28CA,龍泉段二小段,37.00,都市：住,3460,370,持分移轉,04310003
RPXOMLLMJHPFFCA28CA,碧湖段二小段,17.06,都市：住,10000,267,持分移轉,00170000
RPXOMLLMJHPFFCA28CA,碧湖段二小段,.94,都市：住,10000,267,持分移轉,00200001
RPSOMLOJKHPFFFA18CA,復興段二小段,57.00,都市：其他:公共設施用地(道路用地),1,1,全筆移轉,03370003
RPQPMLOJKHPFFBA67CA,成功段二小段,5.01,都市：商,10000,206,持分移轉,00070000
RPQNMLOJKHPFFAA47DA,政大段一小段,38.18,都市：住,10000,254,持分移轉,01110000
RPQNMLKLKHPFFCA37CA,舊宗段,78.78,都市：其他:科技工業區(C區，不得作住宅使用)。,100000,2725,持分移轉,00910003
RPROMLOJKHPFFDA87CA,虎林段四小段,5.50,都市：其他:道路用地,428,107,持分移轉,03210000
RPROMLOJKHPFFDA87CA,虎林段四小段,21.75,都市：商,428,107,持分移轉,03220000
RPROMLOJKHPFFDA87CA,虎林段四小段,5.50,都市：商,4,1,持分移轉,03230000
RPTNMLOKKHPFFEA18CA,三玉段二小段,5.24,都市：商,20000,85,持分移轉,00890000
RPXNMLKMJHPFFFA38CA,金華段三小段,.80,都市：住,5000,223,持分移轉,03830013
RPTNMLOKKHPFFEA18CA,三玉段二小段,2.94,都市：商,20000,85,持分移轉,00890001
RPXNMLKMJHPFFFA38CA,金華段三小段,.18,都市：住,5000,223,持分移轉,03830014
RPXNMLKMJHPFFFA38CA,金華段三小段,34.43,都市：住,5000,223,持分移轉,03830004
RPXNMLNJKHPFFEA38CA,蘭雅段一小段,78.23,都市：工,100000,5249,持分移轉,06330000
RPUQMLPJKHPFFCA38CA,正義段一小段,8.75,都市：商,10000,89,持分移轉,02090000
RPVNMLOJKHPFFEA28CA,蘭雅段二小段,15.76,都市：商,25304,95,持分移轉,03230000
RPUNMLTJKHPFFAA38DA,河堤段四小段,17.42,都市：住,100000,2351,持分移轉,04970000
RPTOMLOJKHPFFBA87CA,直興段一小段,8.33,都市：商,100000,664,持分移轉,00040000
RPUOMLOJKHPFFEA38DA,百齡段五小段,24.20,都市：住,10,1,持分移轉,03050001
RPUOMLOJKHPFFEA38DA,百齡段五小段,14.10,都市：住,10,1,持分移轉,03070001
RPSPMLPJKHPFFCA08CA,中山段一小段,5.24,都市：商,100000,474,持分移轉,04470000
RPROMLPJKHPFFCA87CA,碧湖段四小段,25.01,都市：住,40000,190,持分移轉,02810000
RPWNMLOJKHPFFCA18CA,北安段三小段,46.12,都市：住,10000,483,持分移轉,05690000
RPPNMLRKKHPFFBA77CA,直興段二小段,200.00,都市：住,1,1,全筆移轉,06870000
RPPNMLRKKHPFFBA77CA,直興段二小段,2.00,都市：住,1,1,全筆移轉,06870001
RPSNMLPJKHPFFFA18CA,通化段二小段,23.60,都市：住,5,1,持分移轉,08070000
RPQOMLNJKHPFFEA87DA,芝山段二小段,45.25,都市：住,40,5,持分移轉,00730000
RPQOMLNJKHPFFEA87DA,芝山段二小段,5.50,都市：住,30,5,持分移轉,00740000
RPQOMLNJKHPFFEA87DA,芝山段二小段,9.83,都市：其他:道路用地,30,5,持分移轉,00850001
RPXRMLRJKHPFFCA09DA,碧湖段三小段,30.15,都市：住,11680,230,持分移轉,05060000
RPPNMLPJKHPFFEA77CA,開明段一小段,14.12,都市：住,10000,408,持分移轉,09540000
RPTNMLTLKHPFFFA88CA,金華段四小段,8.17,都市：住,1000000,10825,持分移轉,05150000
RPTNMLTLKHPFFFA88CA,金華段四小段,4.05,都市：住,1000000,10825,持分移轉,05180007
RPTNMLTLKHPFFFA88CA,金華段四小段,2.45,都市：住,1000000,10825,持分移轉,05190000
RPTNMLTLKHPFFFA88CA,金華段四小段,5.44,都市：住,1000000,10825,持分移轉,05190006
RPSNMLTLKHPFFFA78CA,金華段四小段,8.24,都市：住,1000000,10918,持分移轉,05150000
RPSNMLTLKHPFFFA78CA,金華段四小段,4.08,都市：住,1000000,10918,持分移轉,05180007
RPUNMLTLKHPFFFA98CA,金華段四小段,8.24,都市：住,1000000,10918,持分移轉,05150000
RPSNMLTLKHPFFFA78CA,金華段四小段,2.47,都市：住,1000000,10918,持分移轉,05190000
RPSOMLPKKHPFFEA28CA,光華段四小段,57.62,都市：商,100000,1236,持分移轉,05900000
RPUNMLTLKHPFFFA98CA,金華段四小段,4.08,都市：住,1000000,10918,持分移轉,05180007
RPSNMLTLKHPFFFA78CA,金華段四小段,5.49,都市：住,1000000,10918,持分移轉,05190006
RPUNMLTLKHPFFFA98CA,金華段四小段,2.47,都市：住,1000000,10918,持分移轉,05190000
RPPPMLRJKHPFFEA28DA,開明段一小段,45.55,都市：住,10000,152,持分移轉,05840000
RPUNMLTLKHPFFFA98CA,金華段四小段,5.49,都市：住,1000000,10918,持分移轉,05190006
RPQNMLOKKHPFFDA77CA,吳興段一小段,30.00,都市：住,4,1,持分移轉,04960000
RPQNMLOKKHPFFDA77CA,吳興段一小段,1.50,都市：其他:道路用地(公共設施用地),4,1,持分移轉,04960001
RPRNMLPJKHPFFCA77CA,石潭段四小段,154.90,都市：住,10000,1525,持分移轉,03790000
RPUNMLNKKHPFFFA28CA,金華段二小段,37.64,都市：商,100000,1301,持分移轉,09630000
RPVNMLNKKHPFFFA38CA,金華段二小段,38.10,都市：商,100000,1317,持分移轉,09630000
RPWNMLSJKHPFFCA68DA,文德段二小段,26.87,都市：住,10000,110,持分移轉,02620000
RPRNMLTLKHPFFFA68CA,金華段四小段,8.24,都市：住,1000000,10918,持分移轉,05150000
RPRNMLTLKHPFFFA68CA,金華段四小段,4.08,都市：住,1000000,10918,持分移轉,05180007
RPRNMLTLKHPFFFA68CA,金華段四小段,2.47,都市：住,1000000,10918,持分移轉,05190000
RPRNMLTLKHPFFFA68CA,金華段四小段,5.49,都市：住,1000000,10918,持分移轉,05190006
RPSQMLOJKHPFFDA28DA,敦化段三小段,20.76,都市：住,59200,2076,持分移轉,01540003
RPUOMLQJKHPFFAA18DA,萬隆段二小段,38.91,都市：住,100000,973,持分移轉,04610000
RPROMLRKKHPFFAA97CA,興隆段一小段,36.20,都市：住,10000,236,持分移轉,03980000
RPROMLRKKHPFFAA97CA,興隆段一小段,3.78,都市：住,10000,236,持分移轉,03980001
RPROMLRKKHPFFAA97CA,興隆段一小段,.80,都市：住,10000,236,持分移轉,03990003
RPROMLRKKHPFFAA97CA,興隆段一小段,.02,都市：住,10000,236,持分移轉,03990004
RPPOMLPJLHPFFEA97CA,文林段三小段,27.57,都市：商,10000,130,持分移轉,00120003
RPRNMLQJKHPFFDA97CA,南港段四小段,21.72,都市：住,10000,99,持分移轉,02360000
RPQNMLMKKHPFFAA27CA,興安段一小段,26.83,都市：住,1000,104,持分移轉,06530004
RPQNMLMKKHPFFAA27CA,興安段一小段,18.72,都市：住,1000,104,持分移轉,06590005
RPVNMLQKLHPFFEA68CA,華岡段二小段,1.27,都市：其他:道路用地,96,1,持分移轉,03110000
RPVNMLQKLHPFFEA68CA,華岡段二小段,7.93,都市：住,96,1,持分移轉,03120000
RPRPMLSKKHPFFEA58CA,芝山段二小段,32.77,都市：住,10000,1162,持分移轉,08320000
RPRPMLSKKHPFFEA58CA,芝山段二小段,.61,都市：住,20000,6,持分移轉,10530000
RPRNMLMKKHPFFDA67CA,新光段二小段,26.43,都市：住,38000,25,持分移轉,04090000
RPRRMLRLKHPFFDA68CA,南港段一小段,36.28,都市：住,32,1,持分移轉,03790006
RPVPMLOKKHPFFCA38CA,中山段一小段,13.17,都市：商,70000,1057,持分移轉,07270000
RPSOMLMKKHPFFCA77CA,德惠段二小段,96.00,都市：商,1,1,全筆移轉,09820000
RPWNMLQJKHPFFAA18CA,萬隆段一小段,1.50,都市：商,6,1,持分移轉,01330006
RPPOMLQJKHPFFFA08CA,復興段一小段,2.35,都市：商,10000,43,持分移轉,04760000
RPWNMLQJKHPFFAA18CA,萬隆段一小段,5.17,都市：商,6,1,持分移轉,01430008
RPWNMLQJKHPFFAA18CA,萬隆段一小段,10.00,都市：商,6,1,持分移轉,01440000
RPPOMLQJKHPFFFA08CA,復興段一小段,.08,都市：商,10000,42,持分移轉,04760001
RPQNMLMKKHPFFEA67CA,百齡段五小段,28.00,都市：住,20,5,持分移轉,04570000
RPPNMLTJKHPFFBA97DA,臨沂段一小段,11.73,都市：商,100000,3250,持分移轉,02500000
RPPNMLTJKHPFFBA97DA,臨沂段一小段,3.02,都市：商,100000,3250,持分移轉,02690002
RPTOMLRJKHPFFDA48DA,吳興段二小段,10.20,都市：住,10000,106,持分移轉,07860002
RPPOMLQLKHPFFDA08CA,玉成段三小段,51.95,都市：工,10000,617,持分移轉,00210000
RPVNMLQJKHPFFFA58CA,學府段三小段,.04,都市：住,10000,16,持分移轉,01020000
RPVNMLQJKHPFFFA58CA,學府段三小段,3.00,都市：住,10000,16,持分移轉,00910000
RPVNMLQJKHPFFFA58CA,學府段三小段,1.05,都市：住,10000,16,持分移轉,00910001
RPPNMLRJKHPFFCA77CA,吉林段二小段,14.51,都市：住,10000,691,持分移轉,05200000
RPPNMLRJKHPFFCA77CA,吉林段二小段,2.49,都市：商,10000,691,持分移轉,05240000
RPQPMLMKKHPFFDA77CA,美仁段一小段,21.75,都市：住,339000,1389,持分移轉,00020000
RPQPMLMKKHPFFDA77CA,美仁段一小段,4.67,都市：住,863000,325,持分移轉,00020001
RPQPMLMKKHPFFDA77CA,美仁段一小段,.97,都市：住,75000,56,持分移轉,00180005
RPUNMLTKKHPFFFA98DA,金華段二小段,10.37,都市：商,10000,720,持分移轉,05880000
RPSNMLTJKHPFFAA08CA,公訓段三小段,43.80,都市：住,10000,20,持分移轉,01450000
RPSNMLTJKHPFFAA08CA,公訓段三小段,2.69,都市：住,10000,20,持分移轉,01450001
RPTOMLOKKHPFFBA08DA,圓環段一小段,17.27,都市：住,10000,226,持分移轉,03910000
RPOOMLSJKHPFFCA97DA,文德段二小段,36.12,都市：住,23942,360,持分移轉,05220001
RPWPMLLKLHPFFBA18CA,城中段一小段,9.67,都市：商,100000,1166,持分移轉,05910000
RPSOMLRJKHPFFEA38CA,芝山段二小段,33.28,都市：住,120000,2490,持分移轉,02490000
RPPNMLKKKHPFFCA27DA,吉林段五小段,.91,都市：住,100000,1049,持分移轉,03700000
RPPNMLKKKHPFFCA27DA,吉林段五小段,3.14,都市：商,100000,1049,持分移轉,03710000
RPPNMLKKKHPFFCA27DA,吉林段五小段,14.94,都市：商,100000,1049,持分移轉,03720000
RPSNMLMKKHPFFDA77CA,信義段一小段,22.60,都市：住,10000,21,持分移轉,02690004
RPVNMLKKKHPFFFA08CA,仁愛段六小段,27.38,都市：住,8,1,持分移轉,04620000
RPVOMLRJKHPFFFA78CA,金華段一小段,31.40,都市：住,5,1,持分移轉,03250000
RPROMLRJKHPFFEA28CA,開明段一小段,29.20,都市：住,1000,19,持分移轉,09520000
RPOOMLOKKHPFFDA67CA,南港段三小段,42.75,都市：住,4,1,持分移轉,00940000
RPPPMLPKKHPFFBA87DA,中正段一小段,41.71,都市：住,10000,165,持分移轉,02420000
RPVNMLNKKHPFFDA28DA,雅祥段四小段,5.71,都市：商,7200,478,持分移轉,08210000
RPVNMLNKKHPFFDA28DA,雅祥段四小段,.50,都市：商,7200,30,持分移轉,08220000
RPVNMLNKKHPFFDA28DA,雅祥段四小段,3.24,都市：商,7200,220,持分移轉,08230000
RPVNMLNKKHPFFDA28DA,雅祥段四小段,.03,都市：住,7200,220,持分移轉,08230002
RPVNMLNKKHPFFDA28DA,雅祥段四小段,.34,都市：住,7200,220,持分移轉,08230003
RPVNMLNKKHPFFDA28DA,雅祥段四小段,.11,都市：商,7200,2,持分移轉,08300000
RPVNMLNKKHPFFDA28DA,雅祥段四小段,.13,都市：住,7200,2,持分移轉,08300001
RPVNMLNKKHPFFDA28DA,雅祥段四小段,.25,都市：商,7200,15,持分移轉,08310000
RPVNMLNKKHPFFDA28DA,雅祥段四小段,.14,都市：商,7200,5,持分移轉,08320000
RPVNMLNKKHPFFDA28DA,雅祥段四小段,.05,都市：商,7200,2,持分移轉,08330000
RPUOMLLKKHPFFDA97CA,吳興段二小段,4.74,都市：住,100000,1213,持分移轉,07900006
RPUOMLLKKHPFFDA97CA,吳興段二小段,4.74,都市：住,100000,1213,持分移轉,07900014
RPUOMLLKKHPFFDA97CA,吳興段二小段,4.74,都市：住,100000,1213,持分移轉,07900015
RPUOMLLKKHPFFDA97CA,吳興段二小段,4.74,都市：住,100000,1213,持分移轉,07900016
RPPOMLKKKHPFFAA17DA,政大段四小段,29.04,都市：住,10000,499,持分移轉,01370000
RPOOMLMKKHPFFDA47CA,西松段三小段,36.75,都市：住,4,1,持分移轉,07530000
RPTNMLKLKHPFFDA77CA,虎林段一小段,43.25,都市：住,88,22,持分移轉,04330000
RPOOMLNKKHPFFFA77CA,學府段三小段,.13,都市：住,10000,50,持分移轉,01020000
RPOOMLNKKHPFFFA77CA,學府段三小段,9.38,都市：住,10000,50,持分移轉,00910000
RPOOMLNKKHPFFFA77CA,學府段三小段,3.28,都市：住,10000,50,持分移轉,00910001
RPTNMLNJKIOFFAA57CA,永昌段五小段,35.75,都市：住,4,1,持分移轉,01100000
RPQOMLSKJIOFFBA97CA,青年段二小段,36.96,都市：住,4750,17,持分移轉,00190000
RPSOMLNKJIOFFDA87CA,永吉段一小段,11.98,都市：住,100000,748,持分移轉,01220000
RPSNMLMKJIOFFEA77CA,八仙段二小段,332.85,都市：農,1,1,全筆移轉,00830000
RPSNMLMKJIOFFEA77CA,八仙段二小段,752.28,都市：農,1,1,全筆移轉,00840000
RPSNMLMKJIOFFEA77CA,八仙段二小段,1161.16,都市：農,1,1,全筆移轉,00850000
RPVNMLMKJIOFFEA08CA,華岡段四小段,2602.53,都市：其他:保護區,1,1,全筆移轉,02100000
RPOOMLLKJIOFFAA96CA,河堤段六小段,4.00,都市：商,1,1,全筆移轉,04910000
RPWOMLMKJIOFFAA87CA,實踐段二小段,40.75,都市：住,12,1,持分移轉,05070000
RPROMLMKJIOFFBA47CA,大同段二小段,7.20,都市：商,10000,100,持分移轉,00040000
RPROMLMKJIOFFBA47CA,大同段二小段,7.42,都市：商,10000,100,持分移轉,00090000
RPQOMLOKJIOFFCA67CA,中山段一小段,1.75,都市：商,10000,10,持分移轉,06640000
RPTOMLTKJIOFFFA78CA,仁愛段六小段,2.83,都市：其他:敦化南北路特定專用區,10000,45,持分移轉,05950000
RPTOMLTKJIOFFFA78CA,仁愛段六小段,5.36,都市：其他:敦化南北路特定專用區,10000,45,持分移轉,05950001
RPXOMLOLKHPFFAA48DA,景美段三小段,26.79,都市：住,10000,69,持分移轉,00210000
RPPQMLLKJIOFFEA67CA,溫泉段一小段,5.20,都市：其他:特定觀光商業專用區,10000,28,持分移轉,01670000
RPPQMLLKJIOFFEA67CA,溫泉段一小段,.02,都市：其他:道路用地(公共設施用地),10000,28,持分移轉,01670002
RPQNMLOKJIOFFEA77CA,平等段二小段,215.29,都市：其他:保護區,30,3,持分移轉,03520000
RPVNMLTJKIOFFEA78CA,新民段二小段,4.13,都市：其他:特定觀光商業專用區,2556,8,持分移轉,05420000
RPXOMLRLKHPFFAA78DA,景美段一小段,15.02,都市：住,10000,702,持分移轉,06740000
RPUOMLOKJIOFFAA87CA,政大段四小段,60.25,都市：住,100000,3717,持分移轉,05890000
RPPNMLNKJIOFFEA57CA,新民段四小段,7.88,都市：其他:市場用地,100000,367,持分移轉,01320000
RPXNMLMKJIOFFEA28CA,關渡段二小段,17.59,都市：住,100000,1264,持分移轉,01880000
RPTOMLMKJIOFFBA67CA,華中段一小段,.03,都市：住,6900,224,持分移轉,03660005
RPTOMLMKJIOFFBA67CA,華中段一小段,27.24,都市：住,6900,224,持分移轉,03660006
RPTOMLMKJIOFFBA67CA,華中段一小段,3.15,都市：住,6900,224,持分移轉,03910000
RPRNMLNKJIOFFAA37CA,興泰段三小段,33.63,都市：住,10000,295,持分移轉,02960000
RPRNMLNKJIOFFAA37CA,興泰段三小段,.18,都市：其他:道路用地(公共設施用地),10000,295,持分移轉,02970000
RPVNMLNKJIOFFCA97CA,東湖段八小段,15.95,都市：住,10000,33,持分移轉,00070000
RPSOMLOKJIOFFCA87CA,中山段一小段,.87,都市：商,10000,5,持分移轉,06640000
RPVNMLPLJIOFFCA28CA,東湖段三小段,7.43,都市：住,10000,78,持分移轉,00030000
RPVNMLPLJIOFFCA28CA,東湖段三小段,3.28,都市：住,10000,78,持分移轉,00030001
RPVNMLPLJIOFFCA28CA,東湖段三小段,7.06,都市：住,10000,78,持分移轉,00030009
RPVOMLSKJIOFFFA88CA,辛亥段四小段,11.75,都市：住,10000,82,持分移轉,04880000
RPPNMLMKJIOFFCA37DA,金泰段,47.09,都市：住,500000,224,持分移轉,00720000
RPVOMLLKJIOFFBA77CA,大龍段一小段,22.84,都市：商,10000,366,持分移轉,03470000
RPVOMLLKJIOFFBA77CA,大龍段一小段,1.87,都市：住,10000,366,持分移轉,03470001
RPWOMLNKJIOFFEA38CA,百齡段六小段,30.75,都市：住,4,1,持分移轉,02160000
RPQNMLKLJIOFFCA27CA,正義段三小段,15.71,都市：商,10000,284,持分移轉,02390000
RPQNMLMKJIOFFDA47CA,寶清段五小段,14.43,都市：住,7,1,持分移轉,01470000
RPPOMLMKJIOFFEA57CA,翠山段一小段,94.12,都市：住,16,1,持分移轉,03600000
RPOPMLLKJIOFFEA47CA,立農段一小段,42.00,都市：住,4,1,持分移轉,01160000
RPSNMLPKJIOFFCA87CA,康寧段四小段,23.24,都市：住,10000,175,持分移轉,05420004
RPQPMLNKJIOFFDA77CA,吳興段二小段,6.47,都市：住,10000,25,持分移轉,07340000
RPURMLLKJIOFFCA08CA,東湖段七小段,11.60,都市：住,100000,770,持分移轉,00940000
RPQNMLPKJIOFFBA57CA,玉泉段一小段,14.83,都市：商,6,1,持分移轉,04260000
RPVNMLNKJIOFFFA28CA,大安段一小段,.10,都市：住,10000,1,持分移轉,07220000
RPQNMLPKJIOFFBA57CA,玉泉段一小段,3.50,都市：商,6,1,持分移轉,04270000
RPQPMLPJKIOFFCA87CA,中山段二小段,10.97,都市：商,10000,129,持分移轉,00630000
RPUNMLOKJIOFFCA97CA,石潭段四小段,5.75,都市：住,160,2,持分移轉,01380000
RPOOMLMKJIOFFEA47CA,關渡段二小段,10.20,都市：住,10000,79,持分移轉,00240000
RPQNMLRLJIOFFFA28CA,通化段一小段,31.50,都市：住,2,1,持分移轉,08930000
SPQPMLPJKIOFFCA97CA,中山段二小段,11.73,都市：商,10000,138,持分移轉,00630000
RPPOMLOKJIOFFFA87CA,懷生段二小段,.83,都市：住,100000,683,持分移轉,05770000
RPPOMLOKJIOFFFA87CA,懷生段二小段,2.49,都市：商,100000,683,持分移轉,05780000
RPUOMLRLJIOFFDA68DA,永春段三小段,25.30,都市：住,2500,31,持分移轉,04360002
RPOOMLPKJIOFFFA97DA,通化段四小段,2.06,都市：住,10000,67,持分移轉,07460017
RPOOMLPKJIOFFFA97DA,通化段四小段,5.07,都市：住,10000,67,持分移轉,07870000
RPTNMLNKJIOFFCA77CA,中山段一小段,1.44,都市：商,4896,207,持分移轉,04970002
RPUOMLQLJIOFFAA28DA,華興段四小段,52.75,都市：住,10000,418,持分移轉,02530000
RPOQMLLLJIOFFDA57CA,,112.21,都市：住,100000,1329,持分移轉,00660001
RPUNMLNKJIOFFBA77CA,臨沂段二小段,45.25,都市：住,4,1,持分移轉,02260000
RPVNMLMLJIOFFAA77CA,實踐段一小段,15.29,都市：住,100000,739,持分移轉,06820000
RPPNMLOKJIOFFCA57DA,中山段四小段,4.00,都市：其他:道路用地,1,1,全筆移轉,05190001
RPUNMLNKJIOFFEA08CA,八仙段二小段,672.00,都市：其他:公園用地(公共設施用地),40,7,持分移轉,05060000
RPUPMLSKJIOFFBA48CA,公園段二小段,.04,都市：商,69273,460,持分移轉,07040000
RPUPMLSKJIOFFBA48CA,公園段二小段,1.16,都市：商,69273,460,持分移轉,07030000
RPUPMLSKJIOFFBA48CA,公園段二小段,1.40,都市：商,110000,732,持分移轉,07030001
RPUPMLSKJIOFFBA48CA,公園段二小段,.19,都市：商,69273,305,持分移轉,07050000
RPUPMLSKJIOFFBA48CA,公園段二小段,.01,都市：商,69273,305,持分移轉,07060000
RPUPMLSKJIOFFBA48CA,公園段二小段,.01,都市：商,69273,460,持分移轉,07070000
RPUPMLSKJIOFFBA48CA,公園段二小段,.03,都市：商,69273,460,持分移轉,07080000
RPUPMLSKJIOFFBA48CA,公園段二小段,.13,都市：商,110000,732,持分移轉,07090000
RPUPMLSKJIOFFBA48CA,公園段二小段,.12,都市：商,110000,732,持分移轉,07090001
RPPOMLRLJIOFFFA28CA,仁愛段六小段,24.00,都市：住,8,2,持分移轉,00660000
RPQPMLMKJIOFFEA77CA,永新段二小段,25.75,都市：住,4,1,持分移轉,03950000
RPPOMLNKJIOFFAA27CA,興隆段二小段,18.22,都市：住,10000,78,持分移轉,03110000
RPPOMLNKJIOFFDA57CA,虎林段四小段,31.25,都市：住,4,1,持分移轉,02650000
RPRNMLNKJIOFFFA87CA,懷生段二小段,11.11,都市：住,99643,85,持分移轉,02220000
RPRNMLNKJIOFFFA87CA,懷生段二小段,8.47,都市：商,99643,85,持分移轉,02220007
RPOPMLLLJIOFFFA67CA,金華段一小段,15.81,都市：住,10000,2001,持分移轉,04110000
RPTOMLPKJIOFFDA18CA,經貿段,47.47,都市：住,100000,621,持分移轉,00350000
RPQOMLNKJIOFFEA77CA,光華段三小段,13.11,都市：商,10000,190,持分移轉,07370000
RPSOMLPKJIOFFDA08CA,中南段二小段,3.07,都市：其他:道路用地,98,43,持分移轉,01160001
RPQNMLNKJIOFFBA37CA,龍山段一小段,15.60,都市：商,10000,137,持分移轉,02260000
RPOQMLOKJIOFFCA77DA,長安段二小段,6.37,都市：商,10000,131,持分移轉,02470000
RPQQMLOKJIOFFDA08DA,祥和段二小段,18.00,都市：其他:道路用地,1,1,全筆移轉,00630000
RPVNMLNKJIOFFEA28DA,豐年段二小段,19.83,都市：住,6,1,持分移轉,01110000
RPVTMLMKJIOFFCA58DA,西湖段二小段,21.38,都市：住,10000,205,持分移轉,01740000
RPVTMLMKJIOFFCA58DA,西湖段二小段,1.33,都市：住,10000,205,持分移轉,01740008
RPVTMLMKJIOFFCA58DA,西湖段二小段,.12,都市：住,10000,205,持分移轉,01740009
RPSPMLPKJIOFFEA38DA,振興段二小段,36.75,都市：住,64,16,持分移轉,02200000
RPPNMLPLJIOFFDA77CA,寶清段二小段,.04,都市：商,500,1,持分移轉,00670001
RPPNMLPLJIOFFDA77CA,寶清段二小段,3.99,都市：商,500,21,持分移轉,00680005
RPRQMLNKJIOFFCA97DA,東湖段六小段,11.77,都市：商,30000,110,持分移轉,03030000
RPUQMLOKJIOFFDA38CA,敦化段三小段,31.67,都市：住,6,1,持分移轉,02800001
RPXNMLOKJIOFFBA18CA,華中段一小段,3.66,都市：住,100000,48,持分移轉,01180000
RPUSMLPKJIOFFEA78CA,天母段三小段,64.19,都市：其他:道路用地,1468,235,持分移轉,04230000
RPOOMLNKJIOFFEA57CA,天母段二小段,26.88,都市：商,10000,320,持分移轉,02190000
RPQNMLNKJIOFFEA67CA,豐年段四小段,26.70,都市：其他:科技工業區,100000,350,持分移轉,04340000
RPQOMLPKJIOFFDA87CA,中南段二小段,3.07,都市：其他:道路用地,98,43,持分移轉,01160001
RPUOMLOKJIOFFDA18CA,玉成段四小段,2.62,都市：其他:道路用地,2880,30,持分移轉,04140000
RPROMLPLKHPFFAA87CA,南海段二小段,.00,都市：商,100000,1827,持分移轉,02020024
RPROMLPLKHPFFAA87CA,南海段二小段,4.57,都市：商,100000,1827,持分移轉,02030000
RPOSMLPKJIOFFEA18CA,三玉段五小段,2.67,都市：其他:道路用地,3,1,持分移轉,06220000
RPUNMLNKJIOFFCA87CA,中山段一小段,15.50,都市：商,36,9,持分移轉,05010000
RPRSMLPKJIOFFEA58DA,天母段三小段,.41,都市：其他:市場用地(公共設施用地),7000,24,持分移轉,02530000
RPRSMLPKJIOFFEA58DA,天母段三小段,15.95,都市：其他:市場用地(公共設施用地),10000,34,持分移轉,02540000
RPTPMLNKJIOFFCA97CA,中山段一小段,7.80,都市：商,100000,607,持分移轉,06750000
RPRPMLMKJIOFFDA77CA,吳興段二小段,1.87,都市：其他:保護區,3500,111,持分移轉,07530001
RPROMLTKJIOFFFA58CA,,24.80,都市：商,5,1,持分移轉,03510000
RPSNMLQKJIOFFCA97CA,碧湖段一小段,14.30,都市：住,20000,168,持分移轉,07260000
RPSNMLQKJIOFFCA97CA,碧湖段一小段,.05,都市：其他:道路用地,20000,168,持分移轉,07260002
RPXNMLQLJIOFFEA78CA,富安段二小段,26.00,都市：其他:醫療用地,3,1,持分移轉,01240000
RPQRMLTLJIOFFCA58CA,吉林段二小段,19.25,都市：其他:公共設施保留地(道路用地),4,1,持分移轉,04840000
RPQOMLTKKIOFFCA28CA,舊宗段,17.93,都市：商,10000,166,持分移轉,01030000
RPPOMLLLJIOFFCA37CA,中山段一小段,4.96,都市：商,100000,1727,持分移轉,03280000
RPXOMLTKJIOFFFA56CA,龍泉段三小段,32.95,都市：住,20,1,持分移轉,01860000
RPWOMLPKJIOFFDA48CA,敦化段四小段,41.00,都市：住,4,1,持分移轉,00230000
RPQOMLMKJIOFFEA67CA,富安段一小段,66.17,都市：其他:遊樂區,4500,48,持分移轉,03380000
RPWOMLNKJIOFFCA18CA,正義段三小段,5.73,都市：商,100000,513,持分移轉,06380000
RPVPMLNKJIOFFCA18CA,中山段一小段,20.16,都市：商,100000,1569,持分移轉,06750000
RPUNMLTJKIOFFAA28CA,萬隆段二小段,35.52,都市：住,100000,386,持分移轉,04990000
RPWOMLOJLHPFFBA28CA,公園段三小段,20.00,都市：商,1,1,全筆移轉,01670000
RPWOMLOJLHPFFBA28CA,公園段三小段,133.00,都市：商,1,1,全筆移轉,01680000
RPWNMLSKJIOFFEA78CA,開明段二小段,12.60,都市：住,5,1,持分移轉,04860000
RPPNMLOLJIOFFAA47DA,興隆段四小段,2.12,都市：商,10000,148,持分移轉,03230001
RPPNMLOLJIOFFAA47DA,興隆段四小段,1.36,都市：商,10000,148,持分移轉,03230002
RPPNMLOLJIOFFAA47DA,興隆段四小段,8.13,都市：商,10000,148,持分移轉,03380000
RPPNMLOLJIOFFAA47DA,興隆段四小段,3.73,都市：商,10000,148,持分移轉,03420000
RPPNMLOLJIOFFAA47DA,興隆段四小段,1.88,都市：商,10000,148,持分移轉,03420003
RPROMLNKJIOFFAA47CA,政大段二小段,30.99,都市：住,10000,313,持分移轉,06450000
RPROMLNKJIOFFAA47CA,政大段二小段,1.76,都市：住,10000,320,持分移轉,06450019
RPROMLNKJIOFFAA47CA,政大段二小段,.99,都市：住,10000,10,持分移轉,06450006
RPPOMLNJKIOFFAA27CA,興隆段四小段,16.96,都市：住,10000000,800000,持分移轉,02010000
RPRNMLOKJIOFFAA57DA,興隆段二小段,1.00,都市：其他:道路用地,1,1,全筆移轉,02010001
RPROMLQLJIOFFCA08CA,西湖段四小段,6.02,都市：工,924011,930,持分移轉,02910000
RPVUMLKLJIOFFBA38CA,青年段一小段,48.01,都市：住,100000,377,持分移轉,00860000
RPVOMLNKJIOFFBA97CA,圓環段三小段,10.00,都市：其他:道路用地,1,1,全筆移轉,02430001
RPOPMLNKJIOFFBA37CA,直興段一小段,5.57,都市：商,10000,460,持分移轉,01310000
RPRPMLPKJIOFFBA87CA,莒光段四小段,18.87,都市：其他:道路用地,30,1,持分移轉,07490001
RPSNMLTJKIOFFAA08CA,萬隆段二小段,35.61,都市：住,100000,387,持分移轉,04990000
RPXOMLNKJIOFFEA48CA,菁山段二小段,1008.80,都市：其他:保護區,1,1,全筆移轉,02910000
RPWNMLSJJHPFFEA68CA,立農段五小段,6.98,都市：商,600000,4702,持分移轉,02600000
RPQNMLOKJIOFFAA47DA,河堤段三小段,7.17,都市：其他:道路用地,6,1,持分移轉,06940000
RPPNMLSKJIOFFBA77CA,迪化段二小段,15.00,都市：其他:特定專用區(供一般商業使用),1,1,全筆移轉,01190003
RPXNMLTJKIOFFAA58CA,萬隆段二小段,35.80,都市：住,100000,389,持分移轉,04990000
RPSOMLQLJIOFFCA18CA,碧湖段四小段,31.10,都市：住,100000,1034,持分移轉,10250000
RPSOMLQLJIOFFCA18CA,碧湖段四小段,18.87,都市：住,100000,1034,持分移轉,10250002
RPPNMLLLJIOFFCA27CA,德惠段三小段,25.33,都市：住,3,1,持分移轉,03540000
RPRQMLOKJIOFFDA08CA,敦化段三小段,3.99,都市：商,100000,643,持分移轉,03920000
RPRQMLOKJIOFFDA08CA,敦化段三小段,.32,都市：商,100000,643,持分移轉,03920002
RPROMLRLKIOFFEA48CA,新民段二小段,.18,都市：其他:道路用地,1000,180,持分移轉,03030001
RPROMLRLKIOFFEA48CA,新民段二小段,125.28,都市：住,1000,180,持分移轉,03030000
RPVNMLOKJIOFFFA38CA,仁愛段六小段,36.92,都市：住,10000,347,持分移轉,06160007
RPVOMLQLJIOFFAA38DA,政大段四小段,29.25,都市：住,4,1,持分移轉,02160000
RPPOMLNJKIOFFFA77CA,仁愛段四小段,.46,都市：其他:道路用地,285,1,持分移轉,00760000
RPPOMLNJKIOFFFA77CA,仁愛段四小段,.11,都市：其他:道路用地,570,1,持分移轉,00800000
RPPOMLNJKIOFFFA77CA,仁愛段四小段,.34,都市：商,285,1,持分移轉,00810000
RPPOMLNJKIOFFFA77CA,仁愛段四小段,.14,都市：其他:道路用地,285,1,持分移轉,00810001
RPPOMLNJKIOFFFA77CA,仁愛段四小段,.02,都市：其他:道路用地,285,1,持分移轉,00820001
RPPOMLNJKIOFFFA77CA,仁愛段四小段,.24,都市：商,285,1,持分移轉,00820002
RPPOMLNJKIOFFFA77CA,仁愛段四小段,1.02,都市：商,285,1,持分移轉,00820003
RPPOMLNJKIOFFFA77CA,仁愛段四小段,.12,都市：其他:道路用地,285,1,持分移轉,00820004
RPPOMLNJKIOFFFA77CA,仁愛段四小段,.23,都市：其他:道路用地,285,1,持分移轉,00820005
RPPOMLNJKIOFFFA77CA,仁愛段四小段,.89,都市：商,285,1,持分移轉,00830000
RPPOMLNJKIOFFFA77CA,仁愛段四小段,.73,都市：其他:道路用地,285,1,持分移轉,00830001
RPPOMLNJKIOFFFA77CA,仁愛段四小段,.16,都市：其他:道路用地,285,1,持分移轉,00880000
RPPNMLQKJIOFFDA77CA,敦化段二小段,11.84,都市：商,25920,533,持分移轉,02470000
RPUNMLKKKIOFFCA67CA,石潭段四小段,15.57,都市：商,100000,555,持分移轉,04230000
RPXPMLMLJIOFFDA48CA,逸仙段二小段,4.52,都市：住,10000,330,持分移轉,04660000
RPXPMLMLJIOFFDA48CA,逸仙段二小段,3.23,都市：住,10000,330,持分移轉,04660001
RPQPMLOKJIOFFBA67CA,青年段二小段,31.48,都市：住,13000,82,持分移轉,00180009
RPQPMLOKJIOFFBA67CA,青年段二小段,5.56,都市：住,13000,82,持分移轉,00180037
RPWNMLKLJIOFFAA67CA,興隆段二小段,10.50,都市：住,10000,45,持分移轉,02470000
RPPNMLOKJIOFFAA37DA,河堤段三小段,7.17,都市：其他:道路用地,6,1,持分移轉,06940000
RPOOMLNKJIOFFAA27DA,華興段三小段,41.25,都市：住,4,1,持分移轉,03110000
RPVPMLKLJIOFFAA77CA,南海段二小段,.97,都市：商,10000,102,持分移轉,01720000
RPVPMLKLJIOFFAA77CA,南海段二小段,4.75,都市：商,10000,102,持分移轉,02050000
RPQPMLKLJIOFFAA27CA,南海段二小段,1.40,都市：商,10000,147,持分移轉,01720000
RPXPMLKLJIOFFAA97CA,南海段二小段,1.17,都市：商,10000,123,持分移轉,01720000
RPQPMLKLJIOFFAA27CA,南海段二小段,6.84,都市：商,10000,147,持分移轉,02050000
RPXPMLKLJIOFFAA97CA,南海段二小段,5.73,都市：商,10000,123,持分移轉,02050000
RPWPMLKLJIOFFAA87CA,南海段二小段,1.01,都市：商,10000,106,持分移轉,01720000
RPWPMLKLJIOFFAA87CA,南海段二小段,4.93,都市：商,10000,106,持分移轉,02050000
RPOQMLKLJIOFFAA17CA,南海段二小段,.97,都市：商,10000,102,持分移轉,01720000
RPWNMLOKJIOFFEA38CA,芝山段三小段,33.03,都市：住,10000,68,持分移轉,04890000
RPOQMLKLJIOFFAA17CA,南海段二小段,4.75,都市：商,10000,102,持分移轉,02050000
RPPNMLPKJIOFFEA77CA,三玉段三小段,2.74,都市：其他:道路用地(公共設施用地),10000,338,持分移轉,03430000
RPPNMLPKJIOFFEA77CA,三玉段三小段,42.69,都市：住,10000,338,持分移轉,03440000
RPPPMLKLJIOFFAA17CA,南海段二小段,1.40,都市：商,10000,147,持分移轉,01720000
RPPPMLKLJIOFFAA17CA,南海段二小段,6.84,都市：商,10000,147,持分移轉,02050000
RPSOMLTKJIOFFAA18CA,興安段一小段,29.82,都市：住,10000,256,持分移轉,05460000
RPWPMLNKJIOFFDA38CA,新光段三小段,.63,都市：住,3500,100,持分移轉,01690000
RPWPMLNKJIOFFDA38CA,新光段三小段,15.97,都市：住,19600,560,持分移轉,01700000
RPWPMLNKJIOFFDA38CA,新光段三小段,7.03,都市：住,19600,560,持分移轉,01760000
RPWPMLNKJIOFFDA38CA,新光段三小段,6.57,都市：住,1050,30,持分移轉,01800000
RPOPMLRLJIOFFCA08DA,文德段二小段,9.64,都市：商,10000,94,持分移轉,01290006
RPQQMLNKJIOFFDA87CA,福德段一小段,24.75,都市：住,4,1,持分移轉,05350000
RPXOMLNKJIOFFBA18CA,公園段二小段,6.35,都市：商,10000,90,持分移轉,06660000
RPXNMLKKKIOFFDA08CA,民生段,.02,都市：其他:道路用地,10000,44,持分移轉,00760004
RPQQMLOKJIOFFEA08CA,開明段二小段,8.23,都市：商,10000,63,持分移轉,00640000
RPXNMLKKKIOFFDA08CA,民生段,.04,都市：其他:道路用地,10000,44,持分移轉,00760005
RPXNMLKKKIOFFDA08CA,民生段,12.69,都市：住,10000,44,持分移轉,00760000
RPXNMLKKKIOFFDA08CA,民生段,.02,都市：其他:道路用地,10000,44,持分移轉,00760002
RPXNMLKKKIOFFDA08CA,民生段,.02,都市：其他:道路用地,10000,44,持分移轉,00760003
RPRPMLOJKIOFFCA97DA,正義段三小段,29.40,都市：商,5,1,持分移轉,06670000
RPRPMLOJKIOFFCA97DA,正義段三小段,.40,都市：其他:道路用地(公共設施用地),5,1,持分移轉,06670002
RPPPMLOKJIOFFBA57CA,市府段一小段,7.39,都市：商,10000,179,持分移轉,01220000
RPQOMLRLKIOFFEA38CA,立農段一小段,2.66,都市：住,10000,27,持分移轉,05960000
RPQOMLKMKIOFFBA47CA,延平段三小段,43.00,都市：商,1,1,全筆移轉,03860000
RPQOMLRLKIOFFEA38CA,立農段一小段,.12,都市：住,10000,27,持分移轉,05980001
RPTOMLQLJIOFFFA68DA,懷生段四小段,48.00,都市：住,4,1,持分移轉,02260000
RPRPMLNKJIOFFDA87CA,永吉段四小段,.18,都市：商,10000,1,持分移轉,00910000
RPRPMLNKJIOFFDA87CA,永吉段四小段,.14,都市：商,10000,1,持分移轉,00930000
RPSNMLKLJIOFFFA77CA,大安段一小段,5.81,都市：其他:敦化南路特定專用區(B區)(依都市計畫說明書圖規定辦理),1758000,6238,持分移轉,00420000
RPRPMLNKJIOFFDA87CA,永吉段四小段,.13,都市：其他:交通用地(公共設施用地79/5/24】,10000,1,持分移轉,00930001
RPQNMLLLJIOFFEA57CA,百齡段六小段,14.30,都市：住,14300,71,持分移轉,00680000
RPVOMLOKJIOFFDA38DA,玉成段三小段,.03,都市：商,100000,1,持分移轉,04590000
RPXOMLQLJIOFFFA09DA,通化段二小段,24.50,都市：商,2,1,持分移轉,03270000
RPSOMLQLJIOFFEA38CA,中洲段,581.00,都市：其他:遊樂區,1,1,全筆移轉,00680000
RPSOMLQLJIOFFEA38CA,中洲段,178.00,都市：其他:遊樂區,1,1,全筆移轉,03620000
RPSOMLQLJIOFFEA38CA,富安段一小段,1.50,都市：其他:娛樂區,168,1,持分移轉,02700000
RPSOMLQLJIOFFEA38CA,富安段一小段,3.67,都市：其他:娛樂區,168,1,持分移轉,02710000
RPSOMLQLJIOFFEA38CA,富安段一小段,5.62,都市：其他:娛樂區,168,1,持分移轉,02720000
RPSOMLQLJIOFFEA38CA,富安段一小段,2.25,都市：其他:遊樂區,168,1,持分移轉,03450000
RPSOMLQLJIOFFEA38CA,富安段一小段,20.19,都市：其他:遊樂區,84,1,持分移轉,03520000
RPSOMLQLJIOFFEA38CA,富安段二小段,41.17,都市：商,54,1,持分移轉,03040000
RPRNMLPKJIOFFAA57CA,河堤段三小段,24.85,都市：住,100000,9137,持分移轉,06960000
RPOOMLOKJIOFFCA47CA,康寧段一小段,37.27,都市：住,10000,750,持分移轉,00220000
RPXNMLSLJIOFFDA98DA,福德段一小段,19.83,都市：住,36,3,持分移轉,04760000
RPXNMLOKJIOFFEA48CA,永平段一小段,30.00,都市：住,4,1,持分移轉,02810000
RPROMLPJKIOFFFA18CA,瑞安段二小段,20.02,都市：住,10000,426,持分移轉,06660000
RPSPMLPLJIOFFAA08DA,實踐段二小段,29.12,都市：住,8,1,持分移轉,00920000
RPTOMLOKJIOFFAA87DA,公訓段三小段,.93,都市：住,20000,492,持分移轉,02200000
RPTOMLOKJIOFFAA87DA,公訓段三小段,34.12,都市：住,20000,492,持分移轉,02200001
RPWNMLMJKIOFFDA08CA,南港段一小段,36.17,都市：住,24,1,持分移轉,03790005
RPQNMLPKJIOFFFA97CA,大安段三小段,8.79,都市：其他:敦化南北路特定專用區,2108670,16082,持分移轉,00510000
RPQNMLPKJIOFFFA97CA,大安段三小段,4.77,都市：其他:敦化南北路特定專用區,2108670,16082,持分移轉,00510001
RPVNMLKMKIOFFCA97CA,石潭段四小段,9.54,都市：商,100000,340,持分移轉,04230000
RPWNMLSKJIOFFBA48CA,臨沂段二小段,30.30,都市：住,10,1,持分移轉,02830000
RPRNMLPLJIOFFDA97CA,玉成段一小段,15.10,都市：工,30000,998,持分移轉,03830000
RPXNMLPKJIOFFDA48CA,吳興段一小段,35.00,都市：住,40,10,持分移轉,02730000
SPOPMLLKKIOFFCA47CA,中山段一小段,.87,都市：商,10000,5,持分移轉,06640000
RPWNMLOLJIOFFBA28DA,漢中段一小段,3.86,都市：商,10000,105,持分移轉,02620000
RPXNMLNJKIOFFBA08CA,城中段一小段,7.90,都市：商,10000,119,持分移轉,05310000
RPWOMLTKJIOFFEA98CA,崇仰段三小段,53.87,都市：住,4,1,持分移轉,02780000
RPSQMLLLJIOFFCA97DA,康寧段三小段,13.55,都市：商,10000,36,持分移轉,07660000
RPSQMLLLJIOFFCA97DA,康寧段三小段,.01,都市：其他:道路用地,10000,36,持分移轉,07660013
RPPOMLSKJIOFFBA87CA,迪化段一小段,25.67,都市：商,3,1,持分移轉,02410000
RPROMLOKJIOFFFA08CA,學府段二小段,27.50,都市：住,4,1,持分移轉,04730000
RPPPMLPKJIOFFEA97CA,百齡段三小段,32.04,都市：住,100000,3529,持分移轉,03080000
RPPPMLPKJIOFFEA97CA,百齡段三小段,.18,都市：其他:道路用地,100000,3529,持分移轉,03480006
RPXOMLOKJIOFFBA28CA,莒光段四小段,14.67,都市：商,6,1,持分移轉,07780000
RPXOMLOKJIOFFBA28CA,莒光段四小段,13.67,都市：商,6,1,持分移轉,07790000
RPQNMLTKJIOFFAA87CA,華興段四小段,4.62,都市：住,10000,20,持分移轉,06560000
RPRNMLPKJIOFFBA67CA,福星段三小段,4.14,都市：商,10000,24,持分移轉,05770000
RPOPMLQJKIOFFDA87CA,雅祥段一小段,8.46,都市：住,10000,165,持分移轉,02020000
RPOPMLQJKIOFFDA87CA,雅祥段一小段,10.25,都市：商,10000,165,持分移轉,02020001
RPPRMLOKJIOFFEA08CA,陽明段一小段,14.65,都市：住,10000,618,持分移轉,03750000
RPSNMLKMJIOFFFA97DA,金華段一小段,36.39,都市：住,10000,2333,持分移轉,03270002
RPWOMLPKJIOFFBA28CA,漢中段二小段,11.36,都市：商,10000,24,持分移轉,09770000
RPQNMLPKJIOFFEA87CA,桃源段二小段,25.06,都市：住,10000,58,持分移轉,02510000
RPPNMLPKJIOFFFA87CA,瑞安段一小段,3.95,都市：商,10000,31,持分移轉,00140000
RPSOMLOKJIOFFAA67CA,河堤段六小段,12.71,都市：商,10000,1258,持分移轉,05770000
RPWNMLTKJIOFFAA48CA,實踐段二小段,17.50,都市：其他:道路用地,2,1,持分移轉,02050000
RPWNMLTKJIOFFAA48CA,實踐段二小段,40.00,都市：其他:道路用地,2,1,持分移轉,02060000
RPTNMLPJKIOFFAA77CA,興泰段二小段,.03,都市：其他:交通用地,90000,427,持分移轉,01560000
RPTNMLPJKIOFFAA77CA,興泰段二小段,1.11,都市：其他:交通用地,90000,427,持分移轉,01570000
RPWNMLMLJIOFFBA97CA,直興段三小段,8.36,都市：商,10000,56,持分移轉,00010000
RPTNMLPJKIOFFAA77CA,興泰段二小段,.75,都市：其他:交通用地,90000,427,持分移轉,01580000
RPTNMLPJKIOFFAA77CA,興泰段二小段,.68,都市：其他:交通用地,90000,427,持分移轉,01590000
RPWNMLMLJIOFFBA97CA,直興段三小段,.96,都市：商,10000,56,持分移轉,00110000
RPTNMLPJKIOFFAA77CA,興泰段二小段,2.69,都市：其他:交通用地,90000,427,持分移轉,01600000
RPTNMLPJKIOFFAA77CA,興泰段二小段,.14,都市：其他:交通用地,90000,427,持分移轉,01810000
RPTNMLPJKIOFFAA77CA,興泰段二小段,.07,都市：其他:交通用地,90000,427,持分移轉,01820000
RPTNMLPJKIOFFAA77CA,興泰段二小段,1.20,都市：其他:交通用地,90000,427,持分移轉,01830000
RPTNMLPJKIOFFAA77CA,興泰段二小段,.09,都市：其他:交通用地,90000,427,持分移轉,01840000
RPTNMLPJKIOFFAA77CA,興泰段二小段,.32,都市：其他:交通用地,90000,427,持分移轉,01850000
RPTNMLPJKIOFFAA77CA,興泰段二小段,3.53,都市：其他:交通用地,90000,427,持分移轉,01860000
RPROMLPKJIOFFAA67CA,政大段一小段,21.38,都市：住,10000,322,持分移轉,01170000
RPTNMLPJKIOFFAA77CA,興泰段二小段,1.17,都市：其他:交通用地,90000,427,持分移轉,01910000
RPTNMLPJKIOFFAA77CA,興泰段二小段,1.19,都市：其他:交通用地,90000,427,持分移轉,01920000
RPTNMLPJKIOFFAA77CA,興泰段二小段,3.05,都市：其他:交通用地,90000,427,持分移轉,01930000
RPPNMLPKJIOFFAA37CA,景美段一小段,25.80,都市：住,5,1,持分移轉,03030000
RPPNMLPKJIOFFAA37CA,景美段一小段,4.33,都市：住,15,1,持分移轉,03050000
RPTNMLPJKIOFFAA77CA,興泰段二小段,4.30,都市：其他:交通用地,90000,427,持分移轉,01950000
RPTNMLPJKIOFFAA77CA,興泰段二小段,.19,都市：其他:交通用地,90000,427,持分移轉,02220000
RPSRMLMJKIOFFAA77CA,公訓段三小段,2.75,都市：住,10000,22,持分移轉,02650000
RPROMLOKJIOFFEA97CA,立農段四小段,35.50,都市：住,4,1,持分移轉,01880000
RPSRMLMJKIOFFAA77CA,萬芳段三小段,70.76,都市：住,10000,22,持分移轉,00650000
RPUNMLPKJIOFFDA18CA,玉成段一小段,15.52,都市：工,80000,1203,持分移轉,02560000
RPUNMLPKJIOFFDA18CA,玉成段一小段,.36,都市：工,112,5,持分移轉,02600004
RPUNMLPKJIOFFDA18CA,玉成段一小段,6.65,都市：工,112,5,持分移轉,02640000
RPUNMLPKJIOFFDA18CA,玉成段一小段,6.74,都市：工,112,5,持分移轉,02650000
RPUQMLMLJIOFFCA28DA,吉林段一小段,28.34,都市：商,10000,361,持分移轉,00600000
RPSNMLKMJIOFFBA57DA,玉泉段一小段,1.34,都市：商,100000,719,持分移轉,05570000
RPSNMLKMJIOFFBA57DA,玉泉段一小段,.01,都市：其他:道路用地(公共設施用地),100000,719,持分移轉,05570001
RPSNMLKMJIOFFBA57DA,玉泉段一小段,1.35,都市：商,100000,719,持分移轉,05580000
RPSNMLKMJIOFFBA57DA,玉泉段一小段,1.29,都市：商,100000,719,持分移轉,05590000
RPSNMLKMJIOFFBA57DA,玉泉段一小段,.02,都市：其他:道路用地(公共設施用地),100000,719,持分移轉,05590001
RPSNMLKMJIOFFBA57DA,玉泉段一小段,.30,都市：商,100000,719,持分移轉,05600000
RPSNMLKMJIOFFBA57DA,玉泉段一小段,.01,都市：其他:道路用地(公共設施用地),100000,719,持分移轉,05600005
RPSNMLKMJIOFFBA57DA,玉泉段一小段,.24,都市：商,100000,719,持分移轉,05610000
RPSNMLKMJIOFFBA57DA,玉泉段一小段,.81,都市：商,100000,719,持分移轉,05620000
RPSQMLOKJIOFFDA18CA,南港段二小段,18.26,都市：商,10000,503,持分移轉,06520000
RPQNMLQKJIOFFEA97CA,陽明段一小段,20.38,都市：商,10000,106,持分移轉,08120000
RPSOMLPKJIOFFAA77CA,永昌段一小段,11.38,都市：住,8,1,持分移轉,02540000
RPSQMLPKJIOFFCA28DA,東湖段七小段,19.63,都市：住,100000,433,持分移轉,00430000
RPSNMLMLJIOFFEA87CA,行義段一小段,19.86,都市：住,10000,174,持分移轉,02710000
RPPOMLKLJIOFFDA47DA,三興段一小段,16.20,都市：商,10000,141,持分移轉,10010000
RPTNMLPKJIOFFDA08CA,玉成段一小段,15.52,都市：工,80000,1203,持分移轉,02560000
RPTNMLPKJIOFFDA08CA,玉成段一小段,.36,都市：工,112,5,持分移轉,02600004
RPTNMLPKJIOFFDA08CA,玉成段一小段,6.65,都市：工,112,5,持分移轉,02640000
RPTNMLPKJIOFFDA08CA,玉成段一小段,6.74,都市：工,112,5,持分移轉,02650000
RPWPMLOKJIOFFCA38CA,文德段二小段,23.41,都市：住,10000,123,持分移轉,02240023
RPSOMLRLJIOFFDA38CA,敦化段二小段,4.39,都市：商,10000,80,持分移轉,05230000
RPOPMLLKKIOFFCA37CA,中山段一小段,1.75,都市：商,10000,10,持分移轉,06640000
RPXRMLMJKIOFFAA28CA,福和段一小段,97.00,都市：其他:道路用地,2,1,持分移轉,05510000
RPRRMLKMKIOFFCA97CA,文德段二小段,47.58,都市：住,10000,85,持分移轉,06320000
RPQNMLSKJIOFFDA08CA,玉成段一小段,41.69,都市：工,10000,120,持分移轉,01910000
RPWQMLOKJIOFFDA68DA,民生段,58.75,都市：其他:住宅用地(民生社區特定專用區),4,1,持分移轉,00350001
RPRNMLPKJIOFFDA97DA,寶清段五小段,5.55,都市：商,10000,77,持分移轉,00060000
RPVNMLTKJIOFFBA48CA,橋北段三小段,43.00,都市：住,3,1,持分移轉,04870000
RPVNMLTKJIOFFBA48CA,橋北段三小段,14.00,都市：其他:道路用地(公共設施用地),3,1,持分移轉,04870002
RPOPMLOKJIOFFBA47CA,雙園段三小段,23.87,都市：住,10000,217,持分移轉,08830000
RPRNMLKKKIOFFBA27CA,青年段一小段,1.39,都市：住,100000,200,持分移轉,07110000
RPRNMLKKKIOFFBA27CA,青年段一小段,.66,都市：住,100000,200,持分移轉,07110003
RPRNMLKKKIOFFBA27CA,青年段二小段,32.92,都市：住,100000,200,持分移轉,00180000
RPRNMLKKKIOFFBA27CA,青年段二小段,.26,都市：住,100000,200,持分移轉,00180039
RPRNMLPJKIOFFCA77CA,東湖段五小段,.72,都市：住,10000,10,持分移轉,02010000
SPQOMLRLJIOFFBA08CA,大同段二小段,1.00,都市：商,5,1,持分移轉,00130001
RPXOMLOKJIOFFCA38CA,中山段一小段,2.92,都市：商,10000,239,持分移轉,08710000
SPQOMLRLJIOFFBA08CA,大同段二小段,28.60,都市：商,5,1,持分移轉,00130013
RPXOMLOKJIOFFCA38CA,中山段一小段,5.90,都市：商,10000,239,持分移轉,08720000
RPTRMLRLJIOFFCA78DA,東湖段七小段,19.48,都市：住,10000,453,持分移轉,03920000
RPXOMLOKJIOFFCA38CA,中山段一小段,4.40,都市：商,10000,239,持分移轉,08730000
RPPOMLTJKIOFFFA38CA,復興段一小段,20.50,都市：商,10,1,持分移轉,04480000
RPUPMLTKJIOFFDA78CA,西松段二小段,10.69,都市：其他:第二種商業區及第三種住宅區。,100000,504,持分移轉,05950000
RPTOMLSKJIOFFBA28CA,臨沂段一小段,26.28,都市：住,10000,1341,持分移轉,06270000
RPUPMLMLJIOFFEA28CA,行義段一小段,21.77,都市：住,10000,149,持分移轉,03500000
RPQOMLLKKIOFFDA57CA,寶清段一小段,22.48,都市：住,147296,330,持分移轉,00570000
RPRNMLNJKIOFFBA57DA,龍山段一小段,29.00,都市：其他:道路用地,1,1,全筆移轉,04030001
RPRNMLNJKIOFFBA57DA,龍山段一小段,32.00,都市：其他:道路用地,1,1,全筆移轉,04040000
RPWNMLSKJIOFFDA78DA,永吉段四小段,2.42,都市：其他:交通用地,10000,23,持分移轉,01400007
RPWNMLSKJIOFFDA78DA,永吉段四小段,3.20,都市：商,10000,23,持分移轉,01410000
RPWNMLSKJIOFFDA78DA,永吉段四小段,.01,都市：商,10000,23,持分移轉,01410001
RPWOMLTKJIOFFDA98DA,信義段三小段,7.22,都市：其他:特定業務區(信義計畫特定專用區),10000,22,持分移轉,00360001
RPROMLPJKIOFFBA77CA,雙連段一小段,16.66,都市：商,10000,833,持分移轉,01490000
RPPOMLPKJIOFFDA77CA,南港段一小段,7.01,都市：商,100000,546,持分移轉,12230000
RPPOMLQJKIOFFFA08CA,大安段二小段,36.24,都市：住,10000,319,持分移轉,02760000
RPURMLPKJIOFFEA68CA,蘭雅段一小段,102.24,都市：工,100000,6860,持分移轉,06330000
RPROMLOLJIOFFBA87DA,臨沂段四小段,50.35,都市：住,10000,835,持分移轉,00630000
RPQPMLKLJIOFFBA37CA,福星段二小段,45.33,都市：商,3,2,持分移轉,04020000
RPPPMLMLJIOFFAA37CA,興泰段二小段,26.57,都市：住,100000,1978,持分移轉,02890000
RPVPMLPKJIOFFCA38CA,潭美段五小段,44.92,都市：住,100000,3035,持分移轉,00770000
RPSSMLPKJIOFFEA58CA,三合段,23.48,都市：住,100000,837,持分移轉,00690000
RPTOMLMKKIOFFDA97CA,寶清段二小段,6.42,都市：商,10000,118,持分移轉,03820000
RPPOMLOJKIOFFFA87CA,復興段三小段,11.79,都市：其他:，建國北路特定專用區,5280,45,持分移轉,03100000
RPWPMLMKKIOFFEA58DA,芝蘭段四小段,10.02,都市：其他:保護區,120,3,持分移轉,04980000
RPUPMLNJKIOFFCA08CA,吉林段三小段,41.25,都市：其他:道路用地,16,3,持分移轉,02120000
RPSOMLSLJIOFFCA38CA,德惠段四小段,11.93,都市：商,10000,380,持分移轉,02200000
RPUQMLLLJIOFFCA18DA,金泰段,47.09,都市：住,500000,224,持分移轉,00720000
RPPNMLSKJIOFFCA87CA,吉林段四小段,3.72,都市：商,10000,49,持分移轉,08030000
RPPNMLSKJIOFFCA87CA,吉林段四小段,.44,都市：商,10000,49,持分移轉,08040000
RPROMLSLJIOFFAA08CA,興隆段三小段,7.92,都市：住,5900,792,持分移轉,05440000
RPTNMLQLJIOFFAA97CA,興泰段一小段,6.32,都市：住,10000,10,持分移轉,08030000
RPTNMLQLJIOFFAA97CA,興泰段一小段,1.37,都市：住,10000,10,持分移轉,08050000
RPOPMLSKJIOFFBA87CA,雙連段一小段,14.24,都市：住,10000,50,持分移轉,06810000
RPPNMLTKJIOFFAA77CA,政大段一小段,43.69,都市：商,10000,290,持分移轉,00600000
RPUNMLTKKIOFFDA78DA,民生段,1.86,都市：商,100000,41,持分移轉,00530000
RPPNMLKMJIOFFDA37CA,西松段一小段,10.39,都市：住,30700,116,持分移轉,00090007
RPPNMLKMJIOFFDA37CA,西松段一小段,13.44,都市：住,30700,116,持分移轉,00090038
RPWNMLSKJIOFFCA58CA,西湖段四小段,46.04,都市：其他:科技工業區,10000,111,持分移轉,01420000
RPXNMLLLJIOFFFA38CA,大安段一小段,4.17,都市：商,10000,71,持分移轉,02790000
RPXNMLLLJIOFFFA38CA,大安段一小段,1.16,都市：商,10000,71,持分移轉,02790001
RPROMLMLJIOFFEA87CA,豐年段一小段,37.50,都市：農,2,1,持分移轉,06390000
RPQOMLNJKIOFFAA37CA,興隆段四小段,40.00,都市：住,8,1,持分移轉,02020000
RPQOMLNJKIOFFAA37CA,興隆段四小段,.12,都市：其他:道路用地,8,1,持分移轉,02020001
RPRNMLMJKIOFFAA27CA,興泰段三小段,34.88,都市：住,8,1,持分移轉,02050000
RPPPMLRLJIOFFBA97CA,大同段一小段,15.20,都市：商,5,1,持分移轉,02620000
RPSQMLPJKIOFFBA08CA,漢中段二小段,1.50,都市：商,100000,53,持分移轉,01880000
RPUNMLTLJIOFFFA88CA,學府段一小段,35.20,都市：其他:敦化南北路特定專用區(B區),10000,714,持分移轉,02990000
RPSQMLPJKIOFFBA08CA,漢中段二小段,.01,都市：其他:道路用地（公共設施用地）,100000,53,持分移轉,01880001
RPXNMLOJKIOFFEA48CA,光華段四小段,57.34,都市：商,100000,1230,持分移轉,05900000
RPXNMLPLJIOFFBA38CA,雙連段一小段,13.67,都市：住,10000,48,持分移轉,06810000
RPVNMLTLJIOFFCA78DA,長安段四小段,12.97,都市：商,90000,6750,持分移轉,04890000
RPQNMLOLJIOFFFA08DA,金華段二小段,5.35,都市：商,10000,256,持分移轉,04670000
RPPOMLQLJIOFFAA67CA,河堤段三小段,24.29,都市：住,7,1,持分移轉,04350000
RPPNMLRKJIOFFCA87DA,中山段一小段,15.63,都市：商,10000,810,持分移轉,00250000
RPQOMLRLJIOFFBA97CA,大同段二小段,1.00,都市：商,5,1,持分移轉,00130002
RPQOMLRLJIOFFBA97CA,大同段二小段,27.20,都市：商,5,1,持分移轉,00130014
RPWNMLQJKIOFFAA18CA,木柵段三小段,38.51,都市：住,10000,81,持分移轉,03410000
RPPQMLTKJIOFFCA28CA,德惠段四小段,2.84,都市：商,10000,22,持分移轉,03100000
RPXNMLMKKIOFFBA08CA,玉泉段一小段,.78,都市：商,10000,10,持分移轉,03750000
RPVNMLSKJIOFFDA58CA,寶清段四小段,4.42,都市：其他:聯合開發區,100000,220,持分移轉,05990000
RPWOMLOJKIOFFCA28CA,德惠段三小段,11.18,都市：住,10000,601,持分移轉,02700000
RPSNMLSKJIOFFCA18CA,石潭段四小段,29.98,都市：商,10000,484,持分移轉,02610000
RPUNMLSKJIOFFCA38CA,西湖段四小段,68.94,都市：其他:科技工業區,10000,221,持分移轉,01220000
RPOOMLTKJIOFFBA87CA,青年段二小段,16.00,都市：住,4,1,持分移轉,04510000
RPRNMLQKJIOFFEA08CA,奇岩段四小段,24.94,都市：住,10000,74,持分移轉,02730000
RPWPMLRLJIOFFCA78CA,石潭段三小段,34.77,都市：商,10000,170,持分移轉,06390000
RPTNMLKLJIOFFBA47CA,漢中段一小段,4.91,都市：商,10000,125,持分移轉,06950000
RPVNMLKMJIOFFDA97CA,新光段三小段,30.00,都市：住,30,1,持分移轉,01770000
RPSNMLTKJIOFFDA38CA,逸仙段三小段,87.00,都市：其他:道路用地,1,1,全筆移轉,07860000
RPSNMLTKJIOFFDA38CA,三興段三小段,85.00,都市：其他:道路用地,1,1,全筆移轉,01410000
RPSNMLTKJIOFFDA38CA,三興段三小段,11.00,都市：其他:道路用地,1,1,全筆移轉,01690000
RPTNMLPKKIOFFCA08CA,長春段三小段,6.01,都市：商,1000,22,持分移轉,02660000
RPOQMLMLJIOFFBA57DA,延平段一小段,3.53,都市：商,10000,63,持分移轉,04840000
RPOQMLMLJIOFFBA57DA,延平段一小段,1.32,都市：其他:特定專用區(供一般商業使用),10000,63,持分移轉,04840003
RPVNMLTKJIOFFEA78CA,行義段三小段,44.18,都市：住,90900,4365,持分移轉,01510000
RPOPMLLLJIOFFBA27CA,雙園段三小段,25.00,都市：住,2,1,持分移轉,03090000
RPTPMLLLJIOFFFA28DA,通化段六小段,29.00,都市：住,4040,290,持分移轉,03350000
RPPPMLQLJIOFFFA38DA,學府段二小段,4.54,都市：商,10000,193,持分移轉,00030000
RPPPMLQLJIOFFFA38DA,學府段二小段,4.25,都市：商,10000,193,持分移轉,00040000
RPPPMLQLJIOFFFA38DA,學府段二小段,4.32,都市：商,10000,193,持分移轉,00050000
RPUNMLLLJIOFFBA77DA,華中段一小段,6.00,都市：其他:道路用地,1,1,全筆移轉,02670000
RPWPMLRLJIOFFDA88CA,三興段二小段,26.80,都市：住,5,1,持分移轉,08960000
RPXNMLTKJIOFFEA98CA,立農段五小段,35.75,都市：住,4,1,持分移轉,05430000
RPOOMLKLJIOFFEA37CA,百齡段六小段,36.25,都市：住,4,1,持分移轉,01090000
RPPNMLQLJIOFFFA08CA,懷生段三小段,37.56,都市：住,80,5,持分移轉,04630000
RPVNMLRKKIOFFAA28CA,南海段二小段,4.36,都市：商,100000,2087,持分移轉,02320000
RPVNMLRKKIOFFAA28CA,南海段二小段,15.63,都市：商,100000,2087,持分移轉,02350000
RPVQMLQLJIOFFCA68CA,榮星段三小段,14.66,都市：商,10000,28,持分移轉,05980000
RPRNMLOLJIOFFFA18DA,大安段三小段,25.33,都市：住,367495,185,持分移轉,02980000
RPXNMLTLJIOFFEA56DA,新民段二小段,7.70,都市：其他:特定觀光商業專用區,10000,86,持分移轉,04870000
RPVPMLPLJIOFFAA38DA,興泰段一小段,102.21,都市：住,100000,645,持分移轉,08020000
RPXNMLTLJIOFFEA56DA,開明段二小段,1.76,都市：其他:特定觀光商業專用區,10000,86,持分移轉,00040007
RPXNMLTLJIOFFEA56DA,大業段一小段,.05,都市：其他:特定觀光商業專用區,10000,86,持分移轉,00020002
RPVPMLPLJIOFFAA38DA,興泰段一小段,3.04,都市：住,100000,645,持分移轉,08040000
RPVPMLPLJIOFFAA38DA,興泰段一小段,26.05,都市：住,100000,645,持分移轉,08200000
RPTNMLKLJIOFFEA77CA,文林段三小段,13.42,都市：住,100000,1038,持分移轉,09230000
RPPNMLTKJIOFFFA28CA,復興段一小段,4.00,都市：其他:道路用地,1,1,全筆移轉,01110000
RPUOMLTKJIOFFCA58CA,榮星段六小段,38.49,都市：住,10000,113,持分移轉,01240000
RPQOMLKLJIOFFEA57CA,文林段四小段,30.00,都市：商,4,1,持分移轉,07060000
RPOPMLTKJIOFFBA97CA,福星段二小段,7.48,都市：商,10000,21,持分移轉,04310000
RPQOMLLLJIOFFFA87DA,復興段三小段,2.88,都市：其他:道路用地,8,1,持分移轉,05620000
RPQOMLLLJIOFFFA87DA,復興段三小段,1.25,都市：其他:道路用地,8,1,持分移轉,05620002
RPQOMLLLJIOFFFA87DA,復興段三小段,12.88,都市：其他:道路用地,8,1,持分移轉,05620003
RPQOMLLLJIOFFFA87DA,復興段三小段,.38,都市：其他:道路用地,8,1,持分移轉,05620004
RPTOMLLKKIOFFAA57CA,景美段三小段,6.13,都市：其他:交通用地,10000,103,持分移轉,01220000
RPSNMLTKJIOFFFA58CA,瑞安段三小段,26.75,都市：住,4,1,持分移轉,05620000
RPUOMLSKJIOFFDA58CA,民生段,68.25,都市：住,4,1,持分移轉,00980019
RPTNMLTKJIOFFDA48CA,吳興段二小段,6.54,都市：住,100000,1673,持分移轉,07900006
RPTNMLTKJIOFFDA48CA,吳興段二小段,6.54,都市：住,100000,1673,持分移轉,07900014
RPTNMLTKJIOFFDA48CA,吳興段二小段,6.54,都市：住,100000,1673,持分移轉,07900015
RPTNMLTKJIOFFDA48CA,吳興段二小段,6.54,都市：住,100000,1673,持分移轉,07900016
RPRNMLRLJIOFFAA87CA,河堤段一小段,7.22,都市：住,10000,347,持分移轉,04690000
RPRNMLRLJIOFFAA87CA,河堤段一小段,15.68,都市：住,10000,347,持分移轉,04760000
RPSNMLKLJIOFFBA37CA,雙園段一小段,7.67,都市：住,2800,7,持分移轉,05370011
RPUNMLTKJIOFFEA68CA,行義段三小段,9.20,都市：住,100000,1641,持分移轉,05280000
RPSOMLTKJIOFFCA38CA,東湖段八小段,41.01,都市：住,1000000000,17610000,持分移轉,00400000
RPPPMLMJKIOFFCA47CA,潭美段四小段,17.10,都市：住,100000,2108,持分移轉,05450000
RPXNMLTKJIOFFAA58CA,實踐段二小段,16.50,都市：住,8,1,持分移轉,00190000
RPXNMLTKJIOFFAA58CA,實踐段二小段,13.88,都市：住,8,1,持分移轉,00200000
RPXNMLQJKIOFFBA38CA,雙連段三小段,15.10,都市：住,100000,3206,持分移轉,03160000
RPQNMLTKJIOFFBA97CA,福星段四小段,5.13,都市：商,10000,48,持分移轉,03130000
RPRQMLMLJIOFFCA97DA,康寧段三小段,5.00,都市：住,10000,14,持分移轉,05410003
RPRQMLNJKIOFFEA08CA,立農段三小段,17.50,都市：住,4,1,持分移轉,01270000
RPVPMLSLJIOFFCA88DA,榮星段五小段,1.93,都市：商,10000,58,持分移轉,00020000
RPVPMLSLJIOFFCA88DA,榮星段五小段,5.77,都市：商,10000,58,持分移轉,00030000
RPVPMLSLJIOFFCA88DA,榮星段五小段,5.82,都市：商,10000,58,持分移轉,00040000
RPVPMLSLJIOFFCA88DA,榮星段五小段,5.80,都市：商,10000,58,持分移轉,00050000
RPVPMLSLJIOFFCA88DA,榮星段五小段,5.77,都市：商,10000,58,持分移轉,00060000
RPUOMLKLJIOFFFA18DA,復興段一小段,26.25,都市：住,10000,96,持分移轉,03470000
RPRNMLTKJIOFFFA48CA,大安段二小段,40.00,都市：其他:道路用地,1,1,全筆移轉,04930000
RPVQMLTKJIOFFCA88CA,康寧段三小段,44.48,都市：住,10000,78,持分移轉,05490000
RPVNMLMLJIOFFDA08CA,吳興段二小段,51.76,都市：住,10000,200,持分移轉,07340000
RPQNMLTKJIOFFEA28CA,福林段二小段,82.14,都市：住,100000,553,持分移轉,05940000
RPOOMLMJKIOFFDA37CA,雅祥段一小段,54.40,都市：住,100000,2989,持分移轉,01530000
RPVPMLTKJIOFFEA98CA,行義段二小段,11.58,都市：住,10000,93,持分移轉,01980000
RPXPMLSKJIOFFCA88CA,碧湖段四小段,25.33,都市：住,280000,2408,持分移轉,06220000
RPTOMLTKJIOFFEA68CA,天山段二小段,31.80,都市：住,10000,65,持分移轉,00060000
RPVNMLTLJIOFFDA88DA,南港段四小段,39.86,都市：住,2200000,112132,持分移轉,02230000
RPQQMLKMKIOFFEA97CA,福順段二小段,112.00,都市：住,1,1,全筆移轉,03460000
RPQOMLRKKIOFFDA18CA,永吉段一小段,35.58,都市：住,75600,20076,持分移轉,03120002
RPPPMLNJKIOFFDA67CA,吳興段二小段,13.40,都市：住,5,1,持分移轉,05390000
RPQNMLTKJIOFFFA38CA,仁愛段六小段,84.00,都市：其他:道路用地,1,1,全筆移轉,01510000
RPQNMLTKJIOFFFA38CA,仁愛段一小段,59.00,都市：其他:道路用地,1,1,全筆移轉,00540000
RPQNMLTKJIOFFFA38CA,仁愛段六小段,87.00,都市：其他:道路用地,1,1,全筆移轉,01420000
RPQNMLTKJIOFFFA38CA,仁愛段六小段,66.00,都市：其他:道路用地,1,1,全筆移轉,01530001
RPQNMLTKJIOFFFA38CA,仁愛段六小段,76.00,都市：其他:道路用地,1,1,全筆移轉,01980000
RPPPMLSKJIOFFBA97CA,萬大段一小段,18.00,都市：住,4,1,持分移轉,00310000
RPPOMLLLJIOFFEA67DA,福順段二小段,20.48,都市：其他:道路用地,21,1,持分移轉,04930000
RPOOMLPJKIOFFCA57CA,文德段一小段,26.59,都市：住,10000,54,持分移轉,03190000
RPPNMLLJKIOFFFA57DA,瑞安段一小段,6.42,都市：商,10000,68,持分移轉,01890000
RPQQMLMLJIOFFDA87CA,犂和段三小段,6.17,都市：商,100000,410,持分移轉,00070000
RPQQMLMLJIOFFDA87CA,犂和段三小段,2.93,都市：商,100000,410,持分移轉,00070001
RPWNMLTLJIOFFDA98DA,西松段一小段,14.02,都市：住,17973,60,持分移轉,00090005
RPPOMLSKJIOFFFA38DA,通化段六小段,4.43,都市：其他:敦化南北路特定專用區(A區),10000,41,持分移轉,06870000
RPUNMLMJKIOFFCA77CA,中山段一小段,4.32,都市：商,100000,378,持分移轉,03860000
RPSOMLTKJIOFFEA58CA,百齡段四小段,39.40,都市：住,10000,647,持分移轉,02960000
RPQOMLTKJIOFFFA48CA,懷生段二小段,12.29,都市：住,99643,94,持分移轉,02220000
RPQOMLTKJIOFFFA48CA,懷生段二小段,9.37,都市：商,99643,94,持分移轉,02220007
RPQNMLOLJIOFFAA47CA,公訓段三小段,4.94,都市：住,10000,56,持分移轉,00210000
RPQNMLOLJIOFFAA47CA,公訓段三小段,19.99,都市：住,10000,56,持分移轉,00230000
RPQNMLOLJIOFFAA47CA,公訓段三小段,.01,都市：住,10000,56,持分移轉,00240002
RPVOMLLKKIOFFCA97CA,石潭段四小段,9.54,都市：商,100000,340,持分移轉,04230000
RPTNMLPJKIOFFCA97CA,榮星段五小段,28.25,都市：住,4,1,持分移轉,02760000
RPOOMLTKJIOFFDA08CA,福德段二小段,48.50,都市：住,4,1,持分移轉,02840000
RPRPMLMKKIOFFEA97CA,三合段,14.58,都市：住,100000,1336,持分移轉,00420000
RPWPMLPLJIOFFDA68CA,吳興段三小段,37.04,都市：住,10000,123,持分移轉,00070004
RPWNMLLKKIOFFFA28CA,懷生段一小段,.26,都市：商,10000,48,持分移轉,00070000
RPWNMLLKKIOFFFA28CA,懷生段一小段,2.56,都市：商,10000,48,持分移轉,00080000
RPSNMLSKJIOFFAA08DA,景美段四小段,10.48,都市：住,10000,34,持分移轉,00700000
RPTNMLSKJIOFFAA18DA,景美段四小段,14.18,都市：住,10000,46,持分移轉,00700000
RPOOMLKKKIOFFCA17CA,石潭段四小段,8.42,都市：商,100000,300,持分移轉,04230000
RPWNMLTKJIOFFDA78CA,敦化段一小段,9.48,都市：其他:第三種住宅區。,10000,91,持分移轉,05450000
RPQQMLOJKIOFFDA97CA,雅祥段四小段,4.43,都市：商,100000,281,持分移轉,02760000
RPQQMLOJKIOFFDA97CA,雅祥段四小段,1.86,都市：住,100000,281,持分移轉,02830000
RPRNMLSKJIOFFAA97DA,景美段四小段,10.48,都市：住,10000,34,持分移轉,00700000
RPXOMLMLJIOFFDA38CA,永春段一小段,32.50,都市：住,4,1,持分移轉,05330000
RPPNMLLLJIOFFEA47CA,天母段三小段,16.09,都市：住,5000,38,持分移轉,00160000
RPPNMLQLJIOFFCA77CA,中山段三小段,4.92,都市：商,10000,66,持分移轉,05930000
RPPPMLMKKIOFFAA37CA,南海段二小段,1.40,都市：商,10000,147,持分移轉,01720000
RPPPMLMKKIOFFAA37CA,南海段二小段,6.84,都市：商,10000,147,持分移轉,02050000
RPSNMLKKKIOFFCA47CA,石潭段四小段,15.01,都市：商,100000,535,持分移轉,04230000
RPQNMLKLJIOFFDA37CA,永春段三小段,21.09,都市：住,22,2,持分移轉,04140000
RPSNMLPLJIOFFFA28CA,復興段二小段,75.00,都市：其他:道路用地,1,1,全筆移轉,03270006
RPOTMLQLJIOFFCA38DA,潭美段四小段,12.20,都市：住,100000,583,持分移轉,04810000
RPVOMLSLJIOFFEA88CA,天山段一小段,36.00,都市：住,40,2,持分移轉,07090000
RPTOMLLLJIOFFDA97DA,祥和段二小段,4.67,都市：其他:道路用地,48,14,持分移轉,03290000
RPQPMLMKKIOFFAA47CA,南海段二小段,1.17,都市：商,10000,123,持分移轉,01720000
RPQPMLMKKIOFFAA47CA,南海段二小段,5.73,都市：商,10000,123,持分移轉,02050000
RPUNMLKLJIOFFEA87CA,立農段二小段,32.54,都市：住,10000,320,持分移轉,02370000
RPWOMLPLJIOFFCA48CA,吉林段五小段,3.67,都市：商,3756,24,持分移轉,03130000
RPRPMLKLJIOFFAA37CA,南海段二小段,6.97,都市：商,5000,71,持分移轉,01640000
RPRPMLKLJIOFFAA37CA,南海段二小段,1.79,都市：商,5000,71,持分移轉,01640013
RPPOMLOJKIOFFAA47DA,華興段一小段,36.50,都市：住,4,1,持分移轉,04010000
RPPPMLPLJIOFFDA97CA,麗山段五小段,499.99,都市：其他:保護區,10000,4105,持分移轉,02020000
RPQQMLLLJIOFFDA77CA,三興段一小段,3.94,都市：商,10000,26,持分移轉,10920000
RPPPMLKLJIOFFDA47CA,寶清段一小段,31.05,都市：住,33850,118,持分移轉,00590000
RPUNMLTKJIOFFAA28CA,實踐段一小段,12.70,都市：住,10000,281,持分移轉,04040000
RPUNMLTKJIOFFAA28CA,實踐段一小段,.98,都市：住,10000,281,持分移轉,04050000
RPUNMLTKJIOFFAA28CA,實踐段一小段,3.91,都市：住,10000,281,持分移轉,04060000
RPUNMLTKJIOFFAA28CA,實踐段一小段,14.39,都市：住,10000,281,持分移轉,04070000
RPTPMLKLJIOFFAA57CA,南海段二小段,1.01,都市：商,10000,106,持分移轉,01720000
RPTPMLKLJIOFFAA57CA,南海段二小段,4.93,都市：商,10000,106,持分移轉,02050000
RPROMLLLJIOFFEA87DA,奇岩段三小段,3.00,都市：其他:道路用地,60,1,持分移轉,02180000
RPROMLLLJIOFFEA87DA,奇岩段三小段,3.09,都市：其他:道路用地,120,1,持分移轉,02530000
RPROMLLLJIOFFEA87DA,奇岩段三小段,.07,都市：其他:道路用地,120,1,持分移轉,02560000
RPROMLLLJIOFFEA87DA,奇岩段三小段,.39,都市：其他:道路用地,120,1,持分移轉,03420000
RPSPMLKLJIOFFAA47CA,南海段二小段,1.17,都市：商,10000,123,持分移轉,01720000
RPSPMLKLJIOFFAA47CA,南海段二小段,5.73,都市：商,10000,123,持分移轉,02050000
RPRNMLKLJIOFFDA47CA,經貿段,41.36,都市：住,10000,759,持分移轉,00620004
RPOOMLKKKIOFFEA37CA,天母段一小段,29.96,都市：商,10000,237,持分移轉,00490000
RPXPMLLLJIOFFDA38CA,逸仙段三小段,9.00,都市：住,10,1,持分移轉,04760000
RPXPMLLLJIOFFDA38CA,逸仙段三小段,9.00,都市：住,10,1,持分移轉,04790000
RPXPMLLLJIOFFDA38CA,逸仙段三小段,9.00,都市：住,10,1,持分移轉,04800000
RPPNMLNLJIOFFFA87DA,大安段二小段,24.30,都市：住,10,1,持分移轉,05230000
RPRPMLMKKIOFFAA57CA,南海段二小段,1.29,都市：商,10000,136,持分移轉,01720000
RPRPMLMKKIOFFAA57CA,南海段二小段,6.33,都市：商,10000,136,持分移轉,02050000
RPWQMLSKJIOFFCA88CA,東湖段七小段,32.97,都市：住,10000,228,持分移轉,01960000
RPWQMLSKJIOFFCA88CA,東湖段七小段,.11,都市：其他:道,10000,228,持分移轉,01960001
RPRNMLTKJIOFFCA18CA,東湖段五小段,38.18,都市：住,10000,370,持分移轉,01460000
RPSQMLSKJIOFFCA48CA,長春段三小段,33.70,都市：商,10000,336,持分移轉,00820000
RPSQMLSKJIOFFCA48CA,長春段三小段,.47,都市：商,10000,336,持分移轉,00890001
RPSPMLKLJIOFFDA77CA,逸仙段二小段,28.25,都市：工,8,1,持分移轉,03380000
RPSPMLKLJIOFFDA77CA,逸仙段二小段,5.50,都市：其他:道路用地,8,1,持分移轉,03390000
RPTNMLLJKIOFFDA77DA,三興段二小段,35.80,都市：住,107,1,持分移轉,05270002
RPXOMLMLJIOFFFA68DA,仁愛段六小段,26.75,都市：住,16,1,持分移轉,01880000
RPTNMLKLJIOFFCA57CA,榮星段三小段,14.66,都市：商,10000,28,持分移轉,05980000
RPQOMLSKKIOFFEA48DA,振興段一小段,22.26,都市：住,10000,318,持分移轉,01680000
RPXOMLMLJIOFFFA68DA,仁愛段六小段,.06,都市：其他:道路用地(公共設施用地),16,1,持分移轉,01880001
RPWNMLPJKIOFFDA38CA,永春段一小段,3.14,都市：住,100000,307,持分移轉,00890000
RPWNMLPJKIOFFDA38CA,永春段一小段,12.43,都市：住,100000,307,持分移轉,00890001
RPWNMLPJKIOFFDA38CA,永春段一小段,.69,都市：住,100000,307,持分移轉,00890002
RPVNMLLLJIOFFAA67CA,興隆段三小段,15.18,都市：其他:市場用地(公共設施用地),10000,116,持分移轉,03830000
RPXOMLMKKIOFFAA08CA,南海段二小段,1.38,都市：商,10000,145,持分移轉,01720000
RPXOMLMKKIOFFAA08CA,南海段二小段,6.75,都市：商,10000,145,持分移轉,02050000
RPOOMLQKKIOFFBA67CA,青年段一小段,26.49,都市：住,85319,141,持分移轉,00570000
RPROMLTLJIOFFEA68DA,文林段一小段,28.46,都市：住,100000,1157,持分移轉,04760000
RPWNMLRLJIOFFBA48CA,城中段二小段,.50,都市：商,20000,3,持分移轉,06470000
RPROMLTLJIOFFEA68DA,文林段一小段,13.13,都市：住,100000,1157,持分移轉,04760012
RPQOMLKLJIOFFCA37CA,文德段一小段,24.15,都市：商,10000,88,持分移轉,00450000
RPSQMLQJKIOFFDA38CA,新光段二小段,20.09,都市：住,76000,38,持分移轉,04090000
RPVOMLLLJIOFFDA08CA,民生段,39.00,都市：住,8,1,持分移轉,00060007
RPSNMLKLJIOFFDA57CA,寶清段一小段,39.59,都市：住,10000,58,持分移轉,00530007
RPXSMLQLJIOFFCA56DA,長春段二小段,6.49,都市：住,10000,62,持分移轉,07870001
RPXSMLQLJIOFFCA56DA,長春段二小段,1.42,都市：住,10000,62,持分移轉,07870003
RPUPMLKLJIOFFAA67CA,南海段二小段,1.01,都市：商,10000,106,持分移轉,01720000
RPUPMLKLJIOFFAA67CA,南海段二小段,4.93,都市：商,10000,106,持分移轉,02050000
RPSOMLNKKIOFFAA67CA,南海段二小段,.97,都市：商,10000,102,持分移轉,01720000
RPSOMLNKKIOFFAA67CA,南海段二小段,4.75,都市：商,10000,102,持分移轉,02050000
RPVOMLKKKIOFFFA18CA,龍泉段三小段,29.61,都市：住,36,1,持分移轉,04670000
RPVOMLKKKIOFFFA18CA,龍泉段三小段,.19,都市：其他:道路用地(公共設施用地),36,1,持分移轉,04670002
RPUOMLKLJIOFFEA97CA,三玉段二小段,23.20,都市：住,545,109,持分移轉,04070000
RPPNMLSKKIOFFDA08CA,逸仙段三小段,7.78,都市：住,66955,28,持分移轉,07010000
RPPNMLSKKIOFFDA08CA,逸仙段三小段,1.02,都市：商,66955,28,持分移轉,07020000
RPPNMLSKKIOFFDA08CA,逸仙段三小段,1.19,都市：商,66955,28,持分移轉,07000000
RPWOMLQLJIOFFDA78DA,美仁段一小段,34.27,都市：住,10000,62,持分移轉,06690006
RPSPMLMKKIOFFAA67CA,南海段二小段,1.01,都市：商,10000,106,持分移轉,01720000
RPSPMLMKKIOFFAA67CA,南海段二小段,4.93,都市：商,10000,106,持分移轉,02050000
RPWOMLKLJIOFFBA87CA,雙連段三小段,5.58,都市：商,100000,2037,持分移轉,06480000
RPPQMLMLJIOFFDA87DA,雅祥段四小段,19.65,都市：住,10000,215,持分移轉,06990000
RPTPMLMLJIOFFDA18DA,南港段一小段,26.01,都市：住,100000,795,持分移轉,05370000
RPWNMLOKKHPFFAA08CA,華興段二小段,.01,都市：住,100000,312,持分移轉,00560004
RPVQMLLLJIOFFCA28DA,正義段一小段,6.98,都市：商,10000,297,持分移轉,01730000
RPWNMLOKKHPFFAA08CA,華興段二小段,1.68,都市：住,100000,312,持分移轉,00580000
RPWNMLOKKHPFFAA08CA,華興段二小段,1.03,都市：住,100000,312,持分移轉,00800000
RPWNMLOKKHPFFAA08CA,華興段二小段,1.28,都市：住,100000,312,持分移轉,00820001
RPWNMLOKKHPFFAA08CA,華興段一小段,.42,都市：住,100000,312,持分移轉,01390000
RPWNMLOKKHPFFAA08CA,華興段二小段,77.05,都市：住,100000,312,持分移轉,00330000
RPWNMLOKKHPFFAA08CA,華興段二小段,.08,都市：住,100000,312,持分移轉,00420001
RPWNMLOKKHPFFAA08CA,華興段二小段,.59,都市：住,100000,312,持分移轉,00540001
RPVOMLLLJIOFFBA97DA,大同段一小段,9.00,都市：其他:道路用地,1,1,全筆移轉,05790000
RPWNMLTLJIOFFCA88DA,中山段一小段,3.16,都市：商,10000,22,持分移轉,04800000
RPWNMLKLJIOFFDA97CA,中南段四小段,171.00,都市：住,1,1,全筆移轉,05520002
RPXOMLKLJIOFFDA18CA,民生段,27.75,都市：住,8,1,持分移轉,00050011
RPVPMLMKKIOFFAA97CA,南海段二小段,1.19,都市：商,10000,125,持分移轉,01720000
RPVNMLKLJIOFFFA08CA,懷生段一小段,7.53,都市：住,30000,111,持分移轉,08420000
RPVPMLMKKIOFFAA97CA,南海段二小段,5.82,都市：商,10000,125,持分移轉,02050000
RPQQMLNKKIOFFCA87CA,吉林段五小段,24.50,都市：住,4,1,持分移轉,02330000
RPWPMLLLJIOFFDA28CA,新光段二小段,29.60,都市：住,38000,28,持分移轉,04090000
RPTPMLSKKIOFFBA48CA,莒光段三小段,22.45,都市：住,40,2,持分移轉,03680000
RPUOMLMLJIOFFAA77CA,興泰段三小段,41.98,都市：住,10000,294,持分移轉,02490000
RPRRMLMJKIOFFBA87DA,大同段二小段,7.20,都市：商,10000,100,持分移轉,00040000
RPRRMLMJKIOFFBA87DA,大同段二小段,7.42,都市：商,10000,100,持分移轉,00090000
RPQNMLLLJIOFFAA17CA,木柵段一小段,44.88,都市：住,8,1,持分移轉,06660000
RPQPMLMLJIOFFAA47CA,公訓段三小段,29.29,都市：住,10000,17,持分移轉,01510008
RPQQMLOJKIOFFCA87CA,中山段二小段,19.81,都市：商,100000,4171,持分移轉,00050000
RPPTMLQLJIOFFCA48DA,碧湖段一小段,43.37,都市：住,10000,351,持分移轉,07480000
RPTNMLMLJIOFFCA87DA,吉林段四小段,17.61,都市：商,200000,1834,持分移轉,05660000
RPRQMLOJKIOFFDA18DA,南港段四小段,1.03,都市：住,100000,1635,持分移轉,03240000
RPRQMLOJKIOFFDA18DA,南港段四小段,.40,都市：住,100000,1739,持分移轉,03260000
RPXOMLLLJIOFFEA38CA,立農段五小段,259.88,都市：住,9504,6804,持分移轉,01710002
RPRQMLOJKIOFFDA18DA,南港段四小段,41.06,都市：住,100000,1739,持分移轉,03270000
RPRQMLOJKIOFFDA18DA,南港段四小段,.26,都市：住,100000,1739,持分移轉,03270001
RPRQMLOJKIOFFDA18DA,南港段四小段,.73,都市：住,100000,1739,持分移轉,03270002
RPRQMLOJKIOFFDA18DA,南港段四小段,1.10,都市：住,100000,1739,持分移轉,03270004
RPRQMLOJKIOFFDA18DA,南港段四小段,2.28,都市：住,100000,1739,持分移轉,03270009
RPRQMLOJKIOFFDA18DA,南港段四小段,.23,都市：住,100000,1739,持分移轉,03270010
RPQNMLLLJIOFFCA37CA,榮星段四小段,18.67,都市：住,36,6,持分移轉,01270000
RPQOMLLKKHPFFEA67CA,桃源段一小段,38.72,都市：住,10000,677,持分移轉,00590000
RPUNMLMLJIOFFCA87CA,東湖段七小段,32.97,都市：住,10000,228,持分移轉,01960000
RPUNMLMLJIOFFCA87CA,東湖段七小段,.11,都市：其他:道路用地(公共設施用地),10000,228,持分移轉,01960001
RPQNMLNLJIOFFEA87DA,行義段二小段,12.45,都市：住,10000,100,持分移轉,01980000
RPQNMLNLJIOFFEA87DA,行義段二小段,.17,都市：其他:道路用地(公共設施用地),10000,100,持分移轉,01990000
RPUNMLLLJIOFFCA77CA,東湖段五小段,18.03,都市：住,10000,127,持分移轉,01950000
RPOOMLPLJIOFFAA47CA,河堤段六小段,16.16,都市：商,10000,283,持分移轉,04650000
RPUNMLLLJIOFFCA77CA,東湖段五小段,7.87,都市：住,10000,127,持分移轉,01960000
RPUNMLLLJIOFFCA77CA,東湖段五小段,1.35,都市：住,10000,127,持分移轉,02150000
RPUNMLLLJIOFFCA77CA,東湖段五小段,.27,都市：住,10000,127,持分移轉,02160000
RPUNMLLLJIOFFCA77CA,東湖段五小段,1.71,都市：住,10000,127,持分移轉,02170000
RPUNMLLLJIOFFCA77CA,東湖段五小段,2.20,都市：住,10000,127,持分移轉,02220000
RPUNMLLLJIOFFCA77CA,東湖段五小段,.38,都市：住,10000,127,持分移轉,02230000
RPWNMLPLJIOFFFA68CA,仁愛段一小段,14.62,都市：其他:第四之一種住宅區及第四種住宅區(國父紀念館特定專用區)。,10000,92,持分移轉,00210000
RPRPMLMLJIOFFDA97DA,信義段三小段,8.86,都市：其他:特定業務區(信義計畫特定專用區),10000,27,持分移轉,00360001
RPPPMLPJKIOFFDA87CA,福德段一小段,5.31,都市：其他:市場用地,10000,28,持分移轉,04290000
RPPPMLPJKIOFFDA87CA,福德段一小段,.05,都市：其他:道路用地,10000,28,持分移轉,04290001
RPPPMLPJKIOFFDA87CA,福德段一小段,.01,都市：其他:道路用地,10000,28,持分移轉,04290002
RPQOMLPLJIOFFCA87CA,西湖段一小段,35.63,都市：住,10000,1051,持分移轉,03780008
RPSOMLMLJIOFFAA67DA,河堤段三小段,3.80,都市：商,10000,163,持分移轉,06670000
RPPSMLMJKIOFFAA67DA,景美段一小段,26.50,都市：住,4,1,持分移轉,03300000
RPUOMLLLJIOFFDA97CA,民生段,15.13,都市：商,10000,35,持分移轉,00600000
RPRPMLKLJIOFFEA77CA,文林段一小段,59.53,都市：住,3,1,持分移轉,02960000
RPRPMLKLJIOFFEA77CA,文林段一小段,.33,都市：其他:道路用地(公共設施用地)。,3,1,持分移轉,02960001
RPRPMLKLJIOFFEA77CA,文林段一小段,1.67,都市：其他:道路用地(公共設施用地)。,3,1,持分移轉,02960002
RPRPMLKLJIOFFEA77CA,文林段一小段,.67,都市：其他:道路用地(公共設施用地)。,3,1,持分移轉,02960003
RPRPMLKLJIOFFEA77CA,文林段一小段,.14,都市：其他:道路用地(公共設施用地)。,3,1,持分移轉,02960004
RPOPMLLLJIOFFEA57CA,立農段五小段,88.00,都市：住,1,1,全筆移轉,01720000
RPXPMLLLJIOFFCA28CA,碧湖段三小段,2.12,都市：住,10000,7,持分移轉,03300000
RPVNMLLLJIOFFCA87CA,碧湖段二小段,36.18,都市：住,10000,92,持分移轉,06390000
RPUNMLLLJIOFFAA57CA,政大段四小段,19.45,都市：住,1000,50,持分移轉,00920000
RPOOMLLLJIOFFCA27CA,西湖段二小段,24.93,都市：住,10000,239,持分移轉,01740000
RPSOMLQKKIOFFEA48DA,振興段四小段,80.00,都市：商,3,2,持分移轉,01980000
RPOOMLLLJIOFFCA27CA,西湖段二小段,1.55,都市：住,10000,239,持分移轉,01740008
RPOOMLLLJIOFFCA27CA,西湖段二小段,.14,都市：住,10000,239,持分移轉,01740009
RPWQMLQLJIOFFCA88DA,榮星段三小段,17.89,都市：商,10000,192,持分移轉,00540000
RPWOMLKLJIOFFDA08CA,寶清段二小段,4.12,都市：商,10000,33,持分移轉,02150000
RPPPMLTLJIOFFDA38CA,民生段,13.78,都市：商,10000,14,持分移轉,00440000
RPXOMLNJKIOFFDA38CA,民生段,37.27,都市：住,10000,296,持分移轉,00240001
RPTNMLLLJIOFFEA87CA,奇岩段五小段,15.41,都市：住,10000,45,持分移轉,03020000
RPRPMLKLJIOFFBA47CA,莒光段三小段,3.06,都市：住,10000,181,持分移轉,04640000
RPRPMLKLJIOFFBA47CA,莒光段三小段,29.92,都市：住,10000,181,持分移轉,04640001
RPWNMLRLJIOFFFA98DA,仁愛段四小段,7.50,都市：其他:道路用地,4,1,持分移轉,02210000
RPUNMLPJKIOFFFA38CA,辛亥段四小段,10.87,都市：住,10000,271,持分移轉,00130000
RPUNMLPJKIOFFFA38CA,辛亥段四小段,6.02,都市：住,10000,271,持分移轉,00160000
RPTNMLLLJIOFFCA67CA,中山段二小段,6.67,都市：商,100000,630,持分移轉,01770000
RPSOMLRKKIOFFAA08CA,河堤段四小段,15.61,都市：商,100000,1648,持分移轉,05270000
RPSOMLRKKIOFFAA08CA,河堤段四小段,2.34,都市：住,100000,1648,持分移轉,05280001
RPSNMLLLJIOFFFA87CA,懷生段二小段,13.10,都市：住,10000,25,持分移轉,05440000
SPOPMLLLJIOFFEA67CA,立農段五小段,1.00,都市：住,1,1,全筆移轉,01730000
RPSNMLLLJIOFFFA87CA,懷生段二小段,.01,都市：其他:道路用地(公共設施用地)【68/11/13】,10000,25,持分移轉,05440006
RPPOMLPLJIOFFCA77CA,潭美段三小段,71.06,都市：工,10000,108,持分移轉,05390000
RPRNMLKMJIOFFEA77DA,雙溪段重劃一小段,97.69,都市：住,16,1,持分移轉,00780000
RPSPMLNJKIOFFFA28DA,通化段三小段,27.89,都市：住,10000,480,持分移轉,07960000
RPUPMLRLJIOFFCA58CA,石潭段四小段,80.64,都市：住,10000,428,持分移轉,04090000
RPRQMLRKKIOFFCA38CA,康寧段二小段,27.32,都市：住,10000,132,持分移轉,04850000
RPRQMLRKKIOFFCA38CA,碧湖段一小段,6.54,都市：住,10000,132,持分移轉,08370000
RPOOMLMLJIOFFFA67CA,龍泉段三小段,8.53,都市：住,10000,627,持分移轉,02980000
RPWPMLQLJIOFFCA68CA,榮星段七小段,24.82,都市：住,70000,3310,持分移轉,00180000
RPSNMLQLJIOFFFA38CA,仁愛段六小段,11.11,都市：住,20000,210,持分移轉,01580000
RPPPMLMLJIOFFEA77CA,百齡段五小段,28.37,都市：住,10000,159,持分移轉,03020000
RPRNMLLJKIOFFBA37DA,臨沂段三小段,28.50,都市：住,48,4,持分移轉,03990000
RPRNMLLJKIOFFBA37DA,臨沂段三小段,.42,都市：其他:道路用地(公共設施用地),48,4,持分移轉,03990001
RPPNMLOJKIOFFDA57CA,民生段,36.75,都市：住,8,1,持分移轉,00010018
RPTPMLLLJIOFFDA97CA,中南段二小段,27.28,都市：其他:市場用地(公共設施用地),10000,58,持分移轉,02000000
RPPNMLLLJIOFFDA37CA,玉成段三小段,13.19,都市：商,10000,93,持分移轉,04350000
RPSRMLLLJIOFFBA87CA,華中段三小段,24.50,都市：住,2,1,持分移轉,02680000
RPSRMLLLJIOFFBA87CA,華中段三小段,.17,都市：住,200,1,持分移轉,02690000
RPXNMLTKKIOFFEA09CA,文林段一小段,30.67,都市：住,3,1,持分移轉,01930000
RPWPMLTJKIOFFEA09CA,新洲美段,397.30,都市：其他:都市計劃內住商混和區,100000,20771,持分移轉,01010000
RPRNMLLLJIOFFCA47CA,北安段三小段,10.44,都市：住,100000,820,持分移轉,02670000
RPRNMLLLJIOFFCA47CA,北安段三小段,8.44,都市：住,100000,820,持分移轉,02670001
RPRNMLLLJIOFFDA57CA,南港段一小段,30.32,都市：住,10000,513,持分移轉,04060006
RPRNMLLLJIOFFDA57CA,南港段一小段,1.28,都市：住,10000,513,持分移轉,05220003
RPROMLMLJIOFFAA47CA,河堤段二小段,10.60,都市：商,10000,148,持分移轉,03840000
RPUQMLLLJIOFFBA97CA,文昌段二小段,27.21,都市：住,100000,1244,持分移轉,02630000
RPROMLMLJIOFFAA47CA,河堤段二小段,1.23,都市：住,10000,148,持分移轉,03910001
RPUQMLTLJIOFFAA68CA,河堤段六小段,11.86,都市：商,10000,365,持分移轉,02590000
RPQPMLQLJIOFFDA18CA,永吉段一小段,11.82,都市：住,100000,738,持分移轉,01220000
RPSNMLNJKIOFFFA08DA,龍泉段一小段,1.51,都市：其他:道路用地,840,41,持分移轉,11240001
RPOOMLMLJIOFFBA27CA,直興段三小段,8.51,都市：商,10000,57,持分移轉,00010000
RPOOMLMLJIOFFBA27CA,直興段三小段,.98,都市：商,10000,57,持分移轉,00110000
RPTNMLSKKIOFFFA68CA,金華段四小段,33.63,都市：住,10000,744,持分移轉,02230000
RPPOMLPLJIOFFFA08CA,金華段四小段,33.83,都市：住,400000,35060,持分移轉,03190000
RPXNMLMJJHPFFDA08CA,信義段五小段,6.31,都市：其他:特定業務區,100000,351,持分移轉,00420001
RPQQMLMLJIOFFCA87DA,碧湖段四小段,29.55,都市：商,80,1,持分移轉,04630000
RPUOMLLLJIOFFEA08CA,振興段三小段,9.63,都市：商,100000,374,持分移轉,05850000
RPROMLRLJIOFFCA18CA,吉林段三小段,1.79,都市：商,10000,19,持分移轉,09190000
RPOOMLRLJIOFFCA87CA,東湖段八小段,33.04,都市：住,10000,139,持分移轉,00100000
RPROMLSLJIOFFDA38CA,寶清段七小段,8.78,都市：商,200000,1548,持分移轉,01320000
RPROMLKKKIOFFBA47DA,雙園段二小段,33.67,都市：商,3,1,持分移轉,07020000
RPVPMLRLJIOFFCA68CA,中山段四小段,21.00,都市：住,4,1,持分移轉,04350000
RPWPMLPLJIOFFAA38CA,萬芳段一小段,25.92,都市：住,31096,133,持分移轉,00480000
RPSNMLNJKIOFFDA77CA,信義段二小段,1.78,都市：商,10000,22,持分移轉,00040000
RPWNMLSLJIOFFBA58CA,延平段三小段,85.00,都市：其他:特定專用區(供一般商業使用),1,1,全筆移轉,05050000
RPWNMLSLJIOFFBA58CA,延平段三小段,13.00,都市：其他:特定專用區(供一般商業使用),1,1,全筆移轉,05060000
RPWOMLTLJIOFFAA68CA,河堤段六小段,11.57,都市：商,10000,356,持分移轉,02590000
RPVNMLQLJIOFFAA18CA,南海段二小段,2.74,都市：商,1250,3,持分移轉,03320000
RPVNMLQLJIOFFAA18CA,南海段二小段,1.52,都市：住,1250,3,持分移轉,04050000
RPWPMLNJKIOFFBA18CA,萬大段一小段,41.75,都市：住,4,1,持分移轉,00730000
RPWNMLQLJIOFFAA28CA,萬慶段一小段,25.82,都市：住,100000,530,持分移轉,02510000
RPWNMLQLJIOFFAA28CA,萬慶段一小段,.03,都市：其他:道路用地,100000,530,持分移轉,02510001
RPWNMLQLJIOFFAA28CA,萬慶段一小段,.03,都市：其他:道路用地,100000,530,持分移轉,02510002
RPQOMLMLJIOFFFA87CA,金華段一小段,15.66,都市：住,10000,1160,持分移轉,02630000
RPUNMLPLJIOFFAA97CA,政大段一小段,27.73,都市：住,400000,3439,持分移轉,00090000
RPQNMLOLJIOFFDA77CA,美仁段一小段,26.90,都市：住,863000,1872,持分移轉,00020001
RPQNMLOLJIOFFDA77CA,美仁段一小段,.90,都市：住,75000,52,持分移轉,00180005
RPRQMLQLJIOFFCA28CA,榮星段二小段,.30,都市：住,10,1,持分移轉,04140000
RPRQMLQLJIOFFCA28CA,榮星段二小段,1.20,都市：住,10,1,持分移轉,05060000
RPRQMLQLJIOFFCA28CA,榮星段二小段,.70,都市：住,10,1,持分移轉,05070000
RPRQMLQLJIOFFCA28CA,榮星段二小段,5.70,都市：住,10,1,持分移轉,05260000
RPRQMLQLJIOFFCA28CA,榮星段二小段,.90,都市：住,10,1,持分移轉,05270000
RPRQMLQLJIOFFCA28CA,榮星段二小段,24.00,都市：住,10,1,持分移轉,05280000
RPTOMLQLJIOFFCA28CA,文德段四小段,23.98,都市：住,10000,233,持分移轉,02580000
RPSPMLRLJIOFFBA28CA,文昌段一小段,35.00,都市：住,2,1,持分移轉,05070000
RPTNMLLLJIOFFBA57CA,萬華段一小段,10.04,都市：商,10000,195,持分移轉,05620000
RPSPMLMLJIOFFAA67CA,興泰段三小段,29.91,都市：住,10000,131,持分移轉,00050000
RPQNMLQLJIOFFAA67CA,公訓段三小段,.50,都市：住,10000,4,持分移轉,02650000
RPQNMLQLJIOFFAA67CA,萬芳段三小段,12.87,都市：住,10000,4,持分移轉,00650000
RPSNMLSKKIOFFFA58CA,金華段四小段,34.35,都市：住,10000,760,持分移轉,02230000
RPXNMLPJKIOFFCA38CA,潭美段三小段,13.79,都市：工,200000,472,持分移轉,05420000
RPXQMLMJKIOFFCA48DA,吉林段四小段,5.92,都市：商,100000,808,持分移轉,06240000
RPQOMLRLJIOFFFA38CA,瑞安段二小段,10.30,都市：住,10000,90,持分移轉,01000000
RPSOMLTLJIOFFCA48CA,東湖段二小段,29.45,都市：住,10000,315,持分移轉,00050007
RPVOMLKKKIOFFDA97CA,雅祥段一小段,15.00,都市：住,1,1,全筆移轉,00880001
RPTOMLTKKIOFFEA78CA,豐年段二小段,17.00,都市：住,6,1,持分移轉,00320000
RPPQMLMLJIOFFCA67CA,舊宗段,151.75,都市：其他:科技工業區,10000,1684,持分移轉,00320009
RPOQMLPLJIOFFAA77DA,興隆段一小段,20.10,都市：住,10000,43,持分移轉,01720000
RPUOMLTLJIOFFAA48CA,河堤段六小段,11.86,都市：商,10000,365,持分移轉,02590000
RPTNMLNJKIOFFFA18DA,通化段四小段,10.40,都市：住,5,1,持分移轉,06370000
RPWPMLTLJIOFFAA78CA,河堤段六小段,11.51,都市：商,10000,354,持分移轉,02590000
RPPOMLMLJIOFFEA77DA,三玉段二小段,25.72,都市：住,2670,26,持分移轉,04230000
RPTPMLKKKIOFFEA97CA,福順段三小段,3.75,都市：住,100000,5062,持分移轉,06040000
RPPPMLMLJIOFFCA57CA,長安段二小段,10.57,都市：商,10000,129,持分移轉,01240000
RPTPMLKKKIOFFEA97CA,福順段三小段,11.09,都市：商,100000,5062,持分移轉,06050000
RPUNMLMLJIOFFDA97CA,玉成段四小段,39.00,都市：住,4,1,持分移轉,06880000
RPQNMLLJKIOFFDA47DA,民生段,35.00,都市：其他:住宅用地(民生社區特定專用區),4,1,持分移轉,00340011
RPUNMLNJJHPFFDA87CA,敦化段三小段,.51,都市：商,62815,256,持分移轉,00110000
RPUNMLNJJHPFFDA87CA,敦化段三小段,1.05,都市：商,62815,256,持分移轉,00120000
RPUNMLNJJHPFFDA87CA,敦化段三小段,.12,都市：商,62815,256,持分移轉,00230001
RPUNMLNJJHPFFDA87CA,敦化段三小段,1.42,都市：商,62815,256,持分移轉,00250000
RPUNMLNJJHPFFDA87CA,敦化段三小段,.22,都市：商,62815,256,持分移轉,00290000
RPUNMLNJJHPFFDA87CA,敦化段三小段,.05,都市：商,62815,256,持分移轉,00090000
RPPPMLPJKIOFFBA67CA,萬大段二小段,20.47,都市：商,100000,490,持分移轉,06020000
RPPOMLSLJIOFFDA18CA,美仁段一小段,37.65,都市：住,615770,19319,持分移轉,07810000
RPURMLRLJIOFFCA88DA,榮星段二小段,40.00,都市：住,4,1,持分移轉,05320000
RPOPMLTLJIOFFAA97CA,河堤段六小段,11.86,都市：商,10000,365,持分移轉,02590000
RPWOMLLLJIOFFDA18CA,新光段二小段,43.13,都市：住,10000,170,持分移轉,01330000
RPWOMLLLJIOFFDA18CA,新光段二小段,.29,都市：住,10000,170,持分移轉,01330002
RPWOMLLLJIOFFDA18CA,新光段二小段,.10,都市：住,10000,170,持分移轉,01330003
RPRNMLKMJIOFFDA67DA,中南段五小段,61.56,都市：住,100000,1783,持分移轉,01090000
RPVNMLRLJIOFFDA58CA,玉成段五小段,1.27,都市：住,81584,305,持分移轉,01750000
RPVNMLRLJIOFFDA58CA,玉成段五小段,25.49,都市：住,81584,305,持分移轉,01750001
RPUOMLSLJIOFFEA88DA,芝山段二小段,25.36,都市：住,10000,90,持分移轉,03290002
RPUOMLSLJIOFFEA88DA,芝山段二小段,.05,都市：其他:道路用地,10000,41,持分移轉,03290003
RPRQMLPJKIOFFBA97CA,城中段二小段,27.06,都市：商,100000,1961,持分移轉,01700000
RPQSMLQLJIOFFCA38CA,東湖段一小段,34.10,都市：住,10000,464,持分移轉,00240008
RPUSMLNJKIOFFCA38CA,金泰段,65.61,都市：其他:娛樂區(供觀光旅館使用)。,20000,52,持分移轉,00290000
RPUSMLNKKIOFFCA48CA,文德段二小段,32.04,都市：住,40922,336,持分移轉,05460005
RPPNMLNJKIOFFEA67DA,文林段五小段,1.04,都市：其他:道路用地,80,1,持分移轉,04920000
RPPNMLNJKIOFFEA67DA,文林段五小段,6.60,都市：其他:道路用地,40,3,持分移轉,03330001
RPSNMLPLJIOFFEA18CA,行義段三小段,24.57,都市：住,10000,506,持分移轉,05310000
RPPOMLSLJIOFFCA08CA,中山段一小段,3.31,都市：商,10000,23,持分移轉,04800000
RPVPMLMJKIOFFAA87CA,河堤段六小段,11.57,都市：商,10000,356,持分移轉,02590000
RPQNMLKMJIOFFFA67CA,龍泉段一小段,42.75,都市：住,4,1,持分移轉,04610000
RPRPMLRLJIOFFEA48CA,崇仰段三小段,70.61,都市：住,10000,432,持分移轉,00400000
RPTRMLTJKIOFFCA78CA,中山段一小段,.88,都市：商,10000,26,持分移轉,02060000
RPTNMLPLJIOFFBA97CA,延平段二小段,5.11,都市：其他:特定專用區,100000,1155,持分移轉,00280000
RPTRMLTJKIOFFCA78CA,中山段一小段,2.93,都市：商,10000,28,持分移轉,02100000
RPQQMLTLJIOFFAA28CA,河堤段六小段,11.57,都市：商,10000,356,持分移轉,02590000
RPPOMLNJKIOFFEA77DA,新民段三小段,2.03,都市：住,10000,8,持分移轉,01300000
RPPOMLNJKIOFFEA77DA,新民段三小段,.68,都市：住,10000,260,持分移轉,01310001
RPPOMLNJKIOFFEA77DA,新民段三小段,41.76,都市：住,10000,260,持分移轉,01310004
RPROMLMLJIOFFFA97CA,瑞安段一小段,24.20,都市：住,52880,54,持分移轉,02980000
RPSPMLMLJIOFFDA97CA,中南段五小段,32.33,都市：住,6,2,持分移轉,01280000
RPXNMLRLJIOFFBA58CA,城中段二小段,23.17,都市：商,100000,746,持分移轉,02460000
RPRNMLNLJIOFFEA97DA,永平段二小段,35.01,都市：住,1000,45,持分移轉,03720000
RPSNMLSJKIOFFAA08DA,景美段四小段,3.71,都市：商,100000,142,持分移轉,02080000
RPUNMLTKKIOFFCA58CA,東湖段二小段,78.04,都市：住,5000,42,持分移轉,00090001
RPVOMLPLJIOFFBA28CA,迪化段一小段,14.75,都市：商,4,1,持分移轉,02910000
RPVOMLPLJIOFFBA28CA,迪化段一小段,.25,都市：其他:道,4,1,持分移轉,02910001
RPXNMLPJKIOFFFA68CA,金華段二小段,37.84,都市：商,100000,1308,持分移轉,09630000
RPPOMLNJKIOFFCA47CA,金泰段,31.22,都市：商,200000,1720,持分移轉,00850007
RPURMLKKKIOFFAA97DA,興隆段一小段,20.10,都市：住,10000,43,持分移轉,01720000
RPVNMLKLKIOFFEA08CA,大業段二小段,27.00,都市：住,2,1,持分移轉,05870000
RPROMLPLJIOFFFA28CA,龍泉段一小段,6.52,都市：商,10000,331,持分移轉,00300000
RPPPMLMLJIOFFDA67CA,福德段一小段,26.25,都市：住,4,1,持分移轉,08030000
RPPOMLPLJIOFFBA67CA,漢中段二小段,11.36,都市：商,10000,24,持分移轉,09770000
RPRNMLPLJIOFFCA87CA,榮星段二小段,30.39,都市：住,10000,330,持分移轉,04040000
RPRNMLNJKIOFFCA67DA,吉林段二小段,.69,都市：其他:道路用地,96,6,持分移轉,02430001
RPPNMLPLJIOFFBA57CA,龍山段一小段,15.60,都市：商,10000,137,持分移轉,02260000
RPTPMLRLJIOFFEA68CA,崇仰段三小段,70.61,都市：住,10000,432,持分移轉,00400000
RPQQMLMLJIOFFBA67CA,玉泉段一小段,2.79,都市：商,10000,21,持分移轉,08370000
RPTPMLNLJIOFFBA97CA,青年段二小段,2.00,都市：住,26000,59,持分移轉,00180037
RPTPMLNLJIOFFBA97CA,青年段二小段,11.33,都市：住,26000,59,持分移轉,00180009
RPWOMLMLJIOFFAA97CA,福和段一小段,4.04,都市：住,10000,235,持分移轉,03690004
RPWOMLMLJIOFFAA97CA,福和段一小段,11.70,都市：住,10000,235,持分移轉,03700000
RPUOMLTJKIOFFBA48CA,青年段一小段,19.52,都市：住,100000,524,持分移轉,01240002
RPTOMLQKKIOFFAA08CA,萬芳段二小段,149.94,都市：住,10000,44,持分移轉,06000000
RPUOMLTJKIOFFBA48CA,青年段一小段,18.35,都市：住,100000,524,持分移轉,01250000
RPWQMLKKKIOFFCA28DA,石潭段四小段,12.89,都市：住,50000,370,持分移轉,00480000
RPWQMLKKKIOFFCA28DA,石潭段四小段,39.40,都市：住,50000,370,持分移轉,00480001
RPVNMLPLJIOFFEA48CA,華岡段三小段,52.46,都市：其他:特定住宅區,50000,943,持分移轉,00310000
RPPPMLMLJIOFFBA47CA,青年段一小段,36.61,都市：住,100000,692,持分移轉,00860031
RPWNMLPLJIOFFCA38CA,潭美段五小段,51.22,都市：住,100000,1191,持分移轉,00820000
RPRNMLQLJIOFFBA87CA,文昌段一小段,25.00,都市：住,4,1,持分移轉,02730000
RPVNMLNKKIOFFDA18CA,福德段一小段,25.15,都市：住,10000,676,持分移轉,06710000
RPTNMLPLJIOFFAA87CA,福和段一小段,14.08,都市：商,10000,71,持分移轉,09140000
RPTNMLPLJIOFFAA87CA,福和段一小段,3.33,都市：商,10000,71,持分移轉,09150000
RPTNMLPLJIOFFAA87CA,福和段一小段,3.07,都市：商,10000,71,持分移轉,09160000
RPTNMLPLJIOFFAA87CA,福和段一小段,.24,都市：商,10000,71,持分移轉,00100007
RPRRMLNJKIOFFCA97CA,長安段四小段,22.57,都市：商,10000,403,持分移轉,03090000
RPXOMLMLJIOFFCA28CA,榮星段六小段,4.35,都市：其他:聯合開發區(捷)(依都市計畫說明書圖規定辦理)。,100000,692,持分移轉,05080000
RPRPMLRLJIOFFCA28CA,西湖段二小段,23.25,都市：住,20,1,持分移轉,04860000
RPRPMLRLJIOFFCA28CA,西湖段二小段,1.35,都市：其他:道路用地,20,1,持分移轉,04860001
RPTPMLTKKIOFFDA78CA,中南段四小段,14.33,都市：住,10000,413,持分移轉,04320000
RPROMLPLJIOFFDA08CA,延吉段一小段,.31,都市：商,10000,18,持分移轉,04060000
RPROMLPLJIOFFDA08CA,延吉段一小段,6.16,都市：住,10000,18,持分移轉,04060001
RPUNMLPLJIOFFCA18CA,東湖段五小段,29.68,都市：住,10000,90,持分移轉,02800000
RPUNMLPLJIOFFCA18CA,東湖段五小段,.01,都市：其他:道路地,10000,90,持分移轉,03280000
RPVOMLQKKIOFFAA28CA,萬芳段二小段,156.75,都市：住,10000,46,持分移轉,06000000
RPPRMLOKJHPFFCA87CA,中山段一小段,2.34,都市：商,10000,69,持分移轉,02060000
RPPRMLOKJHPFFCA87CA,中山段一小段,7.64,都市：商,10000,73,持分移轉,02100000
RPROMLNJKIOFFBA67DA,青年段一小段,38.02,都市：住,100000,734,持分移轉,01240004
RPQOMLMKKIOFFEA97EA,蘭雅段三小段,14.25,都市：住,360,19,持分移轉,05430000
RPTSMLNJKIOFFCA38DA,中山段一小段,11.64,都市：商,100000,3199,持分移轉,04490000
RPVQMLRLJIOFFCA78CA,康寧段二小段,24.63,都市：住,10000,119,持分移轉,04850000
RPVQMLRLJIOFFCA78CA,碧湖段一小段,5.90,都市：住,10000,119,持分移轉,08370000
SPQOMLRLKIOFFAA08CA,興泰段三小段,27.16,都市：住,100000,914,持分移轉,04150000
RPRRMLMJKIOFFCA97DA,吉林段三小段,4.24,都市：商,90000,54,持分移轉,09210000
RPRRMLMJKIOFFCA97DA,吉林段三小段,.01,都市：其他:道路用地,90000,54,持分移轉,09210006
RPRRMLMJKIOFFCA97DA,吉林段三小段,.00,都市：其他:道路用地,90000,54,持分移轉,09210007
RPSNMLQLJIOFFDA18CA,中南段二小段,28.22,都市：其他:市場用地,10000,60,持分移轉,02000000
RPVNMLNJKIOFFDA08CA,永吉段四小段,3.48,都市：商,10000,25,持分移轉,01410000
RPVNMLNJKIOFFDA08CA,永吉段四小段,.01,都市：商,10000,25,持分移轉,01410001
RPVNMLNJKIOFFDA08CA,永吉段四小段,2.63,都市：其他:交通用地,10000,25,持分移轉,01400007
RPTOMLTJKIOFFEA68CA,永新段四小段,16.25,都市：住,8,1,持分移轉,00840000
RPSNMLQLJIOFFAA87CA,興隆段一小段,21.97,都市：住,10000,47,持分移轉,01720000
RPRPMLRLJIOFFBA18CA,大同段一小段,.00,都市：商,10000,1,持分移轉,02060001
RPTNMLRLJIOFFBA18CA,橋北段二小段,59.00,都市：住,2,1,持分移轉,04410000
RPPQMLRLJIOFFCA18CA,碧湖段四小段,39.35,都市：住,272,24,持分移轉,01960000
RPRPMLRLJIOFFBA18CA,大同段一小段,.12,都市：商,10000,1,持分移轉,01910000
RPVQMLOJKIOFFBA28CA,大龍段三小段,6.86,都市：商,200000,3790,持分移轉,00990000
RPVQMLOJKIOFFBA28CA,大龍段三小段,2.69,都市：商,200000,3790,持分移轉,01020001
RPVPMLNJKIOFFDA38DA,美仁段一小段,2.08,都市：商,10000,60,持分移轉,08310000
RPVPMLNJKIOFFDA38DA,美仁段一小段,1.22,都市：商,10000,60,持分移轉,08330002
RPQOMLLKKIOFFBA47DA,青年段一小段,5.35,都市：商,105560,350,持分移轉,01420000
RPXOMLSLJIOFFCA98DA,長安段二小段,9.55,都市：商,968760,14904,持分移轉,01090000
RPUOMLLKKIOFFFA18CA,龍泉段三小段,39.50,都市：住,4,1,持分移轉,04260000
RPVOMLNJKIOFFFA48DA,學府段一小段,9.92,都市：其他:敦化南北路特定專用區,10000,225,持分移轉,02920001
RPVOMLNJKIOFFFA48DA,學府段一小段,26.08,都市：其他:敦化南北路特定專用區,10000,225,持分移轉,02920000
RPTQMLNKKIOFFCA18CA,康寧段三小段,19.78,都市：其他:市場用地,100000,478,持分移轉,02670001
RPWOMLQLJIOFFBA48CA,圓環段三小段,4.15,都市：商,100000,238,持分移轉,04610000
RPROMLSLJIOFFCA28CA,榮星段三小段,17.80,都市：商,10000,34,持分移轉,05980000
RPOSMLMJKIOFFAA47CA,實踐段一小段,39.78,都市：住,10000,611,持分移轉,02840000
RPOSMLMJKIOFFAA47CA,實踐段一小段,.93,都市：住,10000,14,持分移轉,02840003
RPQNMLKMJIOFFCA37CA,正義段二小段,9.06,都市：商,10000,76,持分移轉,05450000
RPQNMLKMJIOFFCA37CA,正義段二小段,9.43,都市：商,10000,76,持分移轉,05570000
RPRPMLQLJIOFFEA38CA,振興段三小段,17.43,都市：商,10000,150,持分移轉,04880000
RPRQMLRLJIOFFDA48CA,南港段一小段,13.81,都市：商,100000,670,持分移轉,13210000
RPROMLRLJIOFFFA48CA,仁愛段五小段,9.72,都市：住,10000,205,持分移轉,01040000
RPSSMLQLJIOFFCA58CA,潭美段四小段,13.66,都市：住,100000,653,持分移轉,04810000
RPRNMLQLJIOFFEA18CA,三玉段一小段,77.00,都市：住,1,1,全筆移轉,04560000
RPVNMLQLJIOFFBA38DA,迪化段一小段,14.00,都市：商,1,1,全筆移轉,00470001
RPOQMLQLJIOFFCA97CA,中山段三小段,5.10,都市：商,10000,154,持分移轉,00280000
RPVSMLQLJIOFFCA98DA,長安段四小段,26.79,都市：商,10000,772,持分移轉,01320000
RPVSMLQLJIOFFCA98DA,長安段四小段,8.80,都市：商,10000,772,持分移轉,01320001
RPOOMLTLJIOFFFA38CA,學府段一小段,11.02,都市：商,10000,192,持分移轉,03320000
RPSPMLQLJIOFFDA38CA,南港段一小段,23.62,都市：住,100000,722,持分移轉,05370000
RPPOMLQLJIOFFFA18CA,大安段一小段,34.71,都市：住,10000,339,持分移轉,07220000
RPPNMLMJKIOFFCA27CA,長春段二小段,2.50,都市：住,2,1,持分移轉,04130000
RPPNMLMJKIOFFCA27CA,長春段二小段,37.50,都市：住,2,1,持分移轉,04120000
RPSNMLQJKIOFFAA77CA,木柵段三小段,28.15,都市：住,10000,96,持分移轉,08100000
RPSOMLMJJHPFFBA47CA,青年段二小段,66.00,都市：住,1,1,全筆移轉,05910000
RPTOMLMJJHPFFBA57CA,華江段一小段,77.00,都市：住,1,1,全筆移轉,07270000
RPOPMLSKKIOFFCA08CA,康寧段三小段,17.01,都市：其他:市場用地,100000,411,持分移轉,02670001
RPWOMLTJJHPFFBA58CA,橋北段三小段,36.74,都市：住,10000,3602,持分移轉,06270000
RPPOMLRLJIOFFEA18CA,文林段五小段,25.75,都市：住,4,1,持分移轉,02670000
RPPQMLRKKIOFFEA38CA,蘭雅段二小段,6.48,都市：工,100000,205,持分移轉,00050000
RPPQMLRKKIOFFEA38CA,蘭雅段二小段,.35,都市：住,100000,199,持分移轉,00070000
RPPQMLRKKIOFFEA38CA,蘭雅段二小段,2.70,都市：住,100000,199,持分移轉,00130000
RPOPMLQLJIOFFCA97DA,長春段三小段,16.83,都市：住,35847,256,持分移轉,04690000
RPVRMLTJKIOFFCA98CA,北安段二小段,52.07,都市：住,8000,379,持分移轉,01520000
RPXOMLRLJIOFFCA88DA,長安段四小段,12.56,都市：商,100000,2370,持分移轉,00040000
RPQOMLRLKIOFFAA97CA,興泰段三小段,.59,都市：住,100000,20,持分移轉,04150000
RPXOMLRLJIOFFCA88DA,長安段四小段,2.65,都市：商,100000,2370,持分移轉,00110000
RPXOMLRLJIOFFCA88DA,長安段四小段,2.04,都市：商,100000,2370,持分移轉,00110001
RPSNMLRLJIOFFAA08DA,景美段四小段,3.71,都市：商,100000,142,持分移轉,02080000
RPTPMLQLJIOFFDA48CA,經貿段,15.89,都市：住,10000,307,持分移轉,00290003
RPOPMLRLJIOFFDA08CA,福德段二小段,17.15,都市：住,20000,88,持分移轉,01650000
RPRPMLLMKIOFFDA97CA,民生段,2.95,都市：商,10000,3,持分移轉,00440000
RPTNMLRLJIOFFEA48CA,天母段四小段,42.10,都市：住,10,1,持分移轉,04310000
RPUOMLRLJIOFFCA58DA,東湖段一小段,19.89,都市：商,100000,912,持分移轉,00130003
RPTNMLOLKIOFFCA08CA,康寧段三小段,53.26,都市：住,10000,83,持分移轉,04910000
RPTNMLTLJIOFFBA38CA,莒光段四小段,24.00,都市：住,3120,240,持分移轉,05200000
RPQNMLLJKIOFFEA57DA,芝山段二小段,76.51,都市：住,10000,636,持分移轉,05710000
RPPNMLRLJIOFFEA08CA,崇仰段三小段,26.12,都市：住,80,1,持分移轉,03120000
RPUOMLOJKIOFFAA87CA,華興段一小段,46.40,都市：住,10000,280,持分移轉,00190000
RPVRMLKKKIOFFCA18CA,長春段一小段,15.40,都市：商,10000,383,持分移轉,08010000
RPOOMLTLJIOFFCA08CA,中山段一小段,34.75,都市：商,4,1,持分移轉,09130000
RPXOMLNJKIOFFEA48CA,大業段四小段,34.50,都市：工,8,1,持分移轉,05710000
RPXPMLQLJIOFFEA98CA,蘭雅段二小段,8.68,都市：住,165200,1011,持分移轉,01170000
RPXPMLQLJIOFFEA98CA,蘭雅段二小段,.06,都市：住,165200,83,持分移轉,01170003
RPXPMLQLJIOFFEA98CA,蘭雅段二小段,21.75,都市：住,4,1,持分移轉,01170033
RPXPMLQLJIOFFEA98CA,蘭雅段二小段,.06,都市：住,165200,83,持分移轉,01170005
RPRNMLRLJIOFFFA38CA,金華段二小段,47.07,都市：住,1000,103,持分移轉,09460000
RPTNMLTJKIOFFCA38CA,中山段三小段,5.14,都市：商,10000,36,持分移轉,03120000
RPPNMLMJKIOFFFA57CA,復興段二小段,38.43,都市：住,170000,7017,持分移轉,00610000
RPTNMLRLJIOFFAA18DA,萬隆段二小段,36.80,都市：住,100000,375,持分移轉,04710000
RPRNMLPJKIOFFDA87CA,福德段三小段,16.77,都市：住,10000,84,持分移轉,02990000
RPUNMLTLJIOFFBA48CA,玉泉段一小段,4.73,都市：商,10000,47,持分移轉,02280000
RPUNMLTLJIOFFBA48CA,玉泉段一小段,.53,都市：商,10000,47,持分移轉,02500000
RPRNMLTLJIOFFBA18CA,莒光段四小段,21.00,都市：住,3120,210,持分移轉,05200000
RPUSMLQLJIOFFCA88DA,德惠段二小段,26.22,都市：住,10000,373,持分移轉,02080000
RPQNMLRLJIOFFEA18CA,立農段三小段,34.00,都市：住,8,2,持分移轉,00560000
RPQOMLLKKIOFFCA47CA,中山段三小段,10.35,都市：商,10000,65,持分移轉,04540000
RPPNMLNLKIOFFBA47CA,城中段一小段,6.71,都市：商,10000,101,持分移轉,05310000
RPRSMLQLJIOFFCA48CA,康寧段四小段,24.72,都市：其他:第三種住宅區。,10000,206,持分移轉,04870000
RPQOMLQLJIOFFCA97CA,東湖段七小段,17.65,都市：住,10000,170,持分移轉,01650000
RPUNMLMKKIOFFFA28DA,瑞安段一小段,3.43,都市：商,100000,768,持分移轉,01170000
RPRNMLRLJIOFFEA28CA,三合段,36.27,都市：住,100000,1588,持分移轉,00630000
RPTPMLRLJIOFFCA48CA,吉林段一小段,23.25,都市：住,4,1,持分移轉,06930000
RPTPMLRLJIOFFCA48CA,吉林段一小段,3.00,都市：其他:道路用地(公共設施用地【54/9/11】,4,1,持分移轉,06940000
RPUNMLRLJIOFFAA18CA,興隆段一小段,21.62,都市：住,10000,64,持分移轉,03760000
RPWNMLRLJIOFFEA78CA,桃源段二小段,32.83,都市：住,10000,76,持分移轉,02510000
RPOQMLTLJIOFFEA48CA,開明段二小段,14.42,都市：商,10000,97,持分移轉,00250000
RPPPMLRLJIOFFDA18CA,敦化段三小段,3.56,都市：商,10000,54,持分移轉,03850000
RPUNMLMJKIOFFDA87CA,民生段,14.76,都市：商,10000,15,持分移轉,00440000
RPTOMLMJKIOFFCA77CA,東湖段六小段,27.58,都市：住,10000,240,持分移轉,01210000
RPPNMLMJKIOFFAA07CA,公訓段二小段,8.79,都市：商,10000,70,持分移轉,04190000
RPPNMLMJKIOFFAA07CA,公訓段二小段,18.14,都市：商,10000,70,持分移轉,04220000
RPSQMLKLKIOFFCA87CA,潭美段三小段,22.56,都市：工,100000,550,持分移轉,08910000
RPQNMLRLJIOFFCA97CA,石潭段四小段,15.55,都市：商,100000,971,持分移轉,03340000
RPTNMLKKKIOFFCA57CA,石潭段四小段,8.11,都市：商,100000,289,持分移轉,04230000
RPSNMLRLJIOFFEA38CA,大業段一小段,16.21,都市：商,1000000,8277,持分移轉,01780000
RPPOMLKMKIOFFFA87DA,辛亥段四小段,30.40,都市：住,10000,478,持分移轉,02780000
RPVNMLRLJIOFFFA78CA,通化段三小段,24.51,都市：住,50000,357,持分移轉,06940000
RPQPMLNJKIOFFBA67DA,雙連段三小段,9.28,都市：商,10000,186,持分移轉,04910000
RPVNMLRJKIOFFCA38CA,東湖段一小段,29.73,都市：住,10000,37,持分移轉,00300001
RPSNMLSLJIOFFBA18CA,福星段二小段,1.95,都市：商,360000,12516,持分移轉,00710000
RPSNMLSLJIOFFBA18CA,福星段二小段,1.56,都市：商,360000,12516,持分移轉,00720000
RPSNMLSLJIOFFBA18CA,福星段二小段,2.09,都市：商,360000,12516,持分移轉,00730000
RPSPMLKKKIOFFCA67CA,西湖段一小段,67.97,都市：工,100000,1916,持分移轉,02470000
RPWOMLTLJIOFFEA09CA,雙溪段重劃一小段,99.38,都市：住,8,1,持分移轉,00840000
RPWSMLQLJIOFFCA09DA,正義段二小段,2.74,都市：商,10000,44,持分移轉,02210000
RPVPMLMKKHPFFEA38CA,桃源段一小段,38.72,都市：住,10000,677,持分移轉,00590000
RPUNMLRLJIOFFCA38CA,東湖段七小段,19.63,都市：住,100000,433,持分移轉,00430000
RPVOMLSLJIOFFDA88DA,逸仙段二小段,27.69,都市：住,10000,114,持分移轉,02380000
RPROMLLKKIOFFCA57CA,文德段二小段,13.32,都市：住,43800,365,持分移轉,03120003
RPUNMLLKKIOFFEA97CA,桃源段四小段,22.54,都市：住,15,1,持分移轉,02030000
RPUPMLQJKIOFFEA58CA,天母段二小段,83.31,都市：住,10000,232,持分移轉,00070000
RPVPMLNJKIOFFFA48CA,龍泉段三小段,13.61,都市：商,10000,213,持分移轉,02270000
RPQPMLRLJIOFFEA38CA,桃源段五小段,5.19,都市：住,10000,257,持分移轉,05940000
RPQPMLRLJIOFFEA38CA,桃源段五小段,35.23,都市：住,10000,257,持分移轉,05950000
RPQPMLRLJIOFFEA38CA,桃源段五小段,1.02,都市：其他:道路用地,10000,257,持分移轉,05960000
RPXOMLSLJIOFFEA09CA,溫泉段一小段,5.45,都市：其他:特定觀光商業專用區,10000,40,持分移轉,02270000
RPWQMLTLJIOFFEA66CA,光華段三小段,12.77,都市：商,10000,185,持分移轉,07370000
RPPNMLQKKIOFFDA87CA,美仁段一小段,5.25,都市：商,60000,564,持分移轉,02260000
RPSOMLSLJIOFFDA48CA,犂和段四小段,19.60,都市：住,10,1,持分移轉,00230008
RPPNMLRJKIOFFAA57CA,南海段一小段,4.17,都市：商,12,1,持分移轉,03990000
RPPNMLRJKIOFFAA57CA,南海段一小段,4.83,都市：商,12,1,持分移轉,03990001
RPVOMLSLJIOFFCA68CA,正義段二小段,28.00,都市：商,3,1,持分移轉,01990000
RPSNMLSLJIOFFCA28CA,碧湖段四小段,28.24,都市：住,10000,203,持分移轉,10280000
RPSNMLSLJIOFFCA28CA,碧湖段四小段,3.42,都市：住,10000,239,持分移轉,10340000
RPUNMLPLKIOFFBA18CA,市府段三小段,.50,都市：商,2,1,持分移轉,06130000
RPUNMLPLKIOFFBA18CA,市府段三小段,15.00,都市：商,2,1,持分移轉,06140000
RPUNMLPLKIOFFBA18CA,市府段三小段,6.50,都市：商,2,1,持分移轉,06150000
RPUNMLPLKIOFFBA18CA,市府段三小段,.50,都市：商,2,1,持分移轉,06160000
RPOPMLOJKIOFFAA37CA,南海段四小段,2.78,都市：住,1000000,370,持分移轉,00060000
RPOPMLOJKIOFFAA37CA,南海段四小段,2.36,都市：商,1000000,370,持分移轉,00060002
RPOPMLOJKIOFFAA37CA,南海段四小段,.02,都市：其他:道路用地,1000000,370,持分移轉,00060004
RPOPMLOJKIOFFAA37CA,南海段四小段,.00,都市：其他:道路用地,1000000,370,持分移轉,00060006
RPOQMLQJKIOFFEA08CA,文林段三小段,20.94,都市：住,1000,68,持分移轉,04850000
RPPPMLSLJIOFFEA38CA,振興段三小段,11.53,都市：商,100000,634,持分移轉,05920000
RPVRMLTKKIOFFCA09CA,正義段三小段,5.15,都市：商,10000,94,持分移轉,02540000
RPVRMLTKKIOFFCA09CA,正義段三小段,.02,都市：商,10000,94,持分移轉,02560000
RPQNMLSLJIOFFCA08CA,潭美段四小段,40.25,都市：住,4,1,持分移轉,05340000
RPTPMLRLJIOFFBA38CA,漢中段二小段,14.63,都市：商,10000,328,持分移轉,03740000
RPVNMLSLJIOFFEA78CA,振興段一小段,13.89,都市：住,100000,2870,持分移轉,01560000
RPPOMLNJKIOFFBA47DA,直興段一小段,3.50,都市：商,48,12,持分移轉,00830000
RPPOMLNJKIOFFBA47DA,直興段一小段,1.25,都市：其他:道路用地(公共設施用地),48,12,持分移轉,00830001
RPPOMLNJKIOFFBA47DA,直興段一小段,19.00,都市：商,48,12,持分移轉,00840000
RPPOMLNJKIOFFBA47DA,直興段一小段,1.25,都市：其他:道路用地(公共設施用地),48,12,持分移轉,00840001
RPQPMLSLJIOFFEA48CA,奇岩段三小段,46.76,都市：住,10000,155,持分移轉,01640000
RPUOMLSLJIOFFDA68CA,經貿段,45.74,都市：住,60000,1452,持分移轉,00660000
RPUNMLSLJIOFFEA68CA,行義段三小段,66.91,都市：住,10000,264,持分移轉,02770000
RPPPMLSLJIOFFDA28CA,南港段一小段,35.99,都市：住,100000,1160,持分移轉,13200000
RPTNMLMJKIOFFBA57CA,青年段一小段,16.78,都市：住,31555,23,持分移轉,00740000
RPQOMLOJKIOFFBA57CA,中正段一小段,53.75,都市：住,4,1,持分移轉,00550000
RPPPMLRLJIOFFEA28CA,豐年段一小段,3082.00,都市：農,1,1,全筆移轉,08510000
RPXRMLKLKIOFFCA48CA,石潭段四小段,91.31,都市：住,10000,679,持分移轉,00530000
RPVNMLSLJIOFFFA88CA,金華段一小段,24.48,都市：住,10000,247,持分移轉,03110002
RPTNMLSLJIOFFBA28CA,萬華段一小段,16.31,都市：商,100000,1577,持分移轉,02240000
RPOPMLSLJIOFFDA18CA,犂和段三小段,18.14,都市：住,10000,272,持分移轉,03040000
RPXPMLTLJIOFFBA98CA,中正段一小段,7.32,都市：住,10000,1494,持分移轉,01820000
RPXPMLTLJIOFFBA98CA,中正段一小段,10.46,都市：住,10000,1494,持分移轉,01820001
RPQNMLKKKIOFFCA27CA,石潭段四小段,12.71,都市：商,100000,453,持分移轉,04230000
RPRPMLSLJIOFFCA38CA,長春段一小段,18.32,都市：住,74478,95,持分移轉,01740000
RPQOMLSLJIOFFAA97CA,華興段二小段,39.83,都市：住,10000,335,持分移轉,01040000
RPSQMLOJKIOFFCA18DA,文德段四小段,3.09,都市：商,5220000,5422,持分移轉,00210000
RPWNMLKKKIOFFCA87CA,石潭段四小段,10.10,都市：商,100000,360,持分移轉,04230000
RPVQMLKKKIOFFCA08CA,吉林段四小段,10.62,都市：商,1000000,6313,持分移轉,06420000
RPOOMLQJKIOFFEA97DA,芝蘭段一小段,4.70,都市：住,7000,60,持分移轉,01220000
RPOOMLQJKIOFFEA97DA,芝蘭段一小段,29.24,都市：住,7000,60,持分移轉,01230000
RPOOMLQJKIOFFEA97DA,芝蘭段一小段,.12,都市：住,7000,60,持分移轉,01240000
RPSNMLTLJIOFFDA48CA,信義段五小段,49.79,都市：住,10000,83,持分移轉,00070000
RPXSMLNJKIOFFCA78DA,德惠段三小段,20.23,都市：住,10000,330,持分移轉,05460000
RPQOMLTLJIOFFBA18CA,延平段二小段,4.00,都市：其他:特定專用區(供一般商業使用),2,1,持分移轉,00940000
RPPOMLRLJIOFFAA77CA,萬隆段二小段,36.80,都市：住,100000,375,持分移轉,04710000
RPQOMLTLJIOFFBA18CA,延平段二小段,29.00,都市：其他:特定專用區(供一般商業使用),2,1,持分移轉,00950000
RPSQMLPLKIOFFDA48CA,西松段二小段,25.42,都市：住,10000,96,持分移轉,06060000
RPTQMLTKKIOFFDA88CA,祥和段四小段,26.13,都市：住,100000,535,持分移轉,02040000
RPTPMLNJKIOFFFA28CA,龍泉段三小段,4.50,都市：商,100000,928,持分移轉,11040000
RPTPMLNJKIOFFFA28CA,龍泉段三小段,12.40,都市：商,100000,928,持分移轉,11050000
RPOOMLSLJIOFFCA97CA,吉林段三小段,6.62,都市：商,10000,60,持分移轉,09860000
RPOOMLSLJIOFFCA97CA,吉林段三小段,.23,都市：其他:道路用地(公共設施用地),10000,60,持分移轉,09860001
RPOOMLSLJIOFFCA97CA,吉林段三小段,.02,都市：商,10000,60,持分移轉,09850000
RPPPMLOJKIOFFAA47CA,南海段四小段,.00,都市：其他:道路用地,1000000,370,持分移轉,00060006
RPPPMLOJKIOFFAA47CA,南海段四小段,2.78,都市：住,1000000,370,持分移轉,00060000
RPPPMLOJKIOFFAA47CA,南海段四小段,2.36,都市：商,1000000,370,持分移轉,00060002
RPPPMLOJKIOFFAA47CA,南海段四小段,.02,都市：其他:道路用地,1000000,370,持分移轉,00060004
RPSOMLRLKIOFFBA28CA,雙園段三小段,21.35,都市：住,699,28,持分移轉,08900000
RPPNMLTLJIOFFAA87CA,河堤段五小段,1.13,都市：住,10000,42,持分移轉,05670000
RPPNMLTLJIOFFAA87CA,河堤段五小段,2.24,都市：商,10000,42,持分移轉,05700000
RPWNMLSLJIOFFFA98CA,學府段二小段,19.00,都市：住,4,1,持分移轉,04910000
RPWNMLSLJIOFFFA98CA,學府段二小段,22.00,都市：住,4,1,持分移轉,04910001
RPWNMLSLJIOFFFA98CA,學府段二小段,4.75,都市：其他:道路用地(公共設施用地)【60/7/13】,4,1,持分移轉,04920000
RPPPMLTLJIOFFAA18DA,福和段二小段,3.22,都市：商,10000,123,持分移轉,05150000
RPPPMLTLJIOFFAA18DA,福和段二小段,9.14,都市：商,10000,123,持分移轉,05150004
RPWNMLTLJIOFFFA56DA,復興段三小段,.03,都市：商,10000,40,持分移轉,02230001
RPWNMLTLJIOFFFA56DA,復興段三小段,13.42,都市：其他:第三種商業區及第四種住宅區,10000,40,持分移轉,02990000
RPUQMLMJKIOFFBA97CA,青年段一小段,10.09,都市：住,21886,36,持分移轉,01260000
RPUQMLMJKIOFFBA97CA,青年段一小段,2.36,都市：住,21886,36,持分移轉,01260001
RPUQMLMJKIOFFBA97CA,青年段一小段,.00,都市：其他:道路用地,21886,36,持分移轉,01260002
RPUQMLMJKIOFFBA97CA,青年段一小段,.00,都市：其他:道路用地,21886,36,持分移轉,01260003
RPROMLNJKIOFFAA47CA,華興段一小段,32.69,都市：住,10000,554,持分移轉,04670000
RPWOMLKKKIOFFFA38DA,辛亥段六小段,32.25,都市：住,4,1,持分移轉,00500011
RPROMLPLKIOFFDA18CA,民生段,67.50,都市：住,4,1,持分移轉,01010004
RPSNMLMKKIOFFEA87CA,天山段二小段,.53,都市：住,10000,5,持分移轉,03870000
RPWPMLTLJIOFFCA98CA,碧湖段四小段,17.44,都市：住,21876000,69944,持分移轉,03540000
RPSOMLTLJIOFFBA38CA,漢中段一小段,.02,都市：商,10000,164,持分移轉,07340000
RPWPMLTLJIOFFCA98CA,碧湖段四小段,.01,都市：其他:道路用地,21876000,69944,持分移轉,03540001
RPSOMLTLJIOFFBA38CA,漢中段一小段,1.00,都市：商,10000,164,持分移轉,07350000
RPPNMLMJKIOFFDA37CA,西松段一小段,28.72,都市：住,10000,244,持分移轉,00440020
RPSOMLTLJIOFFBA38CA,漢中段一小段,.28,都市：商,10000,164,持分移轉,07360000
RPSOMLTLJIOFFBA38CA,漢中段一小段,.26,都市：商,10000,164,持分移轉,07370000
RPSOMLTLJIOFFBA38CA,漢中段一小段,.08,都市：商,10000,164,持分移轉,07330000
RPSOMLTLJIOFFBA38CA,漢中段一小段,.93,都市：商,10000,164,持分移轉,07380000
RPSOMLTLJIOFFBA38CA,漢中段一小段,.93,都市：商,10000,164,持分移轉,07390000
RPSOMLTLJIOFFBA38CA,漢中段一小段,.26,都市：商,10000,164,持分移轉,07400000
RPSOMLTLJIOFFBA38CA,漢中段一小段,.28,都市：商,10000,164,持分移轉,07410000
RPSOMLTLJIOFFBA38CA,漢中段一小段,.98,都市：商,10000,164,持分移轉,07420000
RPSOMLTLJIOFFBA38CA,漢中段一小段,7.18,都市：商,10000,164,持分移轉,07430000
RPUNMLNKKIOFFFA38DA,金華段三小段,12.01,都市：住,100000,4511,持分移轉,04220000
RPTOMLTLJIOFFCA58CA,中山段四小段,8.58,都市：商,10000,523,持分移轉,07020000
RPTOMLTLJIOFFCA58CA,中山段四小段,.16,都市：商,10000,523,持分移轉,07030000
RPWOMLPLJIOFFDA58CA,寶清段七小段,23.74,都市：商,40000,368,持分移轉,07430000
RPSOMLPLJIOFFDA18CA,逸仙段二小段,30.93,都市：住,30990000,309600,持分移轉,04760000
RPUOMLPLJIOFFDA38CA,民生段,3.81,都市：商,10000,9,持分移轉,00530002
RPTQMLOJKIOFFCA28DA,榮星段七小段,8.76,都市：住,10000,90,持分移轉,00130008
RPROMLKLKIOFFAA37CA,木柵段二小段,182.30,都市：住,10000,2396,持分移轉,09790000
RPTQMLSLJIOFFCA78DA,西湖段一小段,40.40,都市：工,10000,215,持分移轉,09800000
RPTOMLQJKIOFFCA18CA,中山段一小段,.32,都市：商,9100,48,持分移轉,03690000
RPTOMLQJKIOFFCA18CA,中山段一小段,1.38,都市：商,9100,48,持分移轉,03710000
RPTOMLQJKIOFFCA18CA,中山段一小段,1.64,都市：商,9100,48,持分移轉,03720000
RPSOMLMKKIOFFCA77CA,碧湖段三小段,58.98,都市：住,10000,320,持分移轉,03140000
RPQPMLNLKIOFFDA97CA,美仁段一小段,9.38,都市：商,30000,267,持分移轉,03970000
RPQPMLNLKIOFFDA97CA,美仁段一小段,4.25,都市：商,30000,267,持分移轉,03970001
RPSNMLSJKIOFFDA38DA,民生段,35.49,都市：住,10000,123,持分移轉,00760000
RPSNMLSJKIOFFDA38DA,民生段,.06,都市：其他:道路用地(公共設施用地),10000,123,持分移轉,00760002
RPSNMLSJKIOFFDA38DA,民生段,.06,都市：其他:道路用地(公共設施用地),10000,123,持分移轉,00760003
RPSNMLSJKIOFFDA38DA,民生段,.06,都市：其他:道路用地(公共設施用地),10000,123,持分移轉,00760004
RPSNMLSJKIOFFDA38DA,民生段,.10,都市：其他:道路用地(公共設施用地),10000,123,持分移轉,00760005
RPQOMLOLKIOFFEA08CA,芝山段一小段,14.45,都市：住,10000,165,持分移轉,09030005
RPRRMLMJKIOFFAA67CA,興隆段一小段,28.43,都市：住,10000,59,持分移轉,04090000
RPRNMLQJJHPFFFA08CA,通化段四小段,26.10,都市：住,10,1,持分移轉,06440000
RPWPMLNJKIOFFFA68DA,仁愛段二小段,.03,都市：商,10000,285,持分移轉,06500000
RPQRMLMJKIOFFAA57CA,政大段三小段,33.05,都市：住,10000,324,持分移轉,04470000
RPWPMLNJKIOFFFA68DA,仁愛段二小段,20.98,都市：住,10000,285,持分移轉,06500001
RPSPMLSLJIOFFEA68CA,光華段四小段,29.14,都市：商,340000,1145,持分移轉,07730000
RPUPMLTKKIOFFEA98CA,溫泉段二小段,58.93,都市：住,10000,672,持分移轉,02370000
RPPNMLKKKIOFFAA07DA,永昌段二小段,8.63,都市：住,10000,114,持分移轉,04120000
RPOPMLNJKIOFFDA57CA,民生段,56.63,都市：住,10000,303,持分移轉,00470009
RPQQMLTLJIOFFDA58CA,南港段一小段,31.03,都市：住,100,1,持分移轉,13200000
RPQOMLQJKIOFFDA97CA,吳興段二小段,24.78,都市：住,10000,265,持分移轉,07460000
RPQOMLQJKIOFFDA97CA,吳興段二小段,3.55,都市：住,10000,120,持分移轉,07520000
RPQPMLNJKIOFFCA67CA,東湖段一小段,38.27,都市：住,10000,476,持分移轉,00340000
RPUNMLNKKIOFFBA87CA,直興段三小段,8.36,都市：商,10000,56,持分移轉,00010000
RPUNMLNKKIOFFBA87CA,直興段三小段,.96,都市：商,10000,56,持分移轉,00110000
RPPQMLTLJIOFFCA38CA,吉林段四小段,2.62,都市：商,10000,87,持分移轉,08700000
RPUPMLTLJIOFFDA88CA,信義段三小段,8.86,都市：其他:特定業務區(信義計畫特定專用區)。,100000,213,持分移轉,00360003
RPQNMLRJJHPFFBA67CA,公園段二小段,3.23,都市：商,10000,24,持分移轉,06490000
RPVNMLOJKIOFFBA97CA,臨沂段二小段,16.72,都市：住,1000,113,持分移轉,01710000
RPXNMLMJKIOFFEA38DA,華岡段四小段,54.20,都市：其他:保謢區,1,1,全筆移轉,04620000
RPWOMLTLJIOFFDA09DA,信義段一小段,22.00,都市：商,4,1,持分移轉,01490000
RPWOMLTLJIOFFDA09DA,信義段一小段,17.50,都市：商,4,1,持分移轉,01490001
RPUOMLRJKIOFFDA58DA,西松段三小段,10.29,都市：住,100000,2653,持分移轉,00280000
RPVQMLSLJIOFFCA88CA,正義段二小段,5.29,都市：商,10000,120,持分移轉,02820000
RPUQMLQJKIOFFDA58CA,寶清段一小段,.21,都市：住,10000,1,持分移轉,06360000
RPTPMLSLJIOFFDA68CA,民生段,62.88,都市：住,8,1,持分移轉,01080023
RPRNMLTJKIOFFDA28CA,美仁段二小段,6.25,都市：住,8,1,持分移轉,06400001
RPRNMLTJKIOFFDA28CA,美仁段二小段,19.38,都市：商,8,1,持分移轉,06400000
RPRNMLTJKIOFFDA28CA,美仁段二小段,4.62,都市：商,8,1,持分移轉,06390000
RPRNMLTJKIOFFDA28CA,美仁段二小段,1.88,都市：住,8,1,持分移轉,06390001
RPSPMLSLJIOFFDA58CA,寶清段七小段,2.18,都市：商,2821,34,持分移轉,02760000
RPSPMLSLJIOFFDA58CA,寶清段七小段,2.56,都市：商,2821,34,持分移轉,02830000
RPSPMLSLJIOFFDA58CA,寶清段七小段,1.52,都市：商,685503,5950,持分移轉,02840000
RPTOMLKKKIOFFBA67DA,漢中段一小段,2.58,都市：商,10000,70,持分移轉,02620000
RPTPMLMJKIOFFCA87CA,長安段一小段,27.67,都市：商,6,1,持分移轉,00250000
RPQNMLNJKIOFFAA27CA,興泰段二小段,25.13,都市：住,10000,192,持分移轉,03730000
RPQNMLNJKIOFFAA27CA,興泰段二小段,.10,都市：其他:道路用地,10000,192,持分移轉,03730001
RPWOMLPJKHPFFCA38CA,金泰段,15.40,都市：商,10000,88,持分移轉,00810014
RPQPMLTLJIOFFDA48CA,虎林段四小段,13.18,都市：其他:第參種商業區及第三之一種住宅區及第三種住宅區,42619122,125928,持分移轉,07850000
RPQPMLTLJIOFFDA48CA,虎林段四小段,1.31,都市：住,42619122,125928,持分移轉,07860001
RPOOMLRLKIOFFEA28DA,溪山段二小段,21.03,都市：其他:陽明山國家公園區,4,1,持分移轉,02340000
RPOOMLRLKIOFFEA28DA,溪山段二小段,52.86,都市：其他:陽明山國家公園區,4,1,持分移轉,02360000
RPPNMLPJKIOFFFA87CA,仁愛段三小段,5.75,都市：住,10000,56,持分移轉,00160000
RPPQMLSLJIOFFCA38DA,康寧段三小段,27.80,都市：住,40,1,持分移轉,00630002
RPUNMLKMKIOFFBA77CA,華江段三小段,5.12,都市：其他:特定專用區,12455,19,持分移轉,05050009
RPUNMLSLJIOFFFA78CA,金華段一小段,46.25,都市：住,48,12,持分移轉,01540000
RPTNMLKMKIOFFBA67CA,華江段三小段,5.12,都市：其他:特定專用區,12455,19,持分移轉,05050009
RPPPMLOJKIOFFEA87CA,中洲段,787.00,都市：其他:遊樂區,1,1,全筆移轉,00730000
RPUOMLTLJIOFFFA98CA,仁愛段二小段,12.12,都市：住,10000,209,持分移轉,01560000
RPRNMLTLJIOFFCA28CA,中山段二小段,1.21,都市：住,192,1,持分移轉,03880000
RPRNMLTLJIOFFCA28CA,中山段二小段,.90,都市：商,192,1,持分移轉,03880001
RPRNMLTLJIOFFCA28CA,中山段二小段,3.93,都市：住,19200,100,持分移轉,04270000
RPRNMLTLJIOFFCA28CA,中山段二小段,1.43,都市：住,19200,100,持分移轉,04360000
RPRNMLTLJIOFFCA28CA,中山段二小段,2.14,都市：住,192,1,持分移轉,04370000
RPRNMLTLJIOFFCA28CA,中山段二小段,2.46,都市：住,19200,100,持分移轉,04380000
RPRNMLTLJIOFFCA28CA,中山段二小段,2.93,都市：住,192,1,持分移轉,04390000
RPRNMLTLJIOFFCA28CA,中山段二小段,1.68,都市：住,192,1,持分移轉,04440000
RPWOMLSLJIOFFCA78CA,潭美段四小段,12.20,都市：住,100000,583,持分移轉,04810000
RPWOMLNKKIOFFBA18CA,直興段三小段,8.21,都市：商,10000,55,持分移轉,00010000
RPWOMLNKKIOFFBA18CA,直興段三小段,.94,都市：商,10000,55,持分移轉,00110000
RPWNMLNJKIOFFEA28CA,芝蘭段一小段,2.41,都市：住,10000,319,持分移轉,03860000
RPWNMLNJKIOFFEA28CA,芝蘭段一小段,41.87,都市：住,10000,319,持分移轉,03890000
RPTNMLMJKIOFFEA87CA,桃源段一小段,21.00,都市：住,1,1,全筆移轉,05060000
RPTNMLMJKIOFFEA87CA,桃源段一小段,52.00,都市：住,1,1,全筆移轉,05300000
RPTRMLNKKIOFFCA28CA,正義段一小段,.77,都市：商,10000,53,持分移轉,01610000
RPTRMLNKKIOFFCA28CA,正義段一小段,.75,都市：商,10000,53,持分移轉,01620000
RPTRMLNKKIOFFCA28CA,正義段一小段,.80,都市：商,10000,53,持分移轉,01630000
RPTRMLNKKIOFFCA28CA,正義段一小段,.91,都市：商,10000,53,持分移轉,01640000
RPTRMLNKKIOFFCA28CA,正義段一小段,.27,都市：商,10000,53,持分移轉,01650000
RPTRMLNKKIOFFCA28CA,正義段一小段,.26,都市：商,10000,53,持分移轉,01660001
RPQPMLNJKIOFFDA87DA,寶清段三小段,21.49,都市：住,10000,311,持分移轉,07150000
RPTOMLSKKIOFFCA48CA,正義段二小段,26.12,都市：商,10000,2809,持分移轉,02180000
RPUOMLTJKIOFFAA38CA,政大段四小段,32.25,都市：住,4,1,持分移轉,01940000
RPPQMLTLJIOFFBA28CA,萬華段二小段,11.89,都市：商,4,1,持分移轉,05620000
RPPQMLTLJIOFFBA28CA,萬華段二小段,.50,都市：其他:道路用地(公共設施用地)【61/9/4】,4,1,持分移轉,05620001
RPPQMLTLJIOFFBA28CA,萬華段二小段,.10,都市：商,4,1,持分移轉,05620002
RPPQMLTLJIOFFBA28CA,萬華段二小段,.36,都市：商,112,10,持分移轉,05630000
RPPQMLTLJIOFFBA28CA,萬華段二小段,4.44,都市：其他:道路用地(公共設施用地)【61/9/4】,112,10,持分移轉,05630001
RPPQMLTLJIOFFBA28CA,萬華段二小段,.02,都市：商,112,10,持分移轉,05630002
RPPQMLTLJIOFFBA28CA,萬華段二小段,.09,都市：商,112,10,持分移轉,05630003
RPPQMLTLJIOFFBA28CA,萬華段二小段,.09,都市：商,112,10,持分移轉,05630004
RPQQMLQJKIOFFCA08CA,正義段三小段,5.15,都市：商,10000,94,持分移轉,02540000
RPQQMLQJKIOFFCA08CA,正義段三小段,.02,都市：商,10000,94,持分移轉,02560000
RPPNMLLKKIOFFBA17CA,大龍段一小段,.00,都市：住,100000,2,持分移轉,02140013
RPPNMLLKKIOFFBA17CA,大龍段一小段,.01,都市：住,100000,2,持分移轉,02330000
RPVNMLMJKIOFFCA87CA,德惠段二小段,19.81,都市：住,32000,1981,持分移轉,03350000
RPSNMLKMJIOFFDA77DA,向陽段,19.21,都市：住,10000,174,持分移轉,00110011
RPVQMLTLJIOFFCA98CA,長春段一小段,13.41,都市：商,31000,120,持分移轉,06370000
RPVQMLTLJIOFFCA98CA,長春段一小段,1.42,都市：商,31000,120,持分移轉,06580004
RPQNMLNJKIOFFFA77CA,金華段一小段,24.19,都市：商,10000,273,持分移轉,01270000
RPQNMLNJKIOFFFA77CA,金華段一小段,3.11,都市：商,10000,273,持分移轉,01310002
RPOQMLTLJIOFFDA38CA,犂和段三小段,2.50,都市：商,100000,1189,持分移轉,02250000
RPOQMLTLJIOFFDA38CA,犂和段三小段,6.04,都市：商,100000,1189,持分移轉,02250002
RPSNMLQKKIOFFEA28CA,新安段五小段,5.16,都市：住,3,2,持分移轉,05580000
RPXOMLPLKIOFFCA68CA,潭美段五小段,18.25,都市：其他:住商混合區,10000,163,持分移轉,00580000
RPSNMLQKKIOFFEA28CA,新安段五小段,268.99,都市：住,1,1,全筆移轉,05560000
RPSNMLQKKIOFFEA28CA,新安段五小段,457.00,都市：住,1,1,全筆移轉,05570000
RPVOMLNJKIOFFCA08CA,康寧段三小段,9.84,都市：商,100000,1545,持分移轉,07790000
RPVNMLMJKIOFFFA18CA,通化段一小段,33.37,都市：住,624,20,持分移轉,08220002
RPOPMLNJKIOFFCA57DA,吉林段一小段,57.00,都市：住,4,1,持分移轉,05840000
RPRNMLNJKIOFFFA87CA,仁愛段一小段,.02,都市：其他:第四種住宅區及道路用地,18130,1,持分移轉,08430000
RPRNMLNJKIOFFFA87CA,仁愛段一小段,.35,都市：其他:第四種住宅區及第參種商業區,6160,7,持分移轉,08440000
RPRNMLNJKIOFFFA87CA,仁愛段一小段,7.96,都市：其他:第四種住宅區及第參種商業區,10000,53,持分移轉,08450000
RPRNMLNJKIOFFFA87CA,仁愛段一小段,.04,都市：其他:道路用地(公共設施用地),10000,53,持分移轉,08450001
RPQNMLMJKIOFFCA37CA,金泰段,47.09,都市：住,500000,224,持分移轉,00720000
RPOOMLPJKIOFFBA47CA,直興段一小段,11.02,都市：商,10000,124,持分移轉,02680000
SPTOMLSKKIOFFCA58CA,正義段二小段,20.38,都市：商,10000,2191,持分移轉,02180000
RPTNMLPLKIOFFCA18CA,吉林段四小段,4.31,都市：住,10000,28,持分移轉,03370000
RPQOMLPLKIOFFDA08CA,吳興段三小段,35.25,都市：住,4,1,持分移轉,07020000
RPPNMLNJKIOFFDA47CA,西松段一小段,48.36,都市：住,100000,410,持分移轉,00120000
RPTQMLKMKIOFFCA08CA,康寧段二小段,13.06,都市：住,10000,54,持分移轉,02140003
RPTQMLKMKIOFFCA08CA,康寧段二小段,.01,都市：其他:道路用地,10000,54,持分移轉,02140007
RPTQMLKMKIOFFCA08CA,康寧段二小段,12.81,都市：住,10000,54,持分移轉,02140008
RPWNMLPJKIOFFCA28CA,東湖段五小段,7.84,都市：住,10000,377,持分移轉,01160000
RPWNMLPJKIOFFCA28CA,東湖段五小段,.15,都市：住,10000,377,持分移轉,01270000
RPWNMLPJKIOFFCA28CA,東湖段五小段,23.49,都市：住,10000,377,持分移轉,01150000
RPSOMLMJKIOFFFA97CA,懷生段二小段,8.96,都市：住,10000,383,持分移轉,00400001
RPPNMLKKKIOFFFA57DA,復興段一小段,27.15,都市：住,10000,157,持分移轉,01420000
RPPNMLNJKIOFFFA67CA,仁愛段一小段,9.80,都市：商,10000,186,持分移轉,06260000
RPVNMLPJKIOFFCA18CA,榮星段六小段,3.53,都市：商,2076243,16202,持分移轉,04550001
RPVNMLPJKIOFFCA18CA,榮星段六小段,17.30,都市：商,2076243,16202,持分移轉,04550000
RPUNMLPJKIOFFDA18CA,雅祥段四小段,2.67,都市：商,100000,169,持分移轉,02760000
RPUNMLPJKIOFFDA18CA,雅祥段四小段,1.12,都市：住,100000,169,持分移轉,02830000
RPWNMLQJKIOFFBA28CA,橋北段一小段,48.67,都市：住,3,2,持分移轉,02990000
RPQPMLPLKIOFFCA08CA,潭美段五小段,3.58,都市：其他:住商混合區,10000,32,持分移轉,00580000
RPRNMLOJKIOFFEA87CA,陽明段二小段,40.75,都市：商,4,1,持分移轉,02180000
RPRNMLOJKIOFFEA87CA,陽明段二小段,.75,都市：其他:道路用地(公共設施用地),4,1,持分移轉,02180001
RPTPMLSKKIOFFCA58CA,文德段四小段,4.01,都市：住,10000,170,持分移轉,01250000
RPTPMLSKKIOFFCA58CA,文德段四小段,15.15,都市：住,10000,170,持分移轉,01800000
RPTPMLSKKIOFFCA58CA,文德段四小段,.02,都市：其他:道路用地,10000,170,持分移轉,01800001
RPTPMLSKKIOFFCA58CA,文德段四小段,.07,都市：其他:道路用地,10000,170,持分移轉,01800002
RPPPMLTLJIOFFBA28DA,福星段二小段,1.21,都市：商,8973582,2514,持分移轉,05510000
RPQNMLMJKIOFFBA27CA,萬華段二小段,18.00,都市：商,622,18,持分移轉,07810000
RPQQMLTLJIOFFBA48DA,大龍段一小段,30.20,都市：商,5,1,持分移轉,02670000
RPOOMLOJKIOFFDA57CA,福德段三小段,32.00,都市：住,4,1,持分移轉,01180000
RPPPMLKMJHPFFAA27CA,政大段一小段,65.66,都市：住,100000,10991,持分移轉,00050000
RPTPMLKKKIOFFDA87CA,吳興段一小段,29.75,都市：住,4,1,持分移轉,02800000
RPSNMLKLKIOFFCA57CA,吉林段三小段,9.33,都市：商,209202000,1865195,持分移轉,03810000
RPWPMLRKKIOFFCA78CA,長春段二小段,73.33,都市：商,3125,132,持分移轉,00070000
RPSNMLOJKIOFFEA97CA,新民段二小段,26.73,都市：住,10000,1069,持分移轉,04090000
RPRNMLNJKIOFFEA77CA,百齡段四小段,26.25,都市：住,4,1,持分移轉,03100000
RPSNMLOJKIOFFEA97CA,新民段二小段,6.84,都市：住,10000,1069,持分移轉,04100000
RPXQMLKKKIOFFCA28CA,吉林段四小段,10.73,都市：商,1000000,6377,持分移轉,06420000
RPVNMLOJKIOFFAA87CA,萬慶段二小段,29.72,都市：住,2735,156,持分移轉,03450000
RPPPMLMJKIOFFBA37CA,青年段一小段,12.20,都市：商,35897,53,持分移轉,01290000
RPSQMLOLKIOFFCA28CA,德惠段四小段,3.71,都市：商,10000,124,持分移轉,02800000
RPUNMLNJKIOFFCA87CA,潭美段五小段,24.40,都市：其他:工商混合區,10000,100,持分移轉,00150003
RPPQMLSKKIOFFDA48DA,雅祥段三小段,27.38,都市：住,10000,655,持分移轉,01380000
RPVPMLNJKIOFFBA08CA,青年段一小段,12.40,都市：住,252440,136,持分移轉,00740000
RPWSMLNKKIOFFCA68CA,東湖段八小段,18.37,都市：住,10000,38,持分移轉,00070000
RPRPMLRKKIOFFDA48DA,寶清段一小段,27.68,都市：住,10000,133,持分移轉,06360000
RPXOMLNKKIOFFDA48CA,向陽段,43.66,都市：住,100000,2771,持分移轉,00090008
RPWNMLQJKIOFFCA38CA,長春段一小段,16.19,都市：住,74478,84,持分移轉,01740000
RPSNMLNJKIOFFEA87CA,永平段二小段,54.73,都市：住,1000,65,持分移轉,00290000
RPPNMLOJKIOFFCA47CA,康寧段三小段,29.14,都市：住,10000,108,持分移轉,01700000
RPPNMLOJKIOFFCA47CA,康寧段三小段,.03,都市：其他:道路用地,10000,108,持分移轉,01700001
RPVNMLTJKIOFFDA68CA,永吉段一小段,18.80,都市：商,10,2,持分移轉,03410000
RPUOMLPJKIOFFEA48DA,桃源段一小段,9.40,都市：住,100000,579,持分移轉,03870000
RPROMLMJKIOFFDA67CA,福德段一小段,32.00,都市：住,8,2,持分移轉,04390000
RPUOMLMJKIOFFEA08CA,行義段二小段,29.46,都市：住,10000,160,持分移轉,04050000
RPUOMLMJKIOFFEA08CA,行義段二小段,.77,都市：住,10000,160,持分移轉,04060000
RPOPMLSKKIOFFFA48DA,龍泉段三小段,.25,都市：住,10000,9,持分移轉,02140000
RPOPMLSKKIOFFFA48DA,龍泉段三小段,1.64,都市：商,10000,9,持分移轉,02140003
RPOPMLSKKIOFFFA48DA,龍泉段三小段,.26,都市：住,10000,9,持分移轉,02200000
RPOPMLSKKIOFFFA48DA,龍泉段三小段,.45,都市：住,10000,9,持分移轉,02230000
RPOPMLSKKIOFFFA48DA,龍泉段三小段,.02,都市：住,10000,9,持分移轉,02230001
RPOPMLSKKIOFFFA48DA,龍泉段三小段,.41,都市：商,10000,9,持分移轉,02230005
RPOPMLSKKIOFFFA48DA,龍泉段三小段,.20,都市：商,10000,9,持分移轉,02230006
RPOPMLSKKIOFFFA48DA,龍泉段三小段,.08,都市：商,10000,9,持分移轉,02250000
RPSNMLRJKIOFFFA48DA,仁愛段四小段,9.30,都市：其他:敦化南北路特定專用區(B區),112400,916,持分移轉,00130000
RPRQMLTJKIOFFCA58DA,西湖段二小段,18.66,都市：商,10000,293,持分移轉,02070008
RPSNMLRJKIOFFFA48DA,仁愛段四小段,4.48,都市：其他:敦化南北路特定專用區(B區),112400,918,持分移轉,00140000
RPXNMLPJKIOFFEA58CA,三合段,35.72,都市：住,10000,148,持分移轉,00380000
RPXOMLKKKIOFFFA38CA,大安段三小段,11.08,都市：住,90827,20,持分移轉,02980000
RPORMLNJKIOFFEA87CA,文林段四小段,69.00,都市：商,1,1,全筆移轉,01800000
RPPPMLTJKIOFFEA38CA,陽明段四小段,45.57,都市：住,100000,1311,持分移轉,07220000
RPPQMLNJKIOFFBA67DA,福星段四小段,4.06,都市：商,10000,38,持分移轉,03130000
RPOPMLKKKIOFFEA47CA,海光段三小段,30.40,都市：住,5,1,持分移轉,05250000
RPOPMLKKKIOFFEA47CA,海光段三小段,.80,都市：其他:道,5,1,持分移轉,05260000
RPVNMLNKKIOFFCA08CA,碧湖段四小段,31.44,都市：住,10000,341,持分移轉,04870000
RPVOMLNJKIOFFBA97CA,中正段一小段,60.33,都市：住,10000,1109,持分移轉,03820000
RPWPMLLMKIOFFBA28CA,漢中段二小段,62.00,都市：商,1,1,全筆移轉,02770000
RPTNMLNJKIOFFBA67CA,迪化段三小段,11.62,都市：其他:特定專用區(供特定住宅使用),600,14,持分移轉,07340000
RPWNMLNJKIOFFCA08CA,文德段二小段,39.17,都市：住,65440,291,持分移轉,05700000
SPSQMLOLKIOFFCA38CA,德惠段四小段,4.04,都市：商,10000,135,持分移轉,02800000
RPVNMLLMKIOFFEA28CA,振興段三小段,1.00,都市：住,1,1,全筆移轉,01850001
RPUOMLOLKIOFFCA28CA,德惠段三小段,26.25,都市：住,20,5,持分移轉,04090000
RPUOMLOLKIOFFCA28CA,德惠段三小段,.50,都市：住,20,5,持分移轉,04090001
RPXPMLOJKIOFFDA58CA,犂和段一小段,175.00,都市：其他:保護區,1,1,全筆移轉,03520003
RPXPMLOJKIOFFDA58CA,犂和段一小段,24.93,都市：其他:保護區,11000000,741032,持分移轉,03520001
RPWOMLSJKIOFFCA78DA,東湖段五小段,29.43,都市：住,10000,152,持分移轉,00190000
RPSNMLNKKIOFFCA87DA,康寧段三小段,15.78,都市：住,10000,32,持分移轉,05130000
RPTOMLTKKIOFFCA58CA,碧湖段四小段,39.50,都市：住,100000,1313,持分移轉,10250000
RPTOMLTKKIOFFCA58CA,碧湖段四小段,23.96,都市：住,100000,1313,持分移轉,10250002
RPROMLMKKIOFFEA87CA,文林段五小段,22.10,都市：住,10000,130,持分移轉,00690003
RPWOMLMJKIOFFCA08CA,潭美段四小段,.11,都市：住,10000,1,持分移轉,03230000
RPWOMLMJKIOFFCA08CA,潭美段四小段,21.89,都市：住,10000,1684,持分移轉,03340000
RPWOMLMJKIOFFCA08CA,潭美段四小段,5.55,都市：其他:道路用地,31,1,持分移轉,03340003
RPOOMLSKKIOFFBA87CA,直興段一小段,8.89,都市：商,100000,709,持分移轉,00040000
RPQOMLNJKIOFFBA47CA,青年段二小段,58.00,都市：住,1,1,全筆移轉,04180000
RPRQMLNKKIOFFDA18DA,美仁段一小段,31.25,都市：住,4,1,持分移轉,04020000
RPUPMLNJKIOFFBA97CA,雙園段一小段,15.39,都市：住,100000,2511,持分移轉,03960000
RPXNMLSJJHPFFEA78CA,振興段三小段,8.09,都市：商,100000,314,持分移轉,05850000
RPUPMLTJKIOFFBA58CA,萬華段二小段,61.33,都市：商,36,32,持分移轉,07120000
RPWOMLTJJHPFFEA88CA,桃源段一小段,29.37,都市：住,30000,1181,持分移轉,02930000
RPPOMLPJKIOFFEA87CA,新民段二小段,13.27,都市：其他:特定觀光商業專用區,100000,363,持分移轉,05410000
RPUNMLTJKIOFFDA58CA,雅祥段四小段,22.00,都市：住,4,1,持分移轉,05150000
RPUNMLTJKIOFFDA58CA,雅祥段四小段,2.75,都市：其他:道路用地(公共設施用地),4,1,持分移轉,05160000
RPTOMLLKKIOFFDA97DA,南港段四小段,23.23,都市：住,10000,202,持分移轉,03070000
RPSPMLOJKIOFFCA97CA,金泰段,38.48,都市：商,100000,1060,持分移轉,00850007
RPQNMLRLKIOFFCA08CA,榮星段六小段,26.81,都市：其他:第三種住宅區。,16,1,持分移轉,00400000
RPPRMLOJKIOFFBA77CA,萬大段二小段,12.88,都市：住,8,1,持分移轉,00340000
RPPRMLOJKIOFFBA77CA,萬大段二小段,13.62,都市：住,8,1,持分移轉,00370000
RPOPMLQKKIOFFDA08DA,民生段,40.00,都市：其他:住宅用地(民生社區特定專用區)。,4,1,持分移轉,00170001
RPXPMLQJKIOFFEA88CA,百齡段六小段,14.30,都市：住,14300,71,持分移轉,00680000
RPWPMLPJKIOFFBA38CA,橋北段二小段,5.98,都市：其他:聯合開發區(捷),100000,146,持分移轉,06360000
RPWPMLPJKIOFFBA38CA,橋北段二小段,.04,都市：其他:聯合開發區(捷),100000,146,持分移轉,06800010
RPROMLQKKIOFFFA48DA,龍泉段三小段,23.69,都市：住,10000,453,持分移轉,05270000
RPWPMLPJKIOFFBA38CA,橋北段二小段,.01,都市：其他:聯合開發區(捷),100000,146,持分移轉,06800011
RPWSMLNJKIOFFCA68DA,中山段三小段,9.31,都市：商,10000,371,持分移轉,00330000
RPSOMLLKKIOFFDA87DA,犂和段四小段,23.20,都市：住,10000,464,持分移轉,00230002
RPXPMLLKKIOFFDA38CA,永吉段二小段,31.82,都市：住,70532,349,持分移轉,00370000
RPTNMLOJKIOFFCA87CA,康寧段三小段,33.44,都市：住,10000,84,持分移轉,05890000
RPTOMLPJKIOFFFA38CA,通化段四小段,31.75,都市：住,4,1,持分移轉,03310000
RPUOMLMKKIOFFBA87CA,城中段二小段,13.85,都市：商,100000,446,持分移轉,02460000
RPVRMLKKKIOFFAA97CA,萬芳段三小段,35.49,都市：住,10000,209,持分移轉,06140000
RPVRMLKKKIOFFAA97CA,萬芳段三小段,.90,都市：住,10000,209,持分移轉,06150000
RPVRMLMKKIOFFCA38CA,東湖段五小段,31.66,都市：住,10000,81,持分移轉,02600000
RPPPMLNJKIOFFFA87CA,學府段二小段,13.50,都市：其他:道路用地,2,1,持分移轉,03830000
RPRQMLQJKIOFFDA28CA,永春段二小段,30.25,都市：住,4,1,持分移轉,01340000
RPRQMLQJKIOFFDA28CA,永春段二小段,6.25,都市：其他:道路用地,4,1,持分移轉,01350000
RPWNMLNKKIOFFBA08CA,市府段二小段,28.80,都市：商,5,1,持分移轉,01480000
RPOQMLNJKIOFFBA57DA,延平段一小段,3.75,都市：商,4,1,持分移轉,04030000
RPOQMLNJKIOFFBA57DA,延平段一小段,21.25,都市：商,4,1,持分移轉,04040000
RPVNMLOJKIOFFEA28CA,秀山段二小段,39.70,都市：住,10000,53,持分移轉,07090000
RPQOMLTJKIOFFBA08CA,橋北段三小段,.11,都市：住,10000,159,持分移轉,02330002
RPQOMLTJKIOFFBA08CA,橋北段三小段,1.96,都市：住,10000,159,持分移轉,03240000
RPQOMLTJKIOFFBA08CA,橋北段三小段,4.31,都市：住,10000,159,持分移轉,03270000
RPQOMLTJKIOFFBA08CA,橋北段三小段,4.17,都市：住,10000,159,持分移轉,03280000
RPQOMLTJKIOFFBA08CA,橋北段三小段,5.71,都市：住,10000,159,持分移轉,03290000
RPSNMLPLKIOFFEA28CA,三合段,48.60,都市：住,100000,1900,持分移轉,00740000
RPUNMLLLKIOFFAA77DA,福和段二小段,8.75,都市：其他:道路用地,8,1,持分移轉,05520000
RPUNMLLLKIOFFAA77DA,福和段二小段,46.00,都市：商,8,1,持分移轉,05530000
RPTNMLRJKIOFFCA28DA,長春段二小段,4.81,都市：商,10000,90,持分移轉,04970004
RPTNMLRJKIOFFCA28DA,長春段二小段,.85,都市：商,10000,90,持分移轉,04970007
RPTNMLRJKIOFFCA28DA,長春段二小段,.87,都市：商,10000,90,持分移轉,04970008
RPTNMLRJKIOFFCA28DA,長春段二小段,1.89,都市：商,10000,90,持分移轉,05040000
RPTNMLRJKIOFFCA28DA,長春段二小段,4.52,都市：其他:第二種商業區及道路用地,10000,90,持分移轉,05100000
RPTNMLRJKIOFFCA28DA,長春段二小段,.88,都市：商,10000,90,持分移轉,05110000
RPTPMLMKKIOFFAA77CA,南海段二小段,1.08,都市：商,10000,114,持分移轉,01720000
RPTPMLMKKIOFFAA77CA,南海段二小段,5.31,都市：商,10000,114,持分移轉,02050000
RPSPMLNJKIOFFCA87CA,金泰段,54.45,都市：住,500000,259,持分移轉,00720000
RPSNMLPJKIOFFDA97CA,民生段,53.00,都市：商,4,1,持分移轉,00630000
RPUNMLOJKIOFFCA97CA,碧湖段四小段,31.32,都市：住,2187600,12563,持分移轉,03540000
RPUNMLOJKIOFFCA97CA,碧湖段四小段,.02,都市：其他:道路用地(公共設施用地),2187600,12563,持分移轉,03540001
RPXOMLNJKIOFFFA58CA,瑞安段一小段,24.20,都市：住,52880,54,持分移轉,02980000
RPOPMLLMKIOFFAA37CA,南海段二小段,22.51,都市：商,10000,2369,持分移轉,01720000
RPUPMLMKKIOFFAA87CA,南海段二小段,1.03,都市：商,10000,108,持分移轉,01720000
RPUPMLMKKIOFFAA87CA,南海段二小段,5.03,都市：商,10000,108,持分移轉,02050000
RPQQMLMKKIOFFCA77CA,大湖段二小段,42.24,都市：住,10000,100,持分移轉,00010000
RPTOMLOJKIOFFDA08CA,延吉段一小段,30.20,都市：住,5,1,持分移轉,02880000
RPVNMLOKJHPFFFA38CA,懷生段三小段,35.00,都市：住,8,1,持分移轉,03890000
RPXPMLPJKIOFFBA48CA,橋北段二小段,6.63,都市：其他:聯合開發區(捷),100000,162,持分移轉,06360000
RPXPMLPJKIOFFBA48CA,橋北段二小段,.04,都市：其他:聯合開發區(捷),100000,162,持分移轉,06800010
RPXPMLPJKIOFFBA48CA,橋北段二小段,.01,都市：其他:聯合開發區(捷),100000,162,持分移轉,06800011
RPXOMLQJKIOFFDA68CA,延吉段三小段,25.05,都市：其他:住宅區及道路用地,10000,75,持分移轉,02320000
RPQOMLTJKIOFFEA38CA,崇仰段三小段,31.74,都市：住,10000,162,持分移轉,00500000
RPQOMLTJKIOFFEA38CA,崇仰段三小段,.16,都市：商,10000,162,持分移轉,00500001
RPQOMLRKKIOFFBA97CA,大龍段一小段,107.00,都市：住,1,1,全筆移轉,00070000
RPQOMLRKKIOFFBA97CA,大龍段一小段,1.00,都市：其他:道路用地(公共設施用地),1,1,全筆移轉,00070004
RPQOMLRKKIOFFBA97CA,大龍段一小段,62.00,都市：住,1,1,全筆移轉,00080000
RPQOMLRKKIOFFBA97CA,大龍段一小段,211.00,都市：住,1,1,全筆移轉,00080009
RPUPMLPJKIOFFCA38DA,東湖段八小段,25.62,都市：住,10000,53,持分移轉,00070000
RPVPMLOJKIOFFCA28CA,正義段三小段,37.87,都市：商,60,4,持分移轉,02360000
RPVNMLQJKIOFFDA38CA,福德段三小段,22.56,都市：住,10000,135,持分移轉,07800000
RPVNMLQJKIOFFDA38CA,福德段三小段,.01,都市：住,10000,135,持分移轉,07940001
RPOSMLKKKIOFFCA57CA,正義段三小段,10.57,都市：商,10000,581,持分移轉,01580000
RPOPMLOJKIOFFCA57CA,文德段三小段,33.50,都市：住,10000,85,持分移轉,00890000
RPPPMLKLKIOFFCA47CA,正義段一小段,23.88,都市：其他:第參種商業區(依都市計畫說明書圖...)(原屬第參種住宅區)。,8,1,持分移轉,04960000
RPSNMLLLKIOFFBA67DA,華中段三小段,27.00,都市：住,1,1,全筆移轉,05540068
RPRNMLQJKIOFFBA77CA,橋北段二小段,17.44,都市：其他:聯合開發區(捷),100000,426,持分移轉,06360000
RPRNMLQJKIOFFBA77CA,橋北段二小段,.10,都市：其他:聯合開發區(捷),100000,426,持分移轉,06800010
RPRNMLQJKIOFFBA77CA,橋北段二小段,.02,都市：其他:聯合開發區(捷),100000,426,持分移轉,06800011
RPSNMLPJKIOFFFA18CA,懷生段三小段,43.08,都市：住,12,1,持分移轉,04600000
RPRNMLQJKIOFFFA18CA,通化段六小段,20.60,都市：住,10,1,持分移轉,03580000
RPXOMLLMKIOFFAA18CA,南海段二小段,13.69,都市：商,10000,294,持分移轉,02050000
RPXOMLQJKIOFFBA48CA,圓環段三小段,6.13,都市：商,10000,59,持分移轉,03140000
RPSNMLRJKIOFFCA08CA,東湖段三小段,20.01,都市：住,10000,121,持分移轉,00190001
RPPNMLPJKIOFFBA47CA,迪化段一小段,2.31,都市：商,20000,58,持分移轉,04640000
RPQQMLPJKIOFFBA87CA,橋北段二小段,6.63,都市：其他:聯合開發區(捷),100000,162,持分移轉,06360000
RPQQMLPJKIOFFBA87CA,橋北段二小段,.04,都市：其他:聯合開發區(捷),100000,162,持分移轉,06800010
RPQQMLPJKIOFFBA87CA,橋北段二小段,.01,都市：其他:聯合開發區(捷),100000,162,持分移轉,06800011
RPOOMLTJKIOFFFA38DA,通化段六小段,14.07,都市：住,10000,35,持分移轉,00300000
RPOQMLPJKIOFFBA67CA,橋北段二小段,10.81,都市：其他:聯合開發區(捷),100000,264,持分移轉,06360000
RPOOMLTJKIOFFFA38DA,通化段六小段,9.33,都市：住,10000,35,持分移轉,00300007
RPOQMLPJKIOFFBA67CA,橋北段二小段,.06,都市：其他:聯合開發區(捷),100000,264,持分移轉,06800010
RPOQMLPJKIOFFBA67CA,橋北段二小段,.01,都市：其他:聯合開發區(捷),100000,264,持分移轉,06800011
RPQOMLOJKIOFFDA77CA,吳興段三小段,31.20,都市：住,20,1,持分移轉,07820003
RPWOMLQJKIOFFEA68CA,翠山段一小段,31.38,都市：住,48,1,持分移轉,03600000
RPRNMLNLKIOFFEA97CA,奇岩段五小段,3.12,都市：其他:道路用地,8,1,持分移轉,04450001
RPRNMLNLKIOFFEA97CA,奇岩段五小段,13.69,都市：其他:道路用地,60000,7082,持分移轉,04450003
RPQNMLSJKIOFFAA87DA,萬芳段四小段,.03,都市：住,100000,284,持分移轉,01000000
RPWOMLNKJHPFFAA97CA,南海段二小段,2.84,都市：商,100000,2155,持分移轉,01570000
RPQNMLSJKIOFFAA87DA,萬芳段四小段,40.47,都市：其他:交通用地(公共設施用地),100000,284,持分移轉,01350000
RPWOMLNKJHPFFAA97CA,南海段二小段,10.88,都市：其他:交通用地,100000,2155,持分移轉,01590000
RPWOMLNKJHPFFAA97CA,南海段二小段,.06,都市：商,100000,2155,持分移轉,01630000
RPQPMLQJKIOFFCA97CA,長安段三小段,6.86,都市：商,10000,122,持分移轉,02110000
RPTNMLMKKHPFFCA87DA,正義段一小段,15.72,都市：商,10000,898,持分移轉,06400000
RPXNMLQJKIOFFDA68DA,寶清段三小段,16.00,都市：其他:道路用地,1,1,全筆移轉,01640000
RPXNMLQJKIOFFDA68DA,寶清段三小段,16.00,都市：其他:道路用地,1,1,全筆移轉,01660000
RPOOMLTJKIOFFEA28DA,奇岩段一小段,39.25,都市：住,4,1,持分移轉,03240000
RPRNMLOKKIOFFDA87CA,吳興段二小段,.54,都市：住,48,1,持分移轉,00580000
RPSNMLQJKIOFFEA18CA,百齡段四小段,23.25,都市：住,4,1,持分移轉,02640000
RPPQMLPJKIOFFBA77CA,橋北段二小段,5.57,都市：其他:聯合開發區(捷),100000,136,持分移轉,06360000
RPPQMLPJKIOFFBA77CA,橋北段二小段,.03,都市：其他:聯合開發區(捷),100000,136,持分移轉,06800010
RPPQMLPJKIOFFBA77CA,橋北段二小段,.01,都市：其他:聯合開發區(捷),100000,136,持分移轉,06800011
RPRNMLKLKIOFFCA47CA,榮星段四小段,8.95,都市：住,600000,6057,持分移轉,07650000
RPRNMLKLKIOFFCA47CA,榮星段四小段,3.34,都市：住,600000,6057,持分移轉,07650006
RPVPMLQJKIOFFEA78DA,大業段三小段,3.23,都市：商,10000,12,持分移轉,01490000
RPPNMLQJKIOFFDA77CA,信義段一小段,8.10,都市：商,10000,42,持分移轉,01520000
RPPNMLQJKIOFFDA77CA,信義段一小段,2.63,都市：商,10000,42,持分移轉,01520001
RPOPMLMKKIOFFEA77DA,光華段二小段,45.75,都市：住,10000,546,持分移轉,10520000
RPSQMLTKKIOFFDA78CA,信義段三小段,18.23,都市：其他:特定業務區(信義計劃特定專用區),100000,438,持分移轉,00360003
RPWOMLKKJHPFFEA08CA,天母段三小段,13.73,都市：住,10000,224,持分移轉,04520000
RPPOMLTJKIOFFCA08CA,吉林段四小段,5.40,都市：商,10000,71,持分移轉,08030000
RPPOMLTJKIOFFCA08CA,吉林段四小段,.64,都市：商,10000,71,持分移轉,08040000
RPUNMLTKKIOFFAA48DA,政大段二小段,31.40,都市：住,10000,171,持分移轉,04280000
RPQNMLNLKIOFFEA87CA,奇岩段五小段,15.27,都市：商,420000,4916,持分移轉,04450000
RPUNMLPJKIOFFCA08CA,西湖段一小段,32.25,都市：住,4,1,持分移轉,01380000
RPQPMLMKKIOFFCA67CA,中山段一小段,14.94,都市：商,10000,799,持分移轉,07520000
RPPNMLOKKIOFFDA67CA,民生段,28.68,都市：住,4219,43,持分移轉,01060000
RPRNMLQJKIOFFDA97CA,雅祥段一小段,8.42,都市：商,10000,105,持分移轉,04020000
RPRNMLQJKIOFFDA97CA,雅祥段一小段,.44,都市：住,10000,105,持分移轉,04030001
RPRNMLQJKIOFFDA97CA,雅祥段一小段,.24,都市：住,10000,105,持分移轉,04050001
RPRNMLQJKIOFFDA97CA,雅祥段一小段,.22,都市：住,10000,105,持分移轉,04190000
RPRNMLQJKIOFFDA97CA,雅祥段一小段,1.07,都市：住,10000,105,持分移轉,04220001
RPOOMLMJJHPFFAA96CA,興泰段二小段,.13,都市：住,100000,10,持分移轉,02890000
RPUNMLRJKIOFFDA48DA,信義段一小段,21.52,都市：住,10000,20,持分移轉,02690004
RPQOMLQJKIOFFFA18CA,龍泉段三小段,5.06,都市：住,10000,248,持分移轉,04390000
RPTNMLQJKIOFFDA18CA,中南段五小段,.00,都市：住,100000,272,持分移轉,03490000
RPTNMLQJKIOFFDA18CA,中南段五小段,70.41,都市：住,100000,272,持分移轉,03560000
RPSNMLQJKIOFFCA97CA,西湖段一小段,.23,都市：其他:道路用地(公共設施用地)【65/2/14】,10000,126,持分移轉,03750010
RPSNMLQJKIOFFCA97CA,西湖段一小段,31.11,都市：住,10000,126,持分移轉,03750002
RPQNMLLLKIOFFDA67DA,吳興段二小段,5.90,都市：住,10,1,持分移轉,05300002
RPQNMLLLKIOFFDA67DA,吳興段二小段,1.50,都市：住,10,1,持分移轉,05300003
RPQNMLLLKIOFFDA67DA,吳興段二小段,.90,都市：住,10,1,持分移轉,05310000
RPXNMLLKKIOFFDA18CA,信義段五小段,12.73,都市：其他:特定業務區,100000,708,持分移轉,00420001
RPQNMLLLKIOFFDA67DA,吳興段二小段,11.00,都市：住,10,1,持分移轉,05320001
RPQNMLLLKIOFFDA67DA,吳興段二小段,1.90,都市：住,10,1,持分移轉,05330000
RPQNMLLLKIOFFDA67DA,吳興段二小段,.20,都市：其他:道路用地,10,1,持分移轉,05330001
RPQNMLLLKIOFFDA67DA,吳興段二小段,.70,都市：住,10,1,持分移轉,05340001
RPQNMLLLKIOFFDA67DA,吳興段二小段,1.10,都市：其他:道路用地,10,1,持分移轉,05340002
RPQNMLLLKIOFFDA67DA,吳興段二小段,.10,都市：住,10,1,持分移轉,05350001
RPXNMLPLKIOFFCA58CA,康寧段二小段,30.84,都市：住,10000,149,持分移轉,04850000
RPXNMLPLKIOFFCA58CA,碧湖段一小段,7.39,都市：住,10000,149,持分移轉,08370000
RPRNMLLKKIOFFAA27CA,興隆段四小段,35.00,都市：其他:第四種住宅區及道路用地(公共設施用地),4,1,持分移轉,00940000
RPRNMLPKKIOFFBA87DA,福星段一小段,2.00,都市：商,10000,57,持分移轉,01010000
RPQOMLQKKIOFFAA77CA,興隆段二小段,22.65,都市：住,10000,172,持分移轉,02690000
RPWPMLLKKIOFFCA28DA,中山段二小段,10.39,都市：商,52540,452,持分移轉,03430000
RPVOMLNKKIOFFDA28CA,向陽段,31.06,都市：住,13000,141,持分移轉,00110000
RPSOMLNJJHPFFEA87CA,百齡段六小段,45.75,都市：住,4,1,持分移轉,01220000
RPVNMLKKKIOFFAA57CA,博嘉段四小段,27.17,都市：住,10000,206,持分移轉,02010000
RPVNMLKKKIOFFAA57CA,博嘉段四小段,.20,都市：其他:道路用地(公共設施用地),10000,206,持分移轉,02010001
RPVNMLKKKIOFFAA57CA,博嘉段四小段,1.56,都市：其他:道路用地(公共設施用地),10000,206,持分移轉,02020000
RPVNMLKKKIOFFAA57CA,博嘉段四小段,.17,都市：其他:道路用地(公共設施用地),10000,206,持分移轉,02030000
RPRQMLNKKIOFFCA08DA,正義段一小段,17.65,都市：商,10000,134,持分移轉,01330000
RPPNMLMLKIOFFEA67CA,三玉段二小段,51.64,都市：商,14,1,持分移轉,00830000
RPROMLQJKIOFFFA28CA,瑞安段三小段,35.36,都市：住,10000,834,持分移轉,04660000
RPPPMLKLJHPFFDA47CA,延吉段三小段,1.17,都市：其他:道路地,10000,97,持分移轉,07250000
RPPPMLKLJHPFFDA47CA,延吉段三小段,11.29,都市：其他:敦化北路特定專用區,10000,97,持分移轉,07260000
RPTOMLOKJHPFFCA97CA,西湖段四小段,66.56,都市：其他:科技工業區,100000,809,持分移轉,01570000
RPRNMLQJKIOFFAA67CA,南海段二小段,2.90,都市：商,10000,319,持分移轉,00410005
RPRNMLQJKIOFFAA67CA,南海段二小段,10.08,都市：商,10000,319,持分移轉,00440000
RPUPMLTKKIOFFDA88CA,經貿段,14.63,都市：住,10000,209,持分移轉,00710000
RPTNMLKKKIOFFAA37CA,木柵段三小段,21.71,都市：住,10000,52,持分移轉,06770000
RPUOMLRLKIOFFBA48CA,延平段二小段,17.81,都市：其他:特定專用區(供一般商業使用),10000,132,持分移轉,00040000
RPPQMLQJKIOFFDA08CA,敦化段三小段,22.81,都市：住,36,1,持分移轉,03510000
RPTNMLQJKIOFFBA97CA,萬華段二小段,29.46,都市：商,10000,343,持分移轉,02540000
RPVNMLTKKIOFFAA58DA,景美段四小段,3.66,都市：商,100000,140,持分移轉,02080000
RPQQMLNKKIOFFEA08CA,新民段三小段,91.08,都市：住,10000,1002,持分移轉,01210000
RPWNMLRKKIOFFCA58CA,大湖段二小段,51.35,都市：住,10000,742,持分移轉,00080001
RPSPMLRKKIOFFDA58DA,延吉段三小段,.39,都市：住,150,1,持分移轉,07640000
RPSPMLRKKIOFFDA58DA,延吉段三小段,30.20,都市：住,5,1,持分移轉,07730000
RPSNMLQKKIOFFCA18DA,東湖段七小段,30.31,都市：住,1000,24,持分移轉,01830000
RPOOMLQKKIOFFCA77CA,西湖段一小段,68.15,都市：工,100000,1921,持分移轉,02470002
RPXOMLPJKIOFFBA38CA,華江段三小段,.82,都市：其他:道路用地(公共設施用地),10000,38,持分移轉,05420009
RPXOMLPJKIOFFBA38CA,華江段三小段,.60,都市：其他:特定專用區(二)。,10,1,持分移轉,04730007
RPXOMLPJKIOFFBA38CA,華江段三小段,2.61,都市：其他:道路用地(公共設施用地),10000,38,持分移轉,05190000
RPXOMLPJKIOFFBA38CA,華江段三小段,.01,都市：其他:特定專用區(二)。,10000,38,持分移轉,05190001
RPXOMLPJKIOFFBA38CA,華江段三小段,1.38,都市：其他:特定專用區(二)。,10000,38,持分移轉,05200002
RPXOMLPJKIOFFBA38CA,華江段三小段,25.60,都市：其他:特定專用區(二)。,10,1,持分移轉,05200003
RPXOMLPJKIOFFBA38CA,華江段三小段,1.00,都市：其他:道路用地(公共設施用地),10,1,持分移轉,05400000
RPXOMLPJKIOFFBA38CA,華江段三小段,.13,都市：其他:道路用地(公共設施用地),10000,38,持分移轉,05420000
RPPQMLNKKIOFFEA97CA,新民段三小段,91.08,都市：住,10000,1002,持分移轉,01210000
RPRNMLMJJHPFFAA17CA,興泰段二小段,26.44,都市：住,100000,1968,持分移轉,02890000
RPWPMLQJKIOFFDA68CA,永吉段四小段,2.30,都市：商,10000,13,持分移轉,00910000
RPWPMLQJKIOFFDA68CA,永吉段四小段,1.85,都市：商,10000,13,持分移轉,00930000
RPWPMLQJKIOFFDA68CA,永吉段四小段,1.72,都市：其他:交通用地(公共設施用地),10000,13,持分移轉,00930001
RPSNMLQJKIOFFBA87CA,福星段二小段,4.27,都市：商,2991194000,2955336,持分移轉,05510000
RPTOMLQJKIOFFFA48CA,瑞安段二小段,24.38,都市：住,10000,94,持分移轉,00290000
RPTPMLPJKIOFFCA28DA,康寧段三小段,20.61,都市：其他:市場用地,100000,498,持分移轉,02670001
RPPNMLPLKIOFFAA57CA,木柵段三小段,38.10,都市：住,1000,25,持分移轉,05170000
RPXPMLSKKIOFFBA98DA,圓環段三小段,10.97,都市：商,10000,299,持分移轉,07970000
RPXOMLNKKIOFFBA28CA,直興段三小段,13.44,都市：商,10000,90,持分移轉,00010000
RPOOMLTJKIOFFBA87CA,圓環段三小段,12.29,都市：商,10000,418,持分移轉,04360000
RPXOMLNKKIOFFBA28CA,直興段三小段,1.54,都市：商,10000,90,持分移轉,00110000
RPXOMLTJKIOFFDA98CA,三興段三小段,8.33,都市：商,10000,48,持分移轉,04640000
RPXOMLTJKIOFFDA98CA,三興段三小段,4.56,都市：住,10000,48,持分移轉,04640001
RPSOMLTJKIOFFDA48CA,福德段一小段,1.52,都市：住,10000,76,持分移轉,07060000
RPXOMLTJKIOFFDA98CA,三興段三小段,.03,都市：其他:道路用地(公共設施用地),10000,48,持分移轉,04650000
RPXOMLTJKIOFFDA98CA,三興段三小段,.03,都市：其他:道路用地(公共設施用地),10000,48,持分移轉,04660000
RPSOMLTJKIOFFDA48CA,福德段一小段,15.03,都市：住,10000,648,持分移轉,07070000
RPXOMLTJKIOFFDA98CA,三興段三小段,.04,都市：商,10000,48,持分移轉,04680000
RPSOMLTJKIOFFDA48CA,福德段一小段,14.23,都市：住,10000,122,持分移轉,07080000
RPSOMLTJKIOFFDA48CA,新光段三小段,3.60,都市：住,100,9,持分移轉,06030000
RPPNMLRJKIOFFEA97CA,文林段四小段,13.06,都市：住,10000,631,持分移轉,03740000
RPTNMLQKKIOFFCA28DA,東湖段一小段,35.58,都市：住,10000,252,持分移轉,00090003
RPROMLQKKIOFFCA08CA,碧湖段一小段,13.81,都市：住,88,5,持分移轉,07180000
RPROMLQKKIOFFCA08CA,碧湖段一小段,6.79,都市：住,10000,700,持分移轉,07190000
RPOOMLLKKIOFFCA27CA,文德段二小段,26.26,都市：住,10000,95,持分移轉,01660000
RPROMLQJKIOFFEA18CA,奇岩段四小段,2.54,都市：其他:道路用地(公共設施用地),1208,32,持分移轉,02150000
RPROMLQJKIOFFEA18CA,奇岩段四小段,30.44,都市：住,1208,32,持分移轉,02160000
RPUNMLPLKIOFFFA58CA,學府段一小段,14.45,都市：商,100000,4850,持分移轉,00440000
RPUNMLPLKIOFFFA58CA,學府段一小段,4.95,都市：商,100000,4850,持分移轉,00440001
RPUPMLOLKIOFFDA48CA,福德段三小段,29.25,都市：住,4,1,持分移轉,00630000
RPOQMLOLKIOFFDA97CA,民生段,36.12,都市：住,8,1,持分移轉,00290001
RPTOMLKKKIOFFDA77CA,信義段一小段,11.53,都市：商,573,26,持分移轉,00050000
RPTOMLKKKIOFFDA77CA,信義段一小段,14.47,都市：商,573,26,持分移轉,00050001
RPROMLTJKIOFFAA08CA,河堤段四小段,36.06,都市：住,100000,17171,持分移轉,04110000
RPTPMLTJKIOFFBA58DA,華中段一小段,30.71,都市：住,100000,403,持分移轉,01180000
RPPNMLTJKIOFFEA18CA,芝山段二小段,27.04,都市：住,10000,150,持分移轉,00170000
RPPQMLNJJHPFFBA47CA,迪化段一小段,.13,都市：商,100000,10,持分移轉,00190000
RPPPMLKKKIOFFDA47CA,向陽段,29.04,都市：住,10000,109,持分移轉,00090003
RPORMLQKKIOFFCA08CA,西湖段一小段,32.09,都市：住,10000,425,持分移轉,00660001
RPORMLQKKIOFFCA08CA,西湖段一小段,3.87,都市：其他:保護區,10000,425,持分移轉,00660007
RPROMLTJKIOFFDA48DA,民生段,13.88,都市：住,10000,241,持分移轉,01190001
RPROMLTJKIOFFDA48DA,民生段,.01,都市：商,97200000,970,持分移轉,01380000
RPROMLTJKIOFFDA48DA,民生段,.00,都市：商,97200000,970,持分移轉,01380001
RPROMLTJKIOFFDA48DA,民生段,.01,都市：商,97200000,970,持分移轉,01380002
RPSNMLPKKIOFFAA87DA,南海段二小段,10.80,都市：商,10000,147,持分移轉,05130000
RPSNMLPKKIOFFAA87DA,南海段二小段,15.93,都市：住,10000,147,持分移轉,05180000
RPQNMLTJKIOFFDA18CA,向陽段,38.76,都市：住,10000,88,持分移轉,00110005
RPUOMLSKKIOFFCA68DA,康寧段三小段,7.00,都市：住,1,1,全筆移轉,05620001
RPUOMLSKKIOFFCA68DA,康寧段四小段,214.29,都市：住,1,1,全筆移轉,00520005
RPUOMLSKKIOFFCA68DA,康寧段四小段,15.86,都市：住,1,1,全筆移轉,00520006
RPUOMLSKKIOFFCA68DA,康寧段四小段,97.00,都市：住,1,1,全筆移轉,00570000
RPUQMLQJKIOFFCA58DA,東湖段二小段,34.69,都市：住,45000,240,持分移轉,00190000
RPPPMLQJKIOFFDA97CA,雅祥段四小段,2.68,都市：商,100000,170,持分移轉,02760000
RPPPMLQJKIOFFDA97CA,雅祥段四小段,1.13,都市：住,100000,170,持分移轉,02830000
RPPNMLTJKIOFFCA97CA,康寧段三小段,13.96,都市：其他:交通用地(公共設施用地)。,100000,171,持分移轉,01990000
RPUNMLTJKIOFFBA38CA,福星段二小段,.37,都市：商,10000,40,持分移轉,05300000
RPUNMLTJKIOFFBA38CA,福星段二小段,2.00,都市：商,10000,40,持分移轉,05330000
RPPNMLMJJHPFFAA96CA,南海段二小段,.00,都市：商,100000,1924,持分移轉,02020024
RPPNMLMJJHPFFAA96CA,南海段二小段,4.82,都市：商,100000,1924,持分移轉,02030000
RPSNMLNLKIOFFAA77DA,興泰段三小段,23.77,都市：住,10000,278,持分移轉,04130000
RPPNMLTJKIOFFAA77CA,永昌段四小段,5.35,都市：住,12000,31,持分移轉,06500000
RPPNMLTJKIOFFAA77CA,永昌段四小段,1.23,都市：住,12000,31,持分移轉,06500001
RPPNMLTJKIOFFAA77CA,永昌段四小段,.01,都市：其他:道路用地(公共設施用地),12000,31,持分移轉,06500002
RPOPMLLKKIOFFBA27CA,橋北段二小段,6.63,都市：其他:聯合開發區(捷),100000,162,持分移轉,06360000
RPOPMLLKKIOFFBA27CA,橋北段二小段,.04,都市：其他:聯合開發區(捷),100000,162,持分移轉,06800010
RPOPMLLKKIOFFBA27CA,橋北段二小段,.01,都市：其他:聯合開發區(捷),100000,162,持分移轉,06800011
RPXNMLKKKIOFFFA28CA,大安段三小段,19.39,都市：住,90827,35,持分移轉,02980000
RPRSMLKKKIOFFCA87CA,康寧段三小段,27.04,都市：住,10000,181,持分移轉,03150004
RPPOMLKKKIOFFEA47CA,平等段二小段,39.45,都市：其他:保護區,6,1,持分移轉,02640001
RPRSMLKKKIOFFCA87CA,康寧段三小段,.05,都市：其他:道路用地,10000,181,持分移轉,03150009
RPQPMLKKKIOFFCA47CA,長安段三小段,783.00,都市：住,1,1,全筆移轉,07330000
RPSNMLOLKIOFFEA18CA,文林段三小段,27.39,都市：住,100000,2118,持分移轉,09230000
RPRNMLLKKIOFFDA57CA,信義段三小段,35.64,都市：其他:特定業務區(信義計畫特定專用區)。,100000,520,持分移轉,00260000
RPUNMLKLKIOFFFA18DA,仁愛段六小段,18.25,都市：商,12,1,持分移轉,04060000
RPPNMLTKKIOFFCA18DA,長安段一小段,10.39,都市：商,10000,128,持分移轉,00170000
RPTOMLLKKIOFFBA67CA,橋北段二小段,9.54,都市：其他:聯合開發區(捷),100000,233,持分移轉,06360000
RPTOMLLKKIOFFBA67CA,橋北段二小段,.06,都市：其他:聯合開發區(捷),100000,233,持分移轉,06800010
RPTOMLLKKIOFFBA67CA,橋北段二小段,.01,都市：其他:聯合開發區(捷),100000,233,持分移轉,06800011
RPSOMLQKKIOFFBA08CA,橋北段二小段,8.47,都市：其他:聯合開發區(捷),100000,207,持分移轉,06360000
RPSOMLQKKIOFFBA08CA,橋北段二小段,.05,都市：其他:聯合開發區(捷),100000,207,持分移轉,06800010
RPSOMLQKKIOFFBA08CA,橋北段二小段,.01,都市：其他:聯合開發區(捷),100000,207,持分移轉,06800011
RPUNMLKLKIOFFEA08DA,新民段二小段,49.40,都市：住,100000,1367,持分移轉,02140000
RPSQMLQKKIOFFCA38CA,正義段三小段,7.32,都市：商,10000,173,持分移轉,00760000
RPOOMLTJKIOFFDA08CA,福德段一小段,20.67,都市：住,24,2,持分移轉,04750000
RPQNMLLKKIOFFDA47CA,新光段三小段,8.90,都市：住,10000,55,持分移轉,00560000
RPQNMLLKKIOFFDA47CA,新光段三小段,.02,都市：其他:道路用地(公共設施用地),10000,55,持分移轉,00560001
RPVNMLNKKIOFFFA48DA,仁愛段二小段,3.09,都市：商,10000,152,持分移轉,00210000
RPVNMLNKKIOFFFA48DA,仁愛段二小段,1.06,都市：商,10000,106,持分移轉,00510001
RPVNMLNKKIOFFFA48DA,仁愛段二小段,8.94,都市：商,10000,106,持分移轉,00520000
RPPPMLLKKIOFFBA37CA,橋北段二小段,6.63,都市：其他:聯合開發區(捷),100000,162,持分移轉,06360000
RPPPMLLKKIOFFBA37CA,橋北段二小段,.04,都市：其他:聯合開發區(捷),100000,162,持分移轉,06800010
RPPPMLLKKIOFFBA37CA,橋北段二小段,.01,都市：其他:聯合開發區(捷),100000,162,持分移轉,06800011
RPUOMLRKKIOFFAA38DA,南海段五小段,25.45,都市：住,10000,441,持分移轉,01260000
RPUOMLRKKIOFFAA38DA,南海段五小段,3.04,都市：住,10000,441,持分移轉,01270000
RPROMLTJKIOFFCA28CA,碧湖段四小段,23.93,都市：住,10000,77,持分移轉,02980000
RPVOMLRKKIOFFDA68CA,玉成段四小段,37.68,都市：住,10000,490,持分移轉,06900000
RPVOMLRKKIOFFDA68CA,新光段二小段,2.50,都市：住,10000,490,持分移轉,00530000
RPSNMLOKKIOFFDA08DA,向陽段,44.04,都市：住,30000,218,持分移轉,00150001
RPWOMLLKKIOFFAA87CA,政大段一小段,71.55,都市：住,10000,476,持分移轉,01110000
RPRNMLKKKIOFFEA67DA,豐年段二小段,162.23,都市：其他:農業區,15000,373,持分移轉,08460001
RPOQMLNKKIOFFDA87DA,寶清段一小段,26.16,都市：住,33106,103,持分移轉,00570004
RPSPMLLKKIOFFBA67CA,漢中段三小段,23.75,都市：商,4,1,持分移轉,06030000
RPRQMLMKKIOFFEA18DA,關渡段二小段,29.03,都市：住,100000,3277,持分移轉,03900000
RPRQMLMKKIOFFEA18DA,關渡段二小段,22.68,都市：住,100000,3277,持分移轉,03900001
RPWOMLOJKHPFFCA28CA,北安段一小段,3.59,都市：住,10000,326,持分移轉,01160000
RPWOMLOJKHPFFCA28CA,北安段一小段,4.92,都市：住,10000,326,持分移轉,01170000
RPQQMLSKKIOFFDA58DA,新光段三小段,10.29,都市：住,100000,1185,持分移轉,01650000
RPRPMLQJJHPFFDA08CA,逸仙段二小段,10.74,都市：住,9038750,31347,持分移轉,04760000
RPTQMLMKKIOFFAA87CA,河堤段五小段,48.60,都市：住,5,1,持分移轉,01730000
RPUPMLLKKIOFFCA97CA,文德段三小段,22.95,都市：住,10000,72,持分移轉,03380000
RPPUMLNKKIOFFCA28DA,康寧段三小段,6.08,都市：商,10000,20,持分移轉,07930000
RPXOMLLKKIOFFBA08CA,橋北段二小段,13.14,都市：其他:聯合開發區(捷),100000,321,持分移轉,06360000
RPXOMLLKKIOFFBA08CA,橋北段二小段,.08,都市：其他:聯合開發區(捷),100000,321,持分移轉,06800010
RPXOMLLKKIOFFBA08CA,橋北段二小段,.02,都市：其他:聯合開發區(捷),100000,321,持分移轉,06800011
RPXNMLNJJHPFFAA87CA,興泰段二小段,26.44,都市：住,100000,1968,持分移轉,02890000
RPTQMLLKKIOFFCA97CA,榮星段二小段,29.10,都市：住,10000,1000,持分移轉,04220000
RPVOMLRKKIOFFAA38CA,木新段三小段,37.34,都市：住,10000,1667,持分移轉,00030003
RPTNMLQJJHPFFAA77CA,興泰段二小段,.20,都市：住,100000,15,持分移轉,02890000
RPWOMLSKKIOFFEA98CA,文林段一小段,37.46,都市：住,100000,1718,持分移轉,03500000
RPWOMLSKKIOFFEA98CA,文林段一小段,16.92,都市：住,100000,1718,持分移轉,03510000
RPQNMLNKKIOFFEA77CA,溪洲段二小段,1542.00,都市：其他:國中用地,16,6,持分移轉,01760000
RPRNMLQLKIOFFFA38CA,懷生段一小段,30.20,都市：住,30,3,持分移轉,02970000
RPQNMLOKKIOFFEA97DA,天母段四小段,35.34,都市：住,10000,522,持分移轉,03270000
RPXNMLLLKIOFFAA08DA,南海段二小段,13.04,都市：住,26300,1304,持分移轉,03870000
RPXNMLLLKIOFFAA08DA,南海段二小段,9.00,都市：其他:道路用地,1,1,全筆移轉,03910001
RPXNMLLLKIOFFAA08DA,南海段二小段,.79,都市：商,26300,20804,持分移轉,03910002
RPUNMLKMKIOFFAA77DA,南海段二小段,27.48,都市：住,26300,2748,持分移轉,03870000
RPUNMLKMKIOFFAA77DA,南海段二小段,.10,都市：商,26300,2748,持分移轉,03910002
RPSNMLLKKIOFFCA57CA,康寧段三小段,9.76,都市：住,14445,439,持分移轉,00330002
RPSNMLLKKIOFFCA57CA,康寧段三小段,11.71,都市：住,17325,527,持分移轉,00390000
RPSNMLLKKIOFFCA57CA,康寧段三小段,8.85,都市：住,2892,88,持分移轉,00430000
RPSNMLLKKIOFFCA57CA,康寧段三小段,3.99,都市：住,723,22,持分移轉,00430002
RPVNMLMKKIOFFEA18CA,蘭雅段一小段,21.47,都市：住,10000,488,持分移轉,04810000
RPVNMLMKKIOFFEA18CA,蘭雅段一小段,1.71,都市：住,10000,488,持分移轉,04820001
RPVNMLMKKIOFFEA18CA,蘭雅段一小段,1.85,都市：住,10000,488,持分移轉,05040014
RPVNMLMKKIOFFEA18CA,蘭雅段一小段,19.32,都市：住,10000,488,持分移轉,06650000
RPRNMLLKKIOFFBA37CA,延平段二小段,14.48,都市：其他:特定專用區,50000,634,持分移轉,05120000
RPTQMLKKKIOFFCA87CA,吉林段三小段,7.65,都市：商,10000,35,持分移轉,09220000
RPTOMLPLKIOFFAA18DA,福和段一小段,12.43,都市：住,100000,811,持分移轉,03690000
RPTOMLPLKIOFFAA18DA,福和段一小段,2.58,都市：住,100000,811,持分移轉,03690003
RPTOMLPLKIOFFAA18DA,福和段一小段,.04,都市：其他:道路用地(公共設施用地),100000,811,持分移轉,03690005
RPTOMLPLKIOFFAA18DA,福和段二小段,.06,都市：住,100000,811,持分移轉,01030001
RPOOMLKKKIOFFDA37DA,雅祥段四小段,2.68,都市：商,100000,170,持分移轉,02760000
RPOOMLKKKIOFFDA37DA,雅祥段四小段,1.13,都市：住,100000,170,持分移轉,02830000
RPSRMLOLKIOFFCA48DA,東湖段八小段,61.33,都市：住,10000,95,持分移轉,00420000
RPXNMLSKKIOFFBA68CA,漢中段一小段,17.37,都市：商,100000,3036,持分移轉,05300000
RPTNMLLKKIOFFFA97CA,仁愛段一小段,11.36,都市：其他:敦化南北路特定專用區,10000,37,持分移轉,04890000
RPRNMLLKKIOFFFA77CA,通化段五小段,.73,都市：住,10000,272,持分移轉,01710001
RPRNMLLKKIOFFFA77CA,通化段五小段,.46,都市：住,10000,257,持分移轉,01720000
RPRNMLLKKIOFFFA77CA,通化段五小段,1.05,都市：住,10000,257,持分移轉,01720001
RPRNMLLKKIOFFFA77CA,通化段五小段,.08,都市：住,10000,257,持分移轉,01720003
RPRNMLLKKIOFFFA77CA,通化段五小段,.27,都市：住,10000,272,持分移轉,01720004
RPRNMLLKKIOFFFA77CA,通化段五小段,.19,都市：住,10000,272,持分移轉,01720005
RPRNMLLKKIOFFFA77CA,通化段五小段,18.25,都市：住,10000,257,持分移轉,01730000
RPRNMLLKKIOFFFA77CA,通化段五小段,1.62,都市：住,10000,257,持分移轉,01730002
RPRNMLLKKIOFFFA77CA,通化段五小段,.41,都市：住,10000,272,持分移轉,01740000
RPPPMLNKKIOFFDA87DA,虎林段四小段,28.14,都市：住,10000,16,持分移轉,03050000
RPVOMLLKKIOFFFA28CA,大安段三小段,19.94,都市：住,90827,36,持分移轉,02980000
RPUOMLMKKIOFFEA18CA,行義段四小段,10.44,都市：住,10000,218,持分移轉,03670000
RPPOMLMKKIOFFCA47CA,碧湖段三小段,24.27,都市：住,10000,339,持分移轉,02160000
RPUPMLKLKIOFFDA18DA,延吉段三小段,21.38,都市：住,10000,76,持分移轉,02480000
RPSNMLLKKIOFFFA87CA,通化段五小段,16.50,都市：商,4,1,持分移轉,00980000
RPUOMLQKKIOFFBA28CA,大龍段二小段,12.00,都市：住,12,2,持分移轉,03270000
RPTNMLLKKIOFFEA87CA,天母段一小段,23.12,都市：商,100000,3847,持分移轉,01030000
RPXTMLNKKIOFFCA98DA,康寧段三小段,11.79,都市：住,10000,33,持分移轉,05410003
RPQOMLRKKIOFFFA48DA,金華段四小段,11.40,都市：住,10000,59,持分移轉,00240000
RPTPMLRKKIOFFCA48CA,東湖段六小段,39.90,都市：住,19420,399,持分移轉,02100000
RPSOMLRKKIOFFDA38CA,中南段五小段,29.56,都市：住,10000,390,持分移轉,01210000
RPTNMLMJJHPFFBA47CA,漢中段二小段,3.31,都市：商,10000,7,持分移轉,09770000
RPTPMLRJJHPFFCA28CA,中山段二小段,.01,都市：商,100000,3,持分移轉,04650000
RPTPMLRJJHPFFCA28CA,中山段二小段,.06,都市：商,100000,13,持分移轉,04670000
RPVNMLMKKIOFFBA87CA,大龍段二小段,33.12,都市：住,22000,159,持分移轉,02300000
RPVOMLTKKIOFFCA78CA,碧湖段四小段,27.46,都市：住,100000,913,持分移轉,10250000
RPVOMLTKKIOFFCA78CA,碧湖段四小段,16.66,都市：住,100000,913,持分移轉,10250002
RPROMLMKKIOFFCA67CA,文德段二小段,47.78,都市：住,625,21,持分移轉,06470000
RPQNMLMKKIOFFDA57CA,延吉段一小段,.21,都市：商,100000,210,持分移轉,02140000
RPQNMLMKKIOFFDA57CA,延吉段一小段,2.19,都市：商,100000,210,持分移轉,02160000
RPQNMLMKKIOFFDA57CA,延吉段一小段,.17,都市：住,100000,210,持分移轉,02460000
RPVOMLRLKIOFFEA88CA,天山段一小段,29.13,都市：住,10000,296,持分移轉,04430000
RPWNMLMKKIOFFEA28CA,光華段二小段,37.64,都市：住,13000,53,持分移轉,10600000
RPPNMLMKKIOFFEA57CA,立農段二小段,49.25,都市：住,10000,686,持分移轉,01280000
RPUNMLNKKIOFFCA97CA,文德段二小段,34.58,都市：住,16360,97,持分移轉,05550000
RPPQMLTKKIOFFCA38CA,西湖段一小段,19.78,都市：住,10000,279,持分移轉,03780007
RPPQMLTKKIOFFCA38CA,西湖段一小段,.78,都市：住,10000,279,持分移轉,03780012
RPTNMLMKKIOFFAA57CA,河堤段六小段,2.13,都市：住,10000,161,持分移轉,02670000
RPTNMLMKKIOFFAA57CA,河堤段六小段,13.97,都市：商,10000,161,持分移轉,02680000
RPPNMLPKKIOFFCA67CA,碧湖段四小段,26.77,都市：住,10000,77,持分移轉,06760000
RPSOMLMKKIOFFBA67CA,漢中段二小段,15.07,都市：商,100000,532,持分移轉,01880000
RPSOMLMKKIOFFBA67CA,漢中段二小段,.07,都市：其他:道路用地(公共設施用地)【45/5/4】,100000,532,持分移轉,01880001
RPVPMLLKKIOFFDA18CA,延吉段一小段,.20,都市：商,100000,193,持分移轉,02140000
RPVPMLLKKIOFFDA18CA,延吉段一小段,2.01,都市：商,100000,193,持分移轉,02160000
RPVPMLLKKIOFFDA18CA,延吉段一小段,.16,都市：住,100000,193,持分移轉,02460000
RPWPMLNKKIOFFCA38CA,大湖段二小段,14.17,都市：住,100000,808,持分移轉,00630000
RPROMLMKKIOFFAA47CA,南海段二小段,12.02,都市：商,10000,198,持分移轉,00320000
RPPPMLLMKIOFFBA57CA,圓環段三小段,7.00,都市：其他:道路用地,1,1,全筆移轉,02440001
RPVOMLQKKIOFFBA38CA,大龍段二小段,6.00,都市：住,12,1,持分移轉,03270000
RPUNMLMKKIOFFEA08CA,百齡段四小段,34.71,都市：住,10000,143,持分移轉,00400000
RPWOMLQKKIOFFDA68CA,永吉段一小段,18.44,都市：住,100000,1152,持分移轉,01220000
RPVOMLLKKIOFFDA08CA,永春段一小段,22.47,都市：住,10000,108,持分移轉,00190005
RPPNMLTLKIOFFAA08DA,興泰段一小段,207.00,都市：住,1,1,全筆移轉,01290000
RPPNMLKKJHPFFDA17CA,經貿段,55.76,都市：住,10000,452,持分移轉,00290005
RPTNMLMKKIOFFCA77CA,文德段二小段,31.38,都市：住,53492,291,持分移轉,05460006
RPSOMLOLKIOFFAA97DA,南海段一小段,1.97,都市：住,100000,510,持分移轉,05060000
RPTNMLMKKIOFFCA77CA,文德段三小段,7.81,都市：住,53492,291,持分移轉,04430003
RPSOMLOLKIOFFAA97DA,南海段一小段,2.19,都市：商,100000,510,持分移轉,05070000
RPSOMLOLKIOFFAA97DA,南海段一小段,.16,都市：商,100000,510,持分移轉,05190001
RPPOMLQKKIOFFEA18DA,光華段四小段,15.11,都市：商,10000,588,持分移轉,07760000
RPXQMLMKKIOFFCA48CA,德惠段四小段,4.96,都市：商,10000,72,持分移轉,04130000
RPWQMLTKKIOFFCA09CA,東湖段一小段,32.06,都市：住,10000,141,持分移轉,00300000
RPQNMLOKKIOFFCA77DA,金泰段,79.18,都市：住,10000,622,持分移轉,01130000
RPUNMLKLJHPFFDA77CA,美仁段二小段,5.38,都市：商,10000,430,持分移轉,01860000
RPUNMLKLJHPFFDA77CA,美仁段二小段,.60,都市：住,10000,430,持分移轉,01860001
RPORMLKKJHPFFCA37CA,正義段一小段,14.24,都市：商,10000,601,持分移轉,02580000
RPUPMLSKKIOFFCA68CA,東湖段二小段,12.35,都市：商,100000,779,持分移轉,00260001
RPRNMLNKKIOFFDA77CA,西松段一小段,46.95,都市：住,100000,715,持分移轉,00060000
RPOPMLNKKIOFFBA47CA,直興段一小段,22.05,都市：商,10000,248,持分移轉,02680000
RPXOMLQLKIOFFEA98CA,奇岩段一小段,.42,都市：住,100000,3262,持分移轉,01750006
RPXOMLQLKIOFFEA98CA,奇岩段一小段,.07,都市：住,100000,3262,持分移轉,01750010
RPXOMLQLKIOFFEA98CA,奇岩段一小段,.07,都市：住,100000,3262,持分移轉,01750011
RPXOMLQLKIOFFEA98CA,崇仰段二小段,144.11,都市：住,100000,3262,持分移轉,05530000
RPSSMLNKKIOFFCA28CA,吉林段二小段,26.31,都市：商,13000,490,持分移轉,03860000
RPTOMLQKKIOFFEA48CA,三合段,41.18,都市：住,100000,1803,持分移轉,00630000
RPWNMLOKJHPFFBA08CA,橋北段二小段,9.33,都市：其他:聯合開發區,100000,228,持分移轉,06360000
RPWNMLOKJHPFFBA08CA,橋北段二小段,.05,都市：其他:聯合開發區,100000,228,持分移轉,06800010
RPWNMLOKJHPFFBA08CA,橋北段二小段,.01,都市：其他:聯合開發區,100000,228,持分移轉,06800011
RPUQMLMKKIOFFEA38CA,天母段四小段,27.55,都市：住,10000,712,持分移轉,03030000
RPPOMLNKKIOFFCA57CA,北安段三小段,30.99,都市：住,1000,33,持分移轉,08430000
RPVOMLKLJHPFFFA18CA,大安段一小段,29.00,都市：住,4,1,持分移轉,01260000
RPQOMLOLKIOFFCA87CA,吉林段四小段,2.87,都市：商,100000,377,持分移轉,08030000
RPQOMLOLKIOFFCA87CA,吉林段四小段,.34,都市：商,100000,377,持分移轉,08040000
RPSNMLMLKIOFFDA97DA,敦化段五小段,8.63,都市：住,10000,28,持分移轉,00160002
RPUOMLTKKIOFFEA98DA,芝山段二小段,31.97,都市：住,10000,292,持分移轉,05280000
RPXNMLNKKIOFFCA38DA,潭美段五小段,51.53,都市：其他:住商混合,100000,3567,持分移轉,00590000
RPVQMLMKKIOFFEA48CA,振興段三小段,38.87,都市：住,10000,407,持分移轉,03860000
RPXOMLKLJHPFFCA08CA,碧湖段五小段,5.71,都市：住,10000,16,持分移轉,00150000
RPRNMLQKKIOFFBA87CA,玉泉段二小段,100.00,都市：商,1,1,全筆移轉,03050000
RPTPMLNKKIOFFDA18CA,民生段,36.08,都市：住,10000,570,持分移轉,00250022
RPSOMLSKKIOFFBA28CA,玉泉段二小段,.23,都市：商,10000,8,持分移轉,03450000
RPSOMLSKKIOFFBA28CA,玉泉段二小段,.02,都市：商,10000,8,持分移轉,03460000
RPSOMLSKKIOFFBA28CA,玉泉段二小段,.02,都市：商,10000,8,持分移轉,03470000
RPSOMLSKKIOFFBA28CA,玉泉段二小段,.24,都市：商,10000,8,持分移轉,03480000
RPSOMLSKKIOFFBA28CA,玉泉段二小段,.04,都市：商,10000,54,持分移轉,03510000
RPSOMLSKKIOFFBA28CA,玉泉段二小段,.50,都市：商,10000,54,持分移轉,03520000
RPXPMLTJJHPFFBA78CA,玉泉段二小段,49.05,都市：住,22,1,持分移轉,05720000
RPVOMLRKKIOFFFA88CA,仁愛段四小段,33.55,都市：住,10000,464,持分移轉,00070000
RPPOMLQKKIOFFDA08DA,玉成段五小段,1.56,都市：住,81584,376,持分移轉,01750000
RPPOMLQKKIOFFDA08DA,玉成段五小段,31.42,都市：住,81584,376,持分移轉,01750001
RPTOMLQKKIOFFDA38CA,永吉段四小段,2.65,都市：商,10000,15,持分移轉,00910000
RPTOMLQKKIOFFDA38CA,永吉段四小段,2.14,都市：商,10000,15,持分移轉,00930000
RPRNMLPKKIOFFCA87CA,西湖段一小段,37.00,都市：住,2,1,持分移轉,07180000
RPVNMLOLKIOFFCA38DA,正義段四小段,7.81,都市：商,10000,868,持分移轉,02880000
RPVNMLOLKIOFFCA38DA,正義段四小段,1.56,都市：商,10000,868,持分移轉,02880001
RPTOMLQKKIOFFDA38CA,永吉段四小段,1.98,都市：其他:交通用地(公共設施用地)【79/5/24】,10000,15,持分移轉,00930001
RPPOMLKMKIOFFAA37DA,永昌段六小段,12.89,都市：住,10000,449,持分移轉,01110000
RPWNMLRKKIOFFAA48DA,萬慶段一小段,21.98,都市：商,10000,383,持分移轉,02730000
RPRNMLQKKIOFFEA18CA,永新段二小段,25.43,都市：住,10000,293,持分移轉,01310000
RPRNMLQKKIOFFEA18CA,永新段二小段,1.17,都市：住,10000,293,持分移轉,01710001
RPVNMLNKJHPFFCA97CA,石潭段一小段,275.75,都市：其他:公共設施保留地,480,17,持分移轉,01980000
RPQTMLNKKIOFFCA18CA,中山段一小段,7.29,都市：商,100000,405,持分移轉,04080000
RPPSMLNKKIOFFCA97CA,德惠段四小段,3.81,都市：商,10000,57,持分移轉,04200000
RPPPMLNKKIOFFBA57CA,臨沂段一小段,24.02,都市：其他:資訊產業專用區,10000,728,持分移轉,01060000
RPWOMLRKKIOFFBA58CA,橋北段二小段,13.14,都市：其他:聯合開發區(捷),100000,321,持分移轉,06360000
RPWOMLRKKIOFFBA58CA,橋北段二小段,.08,都市：其他:聯合開發區(捷),100000,321,持分移轉,06800010
RPWOMLRKKIOFFBA58CA,橋北段二小段,.02,都市：其他:聯合開發區(捷),100000,321,持分移轉,06800011
RPTOMLRKKIOFFAA18CA,永昌段五小段,7.75,都市：住,4,1,持分移轉,01380000
RPTOMLRKKIOFFAA18CA,永昌段五小段,27.25,都市：住,500,57,持分移轉,01390000
RPVRMLOLKHPFFCA68CA,長安段二小段,35.37,都市：商,100000,2403,持分移轉,07110000
RPUPMLNJJHPFFBA87CA,玉泉段二小段,49.05,都市：住,6600000,300000,持分移轉,05720000
RPOPMLRKKIOFFBA87CA,橋北段二小段,8.35,都市：其他:聯合開發區(捷),100000,204,持分移轉,06360000
RPOPMLRKKIOFFBA87CA,橋北段二小段,.05,都市：其他:聯合開發區(捷),100000,204,持分移轉,06800010
RPXPMLNKKIOFFDA58CA,祥和段三小段,49.64,都市：住,180000,1508,持分移轉,03680000
RPOPMLRKKIOFFBA87CA,橋北段二小段,.01,都市：其他:聯合開發區(捷),100000,204,持分移轉,06800011
RPWNMLLKJHPFFCA87CA,北安段一小段,5.48,都市：住,10000,80,持分移轉,00010007
RPWNMLLKJHPFFCA87CA,北安段一小段,.70,都市：住,10000,80,持分移轉,00010013
RPUOMLLLJHPFFBA77CA,華江段二小段,108.00,都市：住,1,1,全筆移轉,00300000
RPPNMLQLKIOFFCA97DA,榮星段五小段,42.50,都市：住,16,4,持分移轉,01240000
RPWNMLPLKIOFFCA48CA,吉林段三小段,2.82,都市：商,90000,36,持分移轉,09210000
RPTPMLQKKIOFFAA18CA,南海段二小段,.97,都市：商,10000,102,持分移轉,01720000
RPTPMLQKKIOFFAA18CA,南海段二小段,4.75,都市：商,10000,102,持分移轉,02050000
RPTPMLKLJHPFFCA77CA,東湖段五小段,19.29,都市：住,100000,1875,持分移轉,03520000
RPVPMLMJJHPFFCA97CA,吉林段四小段,9.39,都市：商,1000000,5578,持分移轉,06420000
RPWNMLTKKIOFFBA68CA,延平段二小段,16.49,都市：其他:特定專用區,100000,3730,持分移轉,00280000
RPUOMLRKKIOFFCA48CA,潭美段五小段,56.97,都市：住,100000,2595,持分移轉,01550000
RPQNMLKKJHPFFAA96CA,河堤段五小段,12.11,都市：商,10000,129,持分移轉,02960000
RPQNMLKKJHPFFAA96CA,河堤段五小段,.61,都市：住,10000,129,持分移轉,03030000
RPTNMLOLKIOFFBA97CA,橋北段二小段,13.67,都市：其他:聯合開發區(捷),100000,334,持分移轉,06360000
RPTNMLOLKIOFFBA97CA,橋北段二小段,.08,都市：其他:聯合開發區(捷),100000,334,持分移轉,06800010
RPTNMLOLKIOFFBA97CA,橋北段二小段,.02,都市：其他:聯合開發區(捷),100000,334,持分移轉,06800011
RPSNMLPKRHPFFCA68CA,西湖段二小段,23.25,都市：住,20,1,持分移轉,04860000
RPSNMLPKRHPFFCA68CA,西湖段二小段,1.35,都市：其他:道路用地,20,1,持分移轉,04860001
RPQNMLTKKIOFFFA48CA,金華段二小段,34.20,都市：商,100000,1182,持分移轉,09630000
RPVPMLOLKIOFFEA68CA,福林段三小段,5.35,都市：住,10000,119,持分移轉,08140000
RPVPMLOLKIOFFEA68CA,福林段三小段,12.93,都市：住,10000,119,持分移轉,08150000
RPQOMLQKKIOFFDA08CA,寶清段一小段,9.76,都市：商,100000,1933,持分移轉,06290000
RPRNMLRKKIOFFEA28CA,三玉段五小段,14.41,都市：住,10000,302,持分移轉,02140000
RPTOMLTKKIOFFDA68CA,南港段四小段,22.93,都市：住,55,1,持分移轉,01880000
RPTOMLTKKIOFFDA68CA,南港段四小段,.55,都市：其他:道路用地,55,1,持分移轉,01880001
RPTOMLTKKIOFFDA68CA,南港段四小段,.04,都市：其他:道路用地,55,1,持分移轉,01880002
RPTOMLTKKIOFFDA68CA,南港段四小段,.29,都市：住,55,1,持分移轉,01890000
RPTOMLTKKIOFFDA68CA,南港段四小段,.82,都市：其他:道路用地,55,1,持分移轉,01890001
RPSNMLOLKIOFFBA87CA,橋北段二小段,10.81,都市：其他:聯合開發區(捷),100000,264,持分移轉,06360000
RPSNMLOLKIOFFBA87CA,橋北段二小段,.06,都市：其他:聯合開發區(捷),100000,264,持分移轉,06800010
RPSNMLOLKIOFFBA87CA,橋北段二小段,.01,都市：其他:聯合開發區(捷),100000,264,持分移轉,06800011
RPRNMLTKKIOFFFA58CA,金華段二小段,33.70,都市：商,100000,1165,持分移轉,09630000
RPXQMLOKJHPFFCA58CA,北安段三小段,27.88,都市：住,10000,83,持分移轉,06070000
RPTPMLRKKIOFFBA38CA,萬華段一小段,25.12,都市：商,8,1,持分移轉,04920000
RPQOMLTKKIOFFAA08CA,南海段三小段,8.52,都市：商,10000,154,持分移轉,01570000
RPTPMLRKKIOFFBA38CA,萬華段一小段,4.00,都市：商,8,1,持分移轉,04990000
RPQOMLTKKIOFFAA08CA,南海段三小段,1.03,都市：住,10000,154,持分移轉,01580001
RPXOMLSKKIOFFBA78CA,萬大段二小段,37.48,都市：住,10000,357,持分移轉,04580000
RPWNMLSKKIOFFEA88CA,天母段一小段,37.45,都市：住,10000,564,持分移轉,02060000
RPRNMLSKKIOFFCA18CA,吉林段四小段,13.52,都市：住,10000,406,持分移轉,03990000
RPQQMLLMKIOFFCA87CA,中山段三小段,15.61,都市：商,10000,157,持分移轉,00160000
RPXPMLNLKIOFFCA68DA,康寧段二小段,12.82,都市：住,10000,53,持分移轉,02140003
RPXPMLNLKIOFFCA68DA,康寧段二小段,.01,都市：其他:道路用地,10000,53,持分移轉,02140007
RPXPMLNLKIOFFCA68DA,康寧段二小段,12.57,都市：住,10000,53,持分移轉,02140008
RPXNMLNKJHPFFCA18CA,榮星段四小段,19.58,都市：其他:公共設施保留地,40,3,持分移轉,01640000
RPVNMLLMKIOFFDA18CA,犂和段二小段,9.13,都市：住,37500,602,持分移轉,03480000
RPXNMLKLKIOFFBA97CA,萬華段一小段,25.64,都市：商,10000,875,持分移轉,04680000
RPOPMLKLKIOFFBA27CA,延平段二小段,.18,都市：其他:特定專用區供河濱住宅使用,100000,10,持分移轉,02190000
RPPOMLRJJHPFFAA57CA,木柵段二小段,27.01,都市：住,10000,408,持分移轉,05560000
RPOPMLKLKIOFFBA27CA,延平段二小段,.05,都市：其他:特定專用區供河濱住宅使用,100000,10,持分移轉,02300000
RPWQMLRKKIOFFCA88CA,長春段三小段,16.86,都市：商,10000,162,持分移轉,00470000
RPWQMLRKKIOFFCA88CA,長春段三小段,1.17,都市：商,10000,162,持分移轉,00470001
RPSNMLTKKIOFFAA18CA,興安段一小段,17.51,都市：住,10000,157,持分移轉,04110003
RPPNMLLKJHPFFCA17CA,吉林段二小段,24.04,都市：住,10000,550,持分移轉,08200000
RPWOMLKLKIOFFBA97CA,延平段二小段,29.11,都市：其他:特定專用區供河濱住宅使用,100000,1577,持分移轉,02190000
RPWOMLKLKIOFFBA97CA,延平段二小段,7.84,都市：其他:其他 特定專用區供河濱住宅使用,100000,1577,持分移轉,02300000
RPXPMLTKKIOFFDA56CA,雅祥段四小段,14.89,都市：住,70000,870,持分移轉,02680000
RPXPMLTKKIOFFDA56CA,雅祥段四小段,5.17,都市：住,70000,870,持分移轉,02680003
RPWNMLTKKIOFFAA58CA,南海段二小段,1.39,都市：商,10000,146,持分移轉,01720000
RPWNMLTKKIOFFAA58CA,南海段二小段,6.80,都市：商,10000,146,持分移轉,02050000
RPUPMLSKKIOFFDA78CA,永吉段三小段,54.00,都市：住,1,1,全筆移轉,02960000
RPQNMLQLKIOFFDA08CA,永吉段二小段,39.63,都市：住,540,3,持分移轉,00350000
RPWNMLRLKIOFFDA78CA,永吉段二小段,4.25,都市：商,10000,31,持分移轉,00050000
RPWNMLRLKIOFFDA78CA,永吉段二小段,6.95,都市：商,10000,31,持分移轉,00120000
RPWNMLRLKIOFFDA78CA,永吉段二小段,4.48,都市：住,10000,31,持分移轉,00120001
RPXNMLTKKIOFFAA68CA,南海段二小段,1.19,都市：商,10000,125,持分移轉,01720000
RPPPMLOLKIOFFEA18DA,天山段二小段,.67,都市：住,9000,106,持分移轉,04450000
RPPPMLOLKIOFFEA18DA,天山段二小段,21.46,都市：住,1000,53,持分移轉,04470000
RPXNMLTKKIOFFAA68CA,南海段二小段,5.82,都市：商,10000,125,持分移轉,02050000
RPPNMLLLKIOFFCA47DA,吉林段四小段,.89,都市：住,100000,1150,持分移轉,03140000
RPPNMLLLKIOFFCA47DA,吉林段四小段,17.05,都市：住,100000,1150,持分移轉,03150000
RPUOMLNLKIOFFCA18CA,中山段四小段,7.28,都市：住,10000,1278,持分移轉,03940000
RPUOMLNLKIOFFCA18CA,中山段四小段,10.22,都市：商,10000,1278,持分移轉,03940001
RPRNMLKLKIOFFBA37CA,福星段二小段,88.00,都市：商,1,1,全筆移轉,07040000
RPRNMLKLKIOFFBA37CA,福星段二小段,20.00,都市：商,1,1,全筆移轉,07030000
RPTOMLTKKIOFFAA38CA,木柵段三小段,46.15,都市：住,10000,268,持分移轉,05090000
RPQPMLKLKIOFFCA57CA,潭美段四小段,34.75,都市：住,4,1,持分移轉,00870000
RPWOMLTKKIOFFBA78CA,臨沂段一小段,10.30,都市：商,100000,2853,持分移轉,02500000
RPWOMLTKKIOFFBA78CA,臨沂段一小段,2.65,都市：商,100000,2853,持分移轉,02690002
RPPPMLOLKIOFFBA77CA,青年段一小段,35.90,都市：住,17100,359,持分移轉,01510014
RPXPMLSKKIOFFDA09CA,南港段四小段,27.81,都市：住,10000,482,持分移轉,01200008
RPPOMLPLKIOFFFA18CA,金華段二小段,38.33,都市：商,4000,53,持分移轉,09630000
RPROMLMJJHPFFAA37DA,實踐段二小段,53.38,都市：住,10000,321,持分移轉,02870000
RPOQMLSKKIOFFDA28CA,南港段四小段,18.43,都市：住,10000,84,持分移轉,02360000
RPVNMLNLKIOFFEA38CA,三玉段四小段,34.30,都市：住,10000,372,持分移轉,02710000
RPVNMLTKKIOFFEA88CA,福林段二小段,66.84,都市：住,100000,450,持分移轉,05940000
RPQNMLTKKIOFFAA97CA,河堤段五小段,17.17,都市：其他:第三種住宅區。,6,1,持分移轉,00320000
RPQRMLTKKIOFFCA58CA,北安段三小段,17.18,都市：商,10000,323,持分移轉,01140000
RPOPMLTKKIOFFBA08CA,大同段二小段,27.50,都市：住,4,1,持分移轉,06450000
RPRRMLTKKIOFFCA68CA,中山段一小段,9.84,都市：商,10000,344,持分移轉,09300000
RPXOMLNLKIOFFCA48CA,石潭段四小段,66.43,都市：住,100000,6657,持分移轉,00150000
RPSNMLRLKIOFFBA18CA,中正段二小段,.50,都市：住,100000,112,持分移轉,01330000
RPSNMLRLKIOFFBA18CA,中正段二小段,.67,都市：商,100000,112,持分移轉,01360000
RPPOMLLLJHPFFBA27CA,市府段三小段,32.90,都市：商,100,35,持分移轉,04750000
RPPOMLLLJHPFFBA27CA,市府段三小段,5.60,都市：商,100,35,持分移轉,04740000
RPXOMLPKJHPFFBA38CA,大同段一小段,17.83,都市：住,8680,36,持分移轉,04470000
RPWNMLQKJHPFFBA28CA,華江段二小段,61.00,都市：住,1,1,全筆移轉,05580000
RPQQMLTKKIOFFDA58CA,吳興段二小段,27.05,都市：住,1000,50,持分移轉,06830000
RPXNMLKLKIOFFEA28CA,文林段五小段,50.00,都市：住,3,1,持分移轉,01970000
RPROMLNLKIOFFDA08DA,吳興段一小段,2.00,都市：住,1,1,全筆移轉,03820001
RPRNMLNLKIOFFBA67CA,橋北段二小段,8.43,都市：其他:聯合開發區(捷),100000,206,持分移轉,06360000
RPRNMLNLKIOFFBA67CA,橋北段二小段,.05,都市：其他:聯合開發區(捷),100000,206,持分移轉,06800010
RPRNMLNLKIOFFBA67CA,橋北段二小段,.01,都市：其他:聯合開發區(捷),100000,206,持分移轉,06800011
RPVNMLLLKHPFFEA18CA,奇岩段三小段,123.00,都市：住,1,1,全筆移轉,04580000
RPRNMLKLKIOFFAA27CA,木柵段四小段,40.29,都市：住,10000,142,持分移轉,07470000
RPVOMLTKKIOFFFA09CA,通化段三小段,5.76,都市：商,10000,37,持分移轉,00050000
RPVOMLTKKIOFFFA09CA,通化段三小段,.01,都市：住,10000,29,持分移轉,00050001
RPQPMLTKKIOFFEA58CA,天母段三小段,30.07,都市：商,10000,158,持分移轉,02870000
RPVOMLTKKIOFFFA09CA,通化段三小段,.19,都市：住,10000,29,持分移轉,00050002
RPSNMLMJJHPFFAA27CA,實踐段三小段,54.13,都市：住,10000,348,持分移轉,07480000
RPWNMLOLKIOFFBA38DA,迪化段二小段,8.75,都市：其他:特定專用區(供一般商業使用)。,10000,61,持分移轉,00700000
RPQOMLKLKIOFFAA27CA,政大段三小段,8.17,都市：住,10000,323,持分移轉,03450000
RPQOMLKLKIOFFAA27CA,政大段三小段,34.24,都市：住,10000,323,持分移轉,03450001
RPTOMLKMKIOFFBA77CA,中正段二小段,11.02,都市：住,100000,2471,持分移轉,01330000
RPTOMLKMKIOFFBA77CA,中正段二小段,14.73,都市：商,100000,2471,持分移轉,01360000
RPVQMLOLKIOFFCA58CA,舊宗段,81.58,都市：其他:科技工業區(C區，不得作住宅使用)。,100000,989,持分移轉,00930000
RPSOMLNLKIOFFDA08CA,民生段,14.00,都市：其他:住宅用地及道路用地,10000,128,持分移轉,00590043
RPTNMLRLKIOFFEA58CA,行義段四小段,9.82,都市：住,10000,205,持分移轉,03670000
RPPNMLNLKIOFFDA67CA,吳興段二小段,6.54,都市：住,100000,1673,持分移轉,07900006
RPPNMLNLKIOFFDA67CA,吳興段二小段,6.54,都市：住,100000,1673,持分移轉,07900014
RPPNMLNLKIOFFDA67CA,吳興段二小段,6.54,都市：住,100000,1673,持分移轉,07900015
RPPNMLNLKIOFFDA67CA,吳興段二小段,6.54,都市：住,100000,1673,持分移轉,07900016
RPVNMLOLKIOFFAA08CA,南海段一小段,13.44,都市：住,87356,75,持分移轉,00840000
RPXOMLKMKIOFFDA48DA,向陽段,21.32,都市：住,6100,72,持分移轉,00270001
RPPNMLMKJHPFFDA37CA,西松段一小段,26.36,都市：住,10000,224,持分移轉,00440021
RPPOMLNLKIOFFDA77CA,民生段,42.73,都市：住,1000,14,持分移轉,01050000
RPRNMLRKJHPFFBA87CA,延平段二小段,23.04,都市：其他:特定專用區(四),10000,1388,持分移轉,02660000
RPRNMLKKJHPFFAA07CA,河堤段五小段,10.33,都市：商,10000,110,持分移轉,02960000
RPRNMLKKJHPFFAA07CA,河堤段五小段,.52,都市：住,10000,110,持分移轉,03030000
RPQNMLSLKIOFFCA18CA,西湖段一小段,92.83,都市：住,5300000,110757,持分移轉,06260000
RPQNMLSLKIOFFCA18CA,碧湖段四小段,3.13,都市：住,5300000,110757,持分移轉,10910000
RPPRMLKLKIOFFCA67CA,吉林段三小段,.01,都市：其他:道路用地(公共設施用地),90000,36,持分移轉,09210006
RPTNMLOLKIOFFDA18CA,虎林段四小段,27.00,都市：商,100000,3226,持分移轉,00970000
RPPRMLKLKIOFFCA67CA,吉林段三小段,2.82,都市：商,90000,36,持分移轉,09210000
RPPRMLKLKIOFFCA67CA,吉林段三小段,.00,都市：其他:道路用地(公共設施用地),90000,36,持分移轉,09210007
RPXNMLOKJHPFFFA58CA,通化段三小段,23.40,都市：住,10,1,持分移轉,08700000
RPTPMLNLKIOFFBA08CA,橋北段一小段,4.67,都市：住,3,1,持分移轉,06920000
RPTPMLNLKIOFFBA08CA,橋北段一小段,15.33,都市：住,3,1,持分移轉,06920001
RPPRMLOLKIOFFCA08CA,長安段三小段,24.56,都市：住,160,10,持分移轉,05540000
RPROMLRKJHPFFAA87CA,萬慶段一小段,48.92,都市：住,10000,364,持分移轉,01370000
RPWNMLLJJHPFFCA87DA,中山段二小段,15.35,都市：商,100000,1933,持分移轉,02080000
RPXNMLPLKIOFFDA68CA,永春段三小段,36.80,都市：住,5,1,持分移轉,04510000
RPXPMLLMKIOFFDA68DA,寶清段七小段,5.80,都市：商,10000,33,持分移轉,07080000
RPPNMLRJJHPFFDA87DA,玉成段三小段,17.41,都市：商,10000,209,持分移轉,08010000
RPXNMLNKJHPFFEA38CA,三合段,90.90,都市：住,1000000000,152370038,持分移轉,00350000
RPVTMLRLKIOFFCA66DA,舊宗段,34.74,都市：商,10000,173,持分移轉,01030003
RPQNMLOJJHPFFDA57CA,福德段一小段,25.75,都市：住,4,1,持分移轉,00930000
RPVNMLQLKIOFFEA78DA,行義段三小段,49.61,都市：住,10,1,持分移轉,04360000
RPQNMLPLKIOFFAA67CA,福和段二小段,15.76,都市：住,1000000000,5240000,持分移轉,06990000
RPRPMLPLKIOFFDA28CA,西松段一小段,30.40,都市：住,5,1,持分移轉,07240000
RPXOMLOLKIOFFFA88CA,辛亥段六小段,37.25,都市：住,4,1,持分移轉,00370021
RPOOMLMJJHPFFBA07CA,成功段二小段,5.03,都市：商,10000,207,持分移轉,00070000
RPPNMLLMKIOFFDA67DA,美仁段二小段,36.50,都市：住,4,1,持分移轉,04210000
RPPOMLKKJHPFFEA37CA,溫泉段四小段,21.92,都市：商,10000,390,持分移轉,00280000
RPXNMLNJJHPFFCA08CA,吉林段四小段,14.68,都市：商,1000000,8723,持分移轉,06420000
RPVOMLOLKIOFFFA68CA,學府段二小段,25.01,都市：住,10000,1563,持分移轉,02610000
RPQQMLQKJHPFFCA08CA,吉林段二小段,20.88,都市：住,100000,11350,持分移轉,00720000
RPVNMLPLKIOFFFA68CA,金華段三小段,1.16,都市：住,10000,643,持分移轉,03830013
RPVNMLPLKIOFFFA68CA,金華段三小段,.26,都市：住,10000,643,持分移轉,03830014
RPVNMLPLKIOFFFA68CA,金華段三小段,49.64,都市：住,10000,643,持分移轉,03830004
RPQNMLPLKIOFFCA87CA,文德段二小段,40.46,都市：住,32800,328,持分移轉,05180000
RPUPMLNJJHPFFCA97CA,吉林段四小段,10.62,都市：商,1000000,6313,持分移轉,06420000
RPTPMLNJJHPFFCA87CA,吉林段四小段,10.10,都市：商,1000000,6004,持分移轉,06420000
RPTVMLTJJHPFFCA56DA,德惠段三小段,26.50,都市：住,32,1,持分移轉,06910000
RPPNMLTJJHPFFEA08CA,至善段六小段,30.02,都市：商,100000,255,持分移轉,00040000
RPPNMLTJJHPFFEA08CA,至善段六小段,2.11,都市：商,100000,285,持分移轉,00110000
RPPNMLTJJHPFFEA08CA,至善段六小段,.00,都市：商,100000,285,持分移轉,00300000
RPQNMLTJJHPFFEA18CA,至善段六小段,30.14,都市：商,100000,256,持分移轉,00040000
RPTQMLPLKIOFFDA58CA,吳興段三小段,21.41,都市：住,10000,213,持分移轉,00110000
RPQNMLTJJHPFFEA18CA,至善段六小段,2.12,都市：商,100000,286,持分移轉,00110000
RPTQMLPLKIOFFDA58CA,吳興段三小段,14.02,都市：住,10000,213,持分移轉,00250000
RPRNMLSLKIOFFDA38CA,犂和段三小段,19.30,都市：住,100000,957,持分移轉,01970000
RPQNMLTJJHPFFEA18CA,至善段六小段,.00,都市：商,100000,286,持分移轉,00300000
RPTQMLPLKIOFFDA58CA,吳興段三小段,.40,都市：住,10000,213,持分移轉,00280000
RPTQMLPLKIOFFDA58CA,吳興段三小段,28.07,都市：住,10000,213,持分移轉,00290000
RPRNMLSLKIOFFDA38CA,犂和段三小段,.03,都市：住,45252,10,持分移轉,02660000
RPRNMLSLKIOFFDA38CA,犂和段三小段,.04,都市：住,42076,10,持分移轉,02700000
RPWPMLPLKIOFFCA68CA,西湖段一小段,36.35,都市：住,10000,156,持分移轉,03560000
RPWPMLPLKIOFFCA68CA,西湖段一小段,1.15,都市：其他:道路用地(公共設施用地),10000,156,持分移轉,03560002
RPRNMLQLKIOFFBA08DA,成功段一小段,18.52,都市：商,10000,104,持分移轉,02090000
RPRNMLQLKIOFFBA08DA,成功段一小段,.00,都市：商,10000,104,持分移轉,02090002
RPQNMLQLKIOFFBA97DA,成功段一小段,21.02,都市：商,10000,118,持分移轉,02090000
RPQNMLQLKIOFFBA97DA,成功段一小段,.01,都市：商,10000,118,持分移轉,02090002
RPUNMLQLKIOFFDA48CA,雅祥段四小段,27.07,都市：住,35000,953,持分移轉,05530000
RPUNMLQLKIOFFDA48CA,雅祥段四小段,6.77,都市：住,10000,146,持分移轉,05950000
RPOPMLRLKIOFFCA08CA,潭美段五小段,.22,都市：住,100000,10,持分移轉,01550000
RPPOMLQLKIOFFEA18CA,蘭雅段二小段,16.43,都市：商,25304,99,持分移轉,03230000
RPSNMLKKJHPFFAA17CA,河堤段五小段,12.11,都市：商,10000,129,持分移轉,02960000
RPSNMLKKJHPFFAA17CA,河堤段五小段,.61,都市：住,10000,129,持分移轉,03030000
RPUNMLMLJHPFFBA77CA,青年段一小段,16.20,都市：住,10,3,持分移轉,06380000
RPPPMLKMKIOFFBA47CA,華江段三小段,25.25,都市：住,4,1,持分移轉,06450000
RPPNMLRLKIOFFAA77CA,永昌段三小段,31.60,都市：住,5,1,持分移轉,02000000
RPUNMLMLJHPFFBA77CA,青年段一小段,20.40,都市：住,10,3,持分移轉,06390000
RPPNMLSJJHPFFAA57CA,博嘉段三小段,495.00,都市：住,1,1,全筆移轉,07010000
RPPNMLSJJHPFFAA57CA,博嘉段三小段,11.00,都市：住,1,1,全筆移轉,07170000
RPPNMLSJJHPFFAA57CA,博嘉段三小段,10.00,都市：住,1,1,全筆移轉,07180000
RPOQMLKLJHPFFCA37CA,東湖段三小段,37.91,都市：住,10000,270,持分移轉,00170000
RPPNMLTLKIOFFCA28DA,東湖段五小段,22.14,都市：住,10000,37,持分移轉,02340000
RPOQMLKLJHPFFCA37CA,東湖段三小段,.08,都市：其他:道路用地(公共設施用地),10000,270,持分移轉,00170012
RPQNMLRLKIOFFDA18CA,犂和段二小段,13.67,都市：住,10000,340,持分移轉,02600000
RPWNMLQJJHPFFEA48CA,三合段,60.26,都市：住,100000,3624,持分移轉,00210000
RPVPMLLMKIOFFDA48DA,信義段五小段,53.39,都市：住,10000,89,持分移轉,00070000
RPUUMLTJJHPFFCA09CA,榮星段二小段,39.00,都市：商,4,1,持分移轉,06510000
RPPNMLPJJHPFFBA47DA,臨沂段二小段,32.00,都市：住,10000,1250,持分移轉,01680000
RPTOMLLMKIOFFAA77CA,萬芳段二小段,22.49,都市：住,10000,83,持分移轉,01790000
RPOOMLKLJHPFFAA96CA,公訓段二小段,9.11,都市：商,100000,824,持分移轉,04310000
RPOOMLKLJHPFFAA96CA,公訓段二小段,.20,都市：商,100000,824,持分移轉,04320001
RPQQMLKLJHPFFCA57CA,東湖段三小段,36.50,都市：住,10000,260,持分移轉,00170000
RPQQMLKLJHPFFCA57CA,東湖段三小段,.08,都市：其他:道路用地(公共設施用地),10000,260,持分移轉,00170012
RPXNMLMLJHPFFBA08CA,大龍段一小段,19.32,都市：住,100000,2706,持分移轉,01960000
RPXNMLQJJHPFFEA58CA,三合段,56.26,都市：住,100000,3383,持分移轉,00210000
RPOOMLQJJHPFFEA77CA,三合段,60.43,都市：住,100000,3634,持分移轉,00210000
RPRPMLQKJHPFFEA38DA,永平段四小段,99.12,都市：工,1,1,全筆移轉,05390000
RPRPMLQKJHPFFEA38DA,永平段四小段,21.00,都市：工,1,1,全筆移轉,05400000
RPUNMLLMKIOFFEA18CA,軟橋段,2508.50,都市：工,100000,91087,持分移轉,00510000
RPVOMLRJJHPFFAA18CA,萬慶段二小段,40.75,都市：住,4,1,持分移轉,04780000
RPROMLQJJHPFFEA08CA,三合段,56.26,都市：住,100000,3383,持分移轉,00210000
RPTQMLRJJHPFFCA38CA,北安段三小段,70.85,都市：住,12500,443,持分移轉,06680000
RPSOMLKMKIOFFCA77CA,碧湖段四小段,39.35,都市：住,34,3,持分移轉,01960000
RPVPMLRLKIOFFEA98CA,洲美段二小段,174.61,都市：農,1,1,全筆移轉,02390009
RPVPMLRLKIOFFEA98CA,洲美段二小段,174.61,都市：農,1,1,全筆移轉,02390010
RPVPMLRLKIOFFEA98CA,洲美段二小段,174.61,都市：農,1,1,全筆移轉,02390008
RPPNMLKLJHPFFCA17CA,碧湖段二小段,38.71,都市：住,10000,606,持分移轉,00170000
RPRNMLMJJHPFFBA27CA,萬大段二小段,19.09,都市：商,100000,457,持分移轉,06020000
RPPNMLKLJHPFFCA17CA,碧湖段二小段,2.13,都市：住,10000,606,持分移轉,00200001
RPSTMLKLJHPFFCA08CA,康寧段二小段,24.98,都市：住,10000,276,持分移轉,01780000
RPSPMLRLKIOFFDA58CA,福德段四小段,33.28,都市：住,10000,832,持分移轉,01260000
RPSNMLLMKIOFFEA97CA,八仙段一小段,36.12,都市：農,212150,1806,持分移轉,02670000
RPSNMLLMKIOFFEA97CA,八仙段一小段,982.00,都市：農,5,2,持分移轉,02690000
RPSNMLLMKIOFFEA97CA,八仙段一小段,146.40,都市：農,5,2,持分移轉,03320000
RPPQMLMJJHPFFCA57DA,東湖段六小段,12.16,都市：住,10000,52,持分移轉,01350000
RPOOMLRLKIOFFFA38DA,金華段三小段,28.65,都市：商,100000,3935,持分移轉,00830000
RPUPMLKMKIOFFCA08CA,康寧段三小段,31.11,都市：其他:交通用地,100000,381,持分移轉,01990000
RPOOMLRLKIOFFFA38DA,金華段三小段,10.07,都市：商,100000,3935,持分移轉,00830001
RPXNMLTJJHPFFBA58CA,雙連段二小段,16.40,都市：商,10000,1000,持分移轉,00530000
RPQNMLNJJHPFFAA17CA,興安段二小段,5.74,都市：商,10000,180,持分移轉,00460000
RPQNMLNJJHPFFAA17CA,興安段二小段,.43,都市：商,10000,180,持分移轉,00460001
RPQNMLNJJHPFFAA17CA,興安段二小段,17.80,都市：商,10000,180,持分移轉,00720000
RPQNMLNJJHPFFAA17CA,興安段二小段,.09,都市：商,10000,180,持分移轉,00720001
RPTPMLOKJHPFFDA18CA,新光段三小段,21.25,都市：住,4,1,持分移轉,04300000
RPSNMLLMKIOFFCA77CA,文德段二小段,34.84,都市：住,63468,291,持分移轉,05210000
RPSNMLLMKIOFFCA77CA,文德段三小段,2.24,都市：住,63468,291,持分移轉,04430001
RPSPMLLMKIOFFCA97CA,金泰段,153.63,都市：住,10000,182,持分移轉,01400000
RPSPMLLMKIOFFCA97CA,金泰段,9.26,都市：住,10000,200,持分移轉,01400008
RPUNMLKMJHPFFEA97CA,海光段三小段,42.25,都市：住,4,1,持分移轉,06180000
RPPNMLNKJHPFFEA67DA,振興段三小段,24.80,都市：住,5,1,持分移轉,01890000
RPPPMLNJJHPFFDA57CA,虎林段四小段,28.50,都市：住,4,1,持分移轉,07170000
RPWOMLPKJHPFFEA58CA,三玉段五小段,43.45,都市：住,100000,1668,持分移轉,05430000
RPTOMLPKJHPFFBA97CA,延平段一小段,.42,都市：商,10000,76,持分移轉,07520000
RPTOMLPKJHPFFBA97CA,延平段一小段,.41,都市：其他:特定專用區,10000,76,持分移轉,07560000
RPTOMLPKJHPFFBA97CA,延平段一小段,6.48,都市：其他:特定專用區及商三,10000,76,持分移轉,07570000
RPQRMLKMKIOFFCA87CA,潭美段三小段,31.50,都市：工,4,1,持分移轉,01410000
RPWNMLKMKIOFFFA38CA,復興段三小段,3.88,都市：其他:敦化南北路定專用區,6524,14,持分移轉,00060000
RPXPMLMJJHPFFCA18CA,中山段三小段,41.12,都市：商,1568,196,持分移轉,06480000
RPWNMLKMKIOFFFA38CA,復興段三小段,.64,都市：其他:敦化南北路定專用區,6524,14,持分移轉,00060001
RPPOMLLMKIOFFDA67CA,民生段,15.16,都市：商,10000,83,持分移轉,00600005
RPVNMLLJJHPFFCA77DA,西湖段二小段,21.32,都市：住,10000,195,持分移轉,03270000
RPWOMLLMJHPFFDA38DA,虎林段三小段,28.00,都市：商,4,1,持分移轉,01160000
RPORMLNJJHPFFCA57CA,碧湖段三小段,26.03,都市：商,10000,163,持分移轉,07150000
RPXOMLMLJHPFFDA38CA,犂和段二小段,1.10,都市：住,20,1,持分移轉,03580002
RPXOMLMLJHPFFDA38CA,犂和段二小段,.75,都市：住,20,1,持分移轉,03480002
RPXOMLMLJHPFFDA38CA,犂和段二小段,5.80,都市：住,20,1,持分移轉,03500000
RPXOMLMLJHPFFDA38CA,犂和段二小段,9.20,都市：住,20,1,持分移轉,03520000
RPXOMLMLJHPFFDA38CA,犂和段二小段,24.25,都市：住,20,1,持分移轉,03580000
RPXOMLMLJHPFFDA38CA,犂和段二小段,51.75,都市：住,20,1,持分移轉,03140002
RPXOMLMLJHPFFDA38CA,犂和段二小段,61.60,都市：住,20,1,持分移轉,03150000
RPXOMLMLJHPFFDA38CA,犂和段二小段,28.45,都市：住,20,1,持分移轉,03480000
RPXOMLMLJHPFFDA38CA,犂和段二小段,.05,都市：住,20,1,持分移轉,03480001
RPWQMLNJJHPFFCA28CA,碧湖段三小段,24.43,都市：商,10000,153,持分移轉,07150000
RPUOMLMLJHPFFEA18CA,三合段,35.18,都市：住,100000,1540,持分移轉,00630000
SPXOMLMLJHPFFDA48CA,犂和段二小段,.85,都市：其他:道路用地(公共設施用地),20,1,持分移轉,03480003
RPQNMLOJJHPFFCA57DA,碧湖段二小段,11.74,都市：住,10000,200,持分移轉,05180000
SPXOMLMLJHPFFDA48CA,犂和段二小段,3.50,都市：其他:道路用地(公共設施用地),20,1,持分移轉,03150001
RPQNMLOJJHPFFCA57DA,碧湖段二小段,12.54,都市：住,10000,200,持分移轉,05190008
RPQNMLOJJHPFFCA57DA,碧湖段二小段,.30,都市：住,10000,200,持分移轉,05190017
SPXOMLMLJHPFFDA48CA,犂和段二小段,40.35,都市：其他:保護區,20,1,持分移轉,03140000
SPXOMLMLJHPFFDA48CA,犂和段二小段,11.55,都市：其他:道路用地(公共設施用地),20,1,持分移轉,03140001
SPXOMLMLJHPFFDA48CA,犂和段二小段,40.65,都市：其他:保護區,20,1,持分移轉,03140003
SPXOMLMLJHPFFDA48CA,犂和段二小段,3.65,都市：其他:道路用地(公共設施用地),20,1,持分移轉,03030001
SPXOMLMLJHPFFDA48CA,犂和段二小段,1.00,都市：其他:道路用地(公共設施用地),20,1,持分移轉,03030002
SPXOMLMLJHPFFDA48CA,犂和段二小段,.90,都市：其他:道路用地(公共設施用地),20,1,持分移轉,03150002
SPXOMLMLJHPFFDA48CA,犂和段二小段,1.50,都市：其他:道路用地(公共設施用地),20,1,持分移轉,03580003
RPSNMLQJJHPFFCA87CA,吉林段四小段,8.30,都市：商,10000,186,持分移轉,04380000
RPROMLMLJHPFFEA87CA,三合段,39.58,都市：住,100000,1733,持分移轉,00630000
RPVPMLTJJHPFFBA58CA,橋北段二小段,125.00,都市：住,1,1,全筆移轉,06000000
RPVPMLTJJHPFFBA58CA,橋北段二小段,12.00,都市：住,1,1,全筆移轉,06010001
RPRPMLRJJHPFFBA08DA,延平段二小段,.88,都市：其他:特定專用區(供特定商業使用)。,100,1,持分移轉,08360000
RPUNMLLLJHPFFBA67CA,大龍段一小段,19.56,都市：住,100000,2739,持分移轉,01960000
RPXNMLLKJHPFFCA08DA,舊宗段,44.97,都市：商,10000,195,持分移轉,01030001
RPPRMLTJJHPFFBA28DA,龍山段一小段,22.07,都市：商,10000,712,持分移轉,03890000
RPWPMLKLJHPFFEA28CA,開明段二小段,12.94,都市：其他:特定觀光商業專用區,10000,99,持分移轉,00640000
RPQOMLNJJHPFFEA67CA,百齡段六小段,35.33,都市：住,9,3,持分移轉,06270000
RPUNMLTJJHPFFAA28DA,興隆段二小段,51.70,都市：住,10000,462,持分移轉,01850000
RPUNMLTJJHPFFAA28DA,興隆段二小段,8.69,都市：住,10000,462,持分移轉,01900003
RPOPMLRJJHPFFAA57CA,頭廷段二小段,69.40,都市：住,10000,235,持分移轉,05410000
RPQOMLMLJHPFFBA47CA,大龍段一小段,19.32,都市：住,100000,2706,持分移轉,01960000
RPQRMLNJJHPFFCA77CA,石潭段三小段,25.67,都市：住,100000,519,持分移轉,06580000
RPTNMLMLJHPFFEA97CA,百齡段六小段,11.71,都市：住,14136,55,持分移轉,00750001
RPRPMLQKJHPFFCA08CA,碧湖段二小段,23.63,都市：住,10000,119,持分移轉,01920000
RPTOMLTJJHPFFDA48CA,逸仙段二小段,35.82,都市：住,10000,416,持分移轉,02520000
RPXPMLRJJHPFFCA68CA,中山段一小段,14.98,都市：商,10000,776,持分移轉,00250000
RPROMLKKJHPFFFA67CA,通化段三小段,5.92,都市：商,10000,38,持分移轉,00050000
RPPNMLLLJHPFFDA47DA,中南段四小段,21.25,都市：住,4,1,持分移轉,09800000
RPROMLKKJHPFFFA67CA,通化段三小段,.01,都市：住,10000,30,持分移轉,00050001
RPROMLKKJHPFFFA67CA,通化段三小段,.20,都市：住,10000,30,持分移轉,00050002
RPTQMLRJJHPFFBA28CA,直興段二小段,71.00,都市：商,1,1,全筆移轉,02680000
RPUOMLSJJHPFFCA38CA,碧湖段三小段,40.65,都市：住,10000,73,持分移轉,04270000
RPWNMLKKJHPFFAA57CA,公訓段三小段,6.62,都市：住,10000,75,持分移轉,00210000
RPWNMLKKJHPFFAA57CA,公訓段三小段,26.77,都市：住,10000,75,持分移轉,00230000
RPWNMLKKJHPFFAA57CA,公訓段三小段,.02,都市：住,10000,75,持分移轉,00240002
RPTOMLNKJHPFFDA97CA,玉成段三小段,10.84,都市：商,10000,437,持分移轉,02360000
RPSNMLSJJHPFFDA18CA,寶清段七小段,6.18,都市：商,100000,545,持分移轉,01320000
RPRPMLSJJHPFFBA08CA,大同段二小段,17.00,都市：商,3,1,持分移轉,07990000
RPRPMLSJJHPFFBA08CA,大同段二小段,2.00,都市：其他:道路用地,3,1,持分移轉,07990001
RPRNMLMKJHPFFFA87DA,辛亥段六小段,26.05,都市：住,60,1,持分移轉,00250003
RPSPMLSJJHPFFBA18CA,大同段二小段,17.00,都市：商,3,1,持分移轉,07990000
RPSPMLSJJHPFFBA18CA,大同段二小段,2.00,都市：其他:道路用地,3,1,持分移轉,07990001
RPUQMLRJJHPFFBA38CA,直興段二小段,234.00,都市：商,1,1,全筆移轉,02700000
RPXNMLPJKHPFFAA18CA,南海段五小段,127.00,都市：住,1,1,全筆移轉,06670000
RPQPMLKKJHPFFCA37CA,金泰段,73.01,都市：住,100000,3220,持分移轉,00460001
RPOPMLPKJHPFFAA47CA,萬慶段一小段,24.73,都市：商,10000,276,持分移轉,00310000
RPOPMLPKJHPFFAA47CA,萬慶段一小段,1.77,都市：商,10000,276,持分移轉,00300000
RPQNMLTKJHPFFDA28DA,民生段,51.50,都市：其他:住宅用地及道路用地,4,1,持分移轉,00340000
RPVVMLTJJHPFFCA76DA,石潭段四小段,45.88,都市：住,400000,9020,持分移轉,02020000
RPOOMLOKJHPFFAA27CA,華興段二小段,75.00,都市：住,1,1,全筆移轉,01480000
RPVVMLTJJHPFFCA76DA,石潭段四小段,18.29,都市：住,400000,9020,持分移轉,02020001
RPUPMLMLJHPFFDA18CA,寶清段四小段,23.14,都市：住,140,9,持分移轉,05030000
RPWOMLSJJHPFFBA48CA,青年段一小段,1.60,都市：住,100000,230,持分移轉,07110000
RPWOMLSJJHPFFBA48CA,青年段一小段,.76,都市：住,100000,230,持分移轉,07110003
RPWOMLSJJHPFFBA48CA,青年段二小段,37.86,都市：住,100000,230,持分移轉,00180000
RPWOMLSJJHPFFBA48CA,青年段二小段,.30,都市：住,100000,230,持分移轉,00180039
RPVNMLTJJHPFFAA38DA,河堤段一小段,9.23,都市：商,10000,58,持分移轉,00090000
RPVNMLTJJHPFFAA38DA,河堤段一小段,.39,都市：其他:道路用地,10000,58,持分移轉,00090001
RPVNMLTJJHPFFAA38DA,河堤段一小段,.01,都市：商,10000,58,持分移轉,00090002
RPVNMLTJJHPFFAA38DA,河堤段一小段,.07,都市：商,10000,58,持分移轉,00090003
RPOOMLKKJHPFFDA17CA,南港段四小段,805.70,都市：工,10000,679,持分移轉,04850000
RPVQMLTJJHPFFAA58CA,景美段二小段,23.40,都市：住,5,1,持分移轉,03970000
RPTNMLKKJHPFFAA27CA,政大段一小段,20.17,都市：住,10000,228,持分移轉,00550000
RPRNMLLJKHPFFCA37CA,金泰段,93.82,都市：住,90000,1053,持分移轉,00610000
RPRNMLKKJHPFFEA47CA,永新段一小段,36.28,都市：住,2160,143,持分移轉,00400000
RPSQMLLLJHPFFBA77CA,臨沂段三小段,95.00,都市：住,1,1,全筆移轉,02190000
RPSQMLLLJHPFFBA77CA,臨沂段三小段,97.00,都市：住,1,1,全筆移轉,02200000
RPOOMLRKJHPFFDA87CA,信義段三小段,34.05,都市：其他:特定業務區,10000000,179300,持分移轉,00520002
RPOOMLRKJHPFFDA87CA,信義段三小段,28.71,都市：其他:特定業務區,10000000,179300,持分移轉,00520003
RPUOMLNJKHPFFCA97CA,康寧段三小段,20.16,都市：其他:市場用地,100000,487,持分移轉,02670001
RPSOMLNJKHPFFCA77CA,康寧段三小段,1.66,都市：其他:市場用地,100000,40,持分移轉,02670001
RPUOMLOKJHPFFFA38CA,金華段一小段,13.92,都市：住,10000,195,持分移轉,05650000
RPVQMLLLJHPFFCA18CA,潭美段五小段,61.72,都市：住,100000,1993,持分移轉,01700000
RPXNMLNKJHPFFAA97CA,南海段二小段,5.72,都市：住,200000,849,持分移轉,04290000
RPXNMLNKJHPFFAA97CA,南海段二小段,6.29,都市：商,200000,849,持分移轉,04300000
RPPSMLNKKHPFFCA97CA,金泰段,7.57,都市：其他:娛樂區(供觀光旅館使用)。,20000,6,持分移轉,00290000
RPPQMLKMJHPFFDA67CA,西松段一小段,7.73,都市：住,10000000,8775,持分移轉,00150000
RPSNMLMLJHPFFFA08DA,辛亥段三小段,45.50,都市：住,100000,8038,持分移轉,05310000
RPXQMLKLJHPFFDA48DA,福德段一小段,39.10,都市：住,10000,148,持分移轉,00100000
RPXNMLKLJHPFFBA87CA,延平段一小段,26.00,都市：商,3,1,持分移轉,04760000
RPUOMLPKJHPFFDA38DA,敦化段五小段,26.48,都市：住,10000,77,持分移轉,00070006
RPXOMLPKJHPFFFA78CA,金華段一小段,15.66,都市：住,10000,1160,持分移轉,02630000
RPOPMLQKJHPFFCA77CA,德惠段三小段,20.56,都市：住,10000,165,持分移轉,02830000
RPQSMLLLJHPFFCA87CA,吉林段四小段,10.73,都市：商,1000000,6377,持分移轉,06420000
RPUOMLOJKHPFFBA97CA,大龍段一小段,9.76,都市：住,100000,1367,持分移轉,01960000
RPPOMLQKJHPFFEA97CA,秀山段一小段,39.20,都市：住,5,1,持分移轉,07770000
RPQQMLKLJHPFFEA87DA,蘭雅段三小段,125.00,都市：住,1,1,全筆移轉,03630000
RPPPMLLLJHPFFCA47CA,康寧段四小段,24.72,都市：住,10000,206,持分移轉,04870000
RPTPMLLLJHPFFCA97DA,西湖段一小段,24.27,都市：住,10000,150,持分移轉,06040000
RPWNMLMKKHPFFFA48DA,辛亥段四小段,27.60,都市：住,10000,124,持分移轉,04860000
RPTOMLOJKHPFFAA77CA,華興段四小段,46.77,都市：住,28115,329,持分移轉,01710000
RPRNMLMJKHPFFDA67DA,寶清段六小段,4.49,都市：商,10000,28,持分移轉,01910000
RPSNMLLJKHPFFCA57DA,東湖段八小段,41.28,都市：住,100000,831,持分移轉,00140000
RPSQMLKMJHPFFCA87CA,東湖段二小段,46.46,都市：商,1000,192,持分移轉,00300002
RPTOMLQJLHPFFDA38CA,三興段一小段,81.00,都市：商,1,1,全筆移轉,00820000
RPTOMLQJLHPFFDA38CA,三興段一小段,74.00,都市：商,1,1,全筆移轉,00820002
RPPNMLPJKHPFFAA37CA,萬芳段三小段,29.73,都市：住,10000,128,持分移轉,00970000
RPPNMLPJKHPFFAA37CA,萬芳段三小段,5.82,都市：住,10000,83,持分移轉,01500000
RPSQMLLKKHPFFDA97CA,永春段二小段,14.12,都市：住,100000,610,持分移轉,00430000
RPXOMLQJKHPFFCA58CA,碧湖段三小段,27.00,都市：住,16,2,持分移轉,04540002
RPXOMLQJKHPFFCA58CA,碧湖段三小段,2.00,都市：住,16,2,持分移轉,04600000
RPXOMLQJKHPFFCA58CA,碧湖段三小段,3.62,都市：住,16,2,持分移轉,04610000
RPXOMLQJKHPFFCA58CA,碧湖段三小段,6.75,都市：住,16,2,持分移轉,04620001
RPXNMLOJKHPFFAA08CA,南海段三小段,3.36,都市：商,10000,84,持分移轉,06470000
RPXNMLOJKHPFFAA08CA,南海段三小段,1.39,都市：住,10000,84,持分移轉,06510000
RPWPMLOLKHPFFCA58CA,西湖段二小段,3.84,都市：住,10000,226,持分移轉,04880000
RPWPMLOLKHPFFCA58CA,西湖段二小段,27.20,都市：住,10000,226,持分移轉,04890000
RPUNMLSJKHPFFCA48DA,石潭段四小段,23.88,都市：住,10000,105,持分移轉,00500000
RPTNMLSJKHPFFCA38DA,石潭段四小段,24.11,都市：住,10000,106,持分移轉,00500000
RPUPMLOLKHPFFCA38CA,西湖段二小段,3.51,都市：住,10000,207,持分移轉,04880000
RPUPMLOLKHPFFCA38CA,西湖段二小段,24.91,都市：住,10000,207,持分移轉,04890000
RPQPMLRJKHPFFBA97CA,成功段二小段,36.33,都市：商,6,1,持分移轉,00170000
RPQPMLRJKHPFFBA97CA,成功段二小段,5.33,都市：商,6,1,持分移轉,00170001
RPSNMLTJKHPFFCA38DA,碧湖段三小段,.10,都市：住,1000,19,持分移轉,04130003
RPSNMLTJKHPFFCA38DA,碧湖段三小段,28.46,都市：住,1000,19,持分移轉,04140000
RPXOMLPKKHPFFDA68CA,延壽段一小段,159.10,都市：住,10000,822,持分移轉,04130000
RPQNMLKKKHPFFDA37CA,敦化段五小段,25.69,都市：住,10000,224,持分移轉,00090006
RPQNMLLKKHPFFCA37CA,德惠段四小段,30.32,都市：商,10000,745,持分移轉,04060000
RPPNMLOKKHPFFAA37CA,景美段二小段,40.72,都市：住,240,29,持分移轉,01580000
RPPOMLLKKHPFFEA67DA,天母段二小段,24.00,都市：商,5,1,持分移轉,01520000
RPPOMLLKKHPFFEA67DA,天母段二小段,1.00,都市：其他:道路用地(公共設施用地),5,1,持分移轉,01520001
RPQPMLNJLHPFFEA97CA,蘭雅段三小段,1.95,都市：住,160,3,持分移轉,03160000
RPXPMLTLJIOFFCA09CA,吉林段一小段,88.00,都市：住,1,1,全筆移轉,01940000
RPUOMLMKJIOFFCA87CA,文德段五小段,72.94,都市：住,100000,3582,持分移轉,01680000
RPROMLLMKIOFFCA77CA,德惠段四小段,5.25,都市：商,10000,111,持分移轉,03210000
RPPOMLPJKIOFFAA47CA,公訓段三小段,.02,都市：住,10000,11,持分移轉,01360000
RPPOMLPJKIOFFAA47CA,公訓段三小段,.19,都市：住,10000,11,持分移轉,01350001
RPPOMLPJKIOFFAA47CA,公訓段三小段,.39,都市：住,10000,11,持分移轉,01350002
RPPOMLPJKIOFFAA47CA,公訓段三小段,.65,都市：住,10000,11,持分移轉,01350003
RPPOMLPJKIOFFAA47CA,公訓段三小段,.17,都市：住,10000,11,持分移轉,01350004
RPPOMLPJKIOFFAA47CA,公訓段三小段,10.02,都市：住,10000,11,持分移轉,01350005
RPPOMLPJKIOFFAA47CA,公訓段三小段,14.53,都市：住,10000,11,持分移轉,01350000
RPTNMLMKJIOFFDA77CA,美仁段一小段,1.14,都市：住,75000,66,持分移轉,00180005
RPPOMLMKJIOFFDA47CA,寶清段一小段,27.93,都市：住,33106,110,持分移轉,00570004
RPTNMLMKJIOFFDA77CA,美仁段一小段,1.67,都市：住,863000,116,持分移轉,00020001
RPTNMLMKJIOFFDA77CA,美仁段一小段,26.96,都市：住,100000,304,持分移轉,00060000
RPXPMLNJLHPFFCA48CA,吉林段一小段,8.60,都市：其他:第二種商業區及第三種住宅區,10000,22,持分移轉,08550000
RPXNMLNKJIOFFEA38CA,芝蘭段四小段,33.24,都市：住,10000,90,持分移轉,00100000
RPTNMLOKJIOFFAA77DA,興泰段三小段,36.33,都市：住,10000,185,持分移轉,02940000
RPPPMLSKJIOFFCA08CA,長春段三小段,28.25,都市：商,4,1,持分移轉,02730000
RPPNMLNLJIOFFDA57CA,寶清段七小段,10.42,都市：商,100000,919,持分移轉,01320000
RPWPMLLLJIOFFBA08CA,漢中段一小段,14.43,都市：商,35,5,持分移轉,07110000
RPWPMLLLJIOFFBA08CA,漢中段一小段,4.57,都市：商,35,5,持分移轉,07090000
RPWPMLLLJIOFFBA08CA,漢中段一小段,3.71,都市：商,35,5,持分移轉,07100000
RPPSMLNJKIOFFCA87CA,長安段一小段,6.12,都市：住,10000,149,持分移轉,07400000
RPSNMLMKJIOFFCA57CA,正義段一小段,15.16,都市：商,10000,645,持分移轉,01730000
RPTNMLSKJIOFFBA18CA,漢中段一小段,17.94,都市：商,100000,3136,持分移轉,05300000
RPPNMLNKJIOFFDA47CA,虎林段四小段,4.83,都市：其他:道路用地,12,2,持分移轉,02250000
RPPNMLNKJIOFFDA47CA,虎林段四小段,26.17,都市：住,12,2,持分移轉,02260000
RPQNMLPJKIOFFDA87DA,中南段四小段,21.25,都市：住,4,1,持分移轉,09370000
RPTNMLPKJIOFFAA77CA,河堤段五小段,10.14,都市：商,10000,108,持分移轉,02960000
RPTNMLPKJIOFFAA77CA,河堤段五小段,.51,都市：住,10000,108,持分移轉,03030000
RPPNMLMKJIOFFDA37CA,雅祥段四小段,11.42,都市：住,10000,125,持分移轉,06990000
RPSNMLMKJIOFFDA67CA,信義段五小段,6.69,都市：其他:特定業務區(信義計畫特定專用區)。,100000,372,持分移轉,00420001
RPSPMLKKKIOFFEA87CA,立農段四小段,28.40,都市：住,5,1,持分移轉,04280000
RPQOMLPLJIOFFBA77CA,福星段四小段,9.71,都市：商,10000,86,持分移轉,04600000
RPTOMLMLJIOFFEA08CA,大業段一小段,30.00,都市：商,1,1,全筆移轉,09090001
RPTOMLMLJIOFFEA08CA,大業段一小段,85.00,都市：商,1,1,全筆移轉,09100001
RPWPMLTKJIOFFDA09DA,中南段二小段,26.78,都市：住,10000,97,持分移轉,03240001
RPTQMLRLJIOFFDA68CA,寶清段四小段,3.64,都市：其他:聯合開發區(捷),100000,181,持分移轉,05990000
RPVOMLKKKIOFFEA08CA,溫泉段二小段,41.00,都市：住,4,1,持分移轉,02200000
RPWNMLNKJIOFFEA28CA,蘭雅段一小段,31.88,都市：住,100000,1170,持分移轉,03860000
RPPPMLQLJIOFFBA97DA,青年段一小段,26.00,都市：住,4,1,持分移轉,09020000
RPQOMLTKJIOFFEA38CA,,49.00,都市：住,1,1,全筆移轉,00490000
SPPOMLLLJIOFFFA87DA,通化段六小段,12.55,都市：商,30000,582,持分移轉,05850000
RPQOMLNKJIOFFAA37CA,萬芳段四小段,.03,都市：住,200000,636,持分移轉,01000000
RPQOMLNKJIOFFAA37CA,萬芳段四小段,45.32,都市：其他:交通用地(公共設施用地),200000,636,持分移轉,01350000
RPXPMLTLJIOFFEA66CA,蘭雅段三小段,16.07,都市：住,100000,2691,持分移轉,02050000
RPQNMLNKJIOFFAA27CA,河堤段六小段,9.69,都市：商,10000,322,持分移轉,03850000
RPOQMLNKJIOFFCA57CA,中山段一小段,18.85,都市：商,100000,1467,持分移轉,06750000
RPPNMLNKJIOFFBA27CA,龍山段一小段,9.68,都市：商,10000,85,持分移轉,02260000
RPVOMLKLJIOFFEA08CA,陽明段一小段,25.19,都市：住,10000,316,持分移轉,00680000
RPOOMLQLJIOFFAA67DA,興安段三小段,20.48,都市：住,10000,257,持分移轉,02730000
RPSPMLMKJIOFFAA57CA,萬芳段二小段,149.94,都市：住,10000,44,持分移轉,06000000
RPWOMLSKJIOFFBA58CA,漢中段一小段,.40,都市：商,10000,41,持分移轉,05460000
RPUNMLOKJIOFFBA97DA,文昌段二小段,21.50,都市：住,4,1,持分移轉,04950000
RPWPMLNKJIOFFCA28CA,中山段一小段,7.67,都市：商,100000,597,持分移轉,06750000
RPPQMLNKJIOFFCA67CA,中山段一小段,7.80,都市：商,100000,607,持分移轉,06750000
RPPOMLLLJIOFFFA77DA,通化段六小段,10.48,都市：商,30000,486,持分移轉,05850000
RPRQMLLLJIOFFCA77CA,潭美段五小段,27.47,都市：住,100000,1929,持分移轉,01170000
RPXNMLLKKIOFFFA38CA,學府段一小段,7.03,都市：商,10000,386,持分移轉,00330000
RPXNMLLKKIOFFFA38CA,學府段一小段,21.85,都市：商,10000,386,持分移轉,00370000
RPPNMLQKJIOFFBA57CA,華江段二小段,48.62,都市：住,7120,890,持分移轉,01470070
RPVNMLTKJIOFFAA38CA,政大段一小段,64.46,都市：住,10000,78,持分移轉,00430000
RPTPMLPLJIOFFAA08CA,永昌段一小段,19.60,都市：住,5,1,持分移轉,02590000
RPWNMLSLJIOFFDA88DA,南港段四小段,29.84,都市：住,1140,69,持分移轉,03030000
RPTOMLOKJIOFFBA97DA,華中段二小段,15.38,都市：住,60,1,持分移轉,01930000
RPTOMLOKJIOFFBA97DA,華中段二小段,6.67,都市：住,15,2,持分移轉,02260001
RPROMLOKJIOFFCA77CA,正義段三小段,7.87,都市：商,10000,41,持分移轉,03840000
RPQPMLKLJIOFFEA67CA,翠山段一小段,584.13,都市：其他:保護區,6000,1300,持分移轉,02060002
RPQPMLKLJIOFFEA67CA,翠山段一小段,30.55,都市：其他:保護區,6000,1300,持分移轉,02120000
RPSOMLOKJIOFFEA18DA,百齡段六小段,27.94,都市：住,18,1,持分移轉,03450000
RPPQMLPKJIOFFDA08DA,玉成段五小段,43.08,都市：住,10000,199,持分移轉,07830000
RPXQMLNKJIOFFCA48CA,中山段三小段,.65,都市：商,10000,102,持分移轉,04910000
RPXQMLNKJIOFFCA48CA,中山段三小段,1.26,都市：商,10000,102,持分移轉,04930000
RPXQMLNKJIOFFCA48CA,中山段三小段,1.49,都市：商,10000,102,持分移轉,04940000
RPXQMLNKJIOFFCA48CA,中山段三小段,2.59,都市：商,10000,102,持分移轉,04950000
RPQOMLTKJIOFFAA97CA,興隆段二小段,38.91,都市：住,10000,205,持分移轉,02260002
RPQOMLTKJIOFFAA97CA,興隆段二小段,.10,都市：住,10000,205,持分移轉,02260006
RPQOMLTKJIOFFAA97CA,興隆段二小段,.23,都市：住,10000,205,持分移轉,02290002
RPPOMLMKKIOFFAA27CA,木柵段二小段,37.67,都市：住,60000,5702,持分移轉,10190000
RPWNMLQLJIOFFEA68CA,三玉段一小段,22.50,都市：住,4,1,持分移轉,04710000
RPQQMLRLJIOFFDA38CA,民生段,27.61,都市：住,2166,40,持分移轉,00840004
RPXPMLPLJIOFFAA58DA,木柵段四小段,39.46,都市：住,10000,210,持分移轉,06950000
RPVNMLSKJIOFFCA48CA,榮星段七小段,30.25,都市：住,10000,652,持分移轉,00150009
RPPNMLPLJIOFFFA08DA,金華段二小段,15.83,都市：住,2200,68,持分移轉,08620000
RPUOMLTLJIOFFCA68CA,長安段四小段,5.91,都市：商,10000,69,持分移轉,03370000
RPTOMLOKJIOFFDA08CA,經貿段,49.98,都市：住,100000,592,持分移轉,00660001
RPOOMLKMKIOFFFA67CA,龍泉段二小段,42.25,都市：住,4,1,持分移轉,01940000
RPTNMLLKKIOFFCA67CA,長春段二小段,20.00,都市：住,100000,3100,持分移轉,00810000
RPXOMLOKJIOFFDA48CA,西松段一小段,57.96,都市：住,100000,658,持分移轉,00150000
RPUNMLQJKIOFFFA48CA,仁愛段一小段,15.78,都市：其他:敦化南北路特定專用區(A區)(,10000,35,持分移轉,03740000
RPUPMLPLJIOFFAA18CA,永昌段一小段,19.60,都市：住,5,1,持分移轉,02590000
RPVPMLSKJIOFFCA78DA,文德段四小段,14.38,都市：住,1200,150,持分移轉,02240005
RPVPMLSKJIOFFCA78DA,文德段四小段,29.38,都市：住,1200,150,持分移轉,02810000
RPUOMLOKJIOFFBA08DA,華中段二小段,1.62,都市：住,26,3,持分移轉,02290000
RPUOMLOKJIOFFBA08DA,華中段二小段,4.00,都市：住,1,1,全筆移轉,02290001
RPQOMLNKJIOFFFA87CA,瑞安段二小段,15.22,都市：住,7380,92,持分移轉,06080000
RPQOMLNKJIOFFFA87CA,瑞安段二小段,.20,都市：住,3689,37,持分移轉,06080001
RPQOMLNKJIOFFFA87CA,瑞安段二小段,6.17,都市：住,4645,37,持分移轉,06080002
RPWPMLQJKIOFFEA78CA,新民段三小段,88.76,都市：住,100000,2306,持分移轉,00870000
RPXOMLKLJIOFFEA28CA,翠山段一小段,1662.53,都市：其他:保護區,6000,3700,持分移轉,02060002
RPXOMLKLJIOFFEA28CA,翠山段一小段,86.95,都市：其他:保護區,6000,3700,持分移轉,02120000
RPVOMLMLJIOFFDA18CA,美仁段一小段,12.87,都市：商,10000,114,持分移轉,03830000
RPWPMLQLJIOFFDA88DA,延吉段一小段,30.75,都市：商,4,1,持分移轉,04470000
RPWPMLQLJIOFFDA88DA,延吉段一小段,3.00,都市：商,4,1,持分移轉,04480000
RPSQMLNKJIOFFDA08CA,吳興段二小段,22.44,都市：住,10000,240,持分移轉,07460000
RPSQMLNKJIOFFDA08CA,吳興段二小段,3.55,都市：住,10000,120,持分移轉,07520000
RPSPMLKLJIOFFEA87CA,翠山段一小段,449.33,都市：其他:保護區,6000,1000,持分移轉,02060002
RPSPMLKLJIOFFEA87CA,翠山段一小段,23.50,都市：其他:保護區,6000,1000,持分移轉,02120000
RPQPMLLLJIOFFEA77CA,立農段五小段,74.68,都市：住,10000,4126,持分移轉,02090002
RPOPMLSKJIOFFDA18DA,玉成段五小段,22.24,都市：住,44877,259,持分移轉,02060000
RPRNMLPKJIOFFFA08CA,金華段三小段,9.90,都市：商,10000,300,持分移轉,02140000
RPRNMLPKJIOFFFA08CA,金華段三小段,.03,都市：住,10000,300,持分移轉,02140001
RPTOMLRLJIOFFFA68CA,大安段一小段,2.62,都市：商,1609570,3324,持分移轉,02640000
RPTOMLRLJIOFFFA68CA,大安段一小段,4.38,都市：住,1609570,3324,持分移轉,02640001
RPTOMLQLJIOFFEA48CA,秀山段二小段,45.56,都市：住,334572,762,持分移轉,06610000
RPTOMLQLJIOFFEA48CA,秀山段二小段,.01,都市：其他:綠地用地,334572,762,持分移轉,06610001
RPXNMLPLJIOFFAA28CA,木柵段三小段,24.63,都市：住,10000,59,持分移轉,06770000
RPPNMLKLJIOFFEA37CA,天母段三小段,23.59,都市：住,10000,203,持分移轉,01560000
RPVPMLTKJIOFFDA88CA,永吉段二小段,15.00,都市：商,5,1,持分移轉,01230000
RPWOMLNJKIOFFCA18CA,長春段一小段,12.00,都市：商,1,1,全筆移轉,04760000
RPWOMLNJKIOFFCA18CA,長春段一小段,83.00,都市：商,1,1,全筆移轉,04750000
RPTNMLKMJIOFFDA87DA,南港段四小段,33.74,都市：住,10000,80,持分移轉,01210000
RPVPMLMLJIOFFCA28DA,北安段三小段,29.15,都市：住,10000,76,持分移轉,05590000
RPSPMLPKKHPFFDA38DA,信義段三小段,13.77,都市：住,200000,201,持分移轉,00150000
RPXNMLSKJIOFFCA68CA,碧湖段二小段,38.63,都市：住,10000,234,持分移轉,04920003
RPUOMLTKJIOFFDA68CA,信義段三小段,.38,都市：其他:特定業務區(信義計劃特定專用區),100000,10,持分移轉,00360000
RPXNMLRLJIOFFAA48CA,萬芳段四小段,.04,都市：住,100000,402,持分移轉,01000000
RPXNMLRLJIOFFAA48CA,萬芳段四小段,57.29,都市：其他:交通用地,100000,402,持分移轉,01350000
RPUQMLKLJIOFFCA08DA,榮星段七小段,32.80,都市：住,5,1,持分移轉,00150019
RPSNMLPJKIOFFAA67CA,興泰段二小段,.02,都市：其他:交通用地,90000,357,持分移轉,01560000
RPQPMLTKJIOFFCA28CA,德惠段四小段,6.07,都市：商,10000,60,持分移轉,03040000
RPSNMLPJKIOFFAA67CA,興泰段二小段,.93,都市：其他:交通用地,90000,357,持分移轉,01570000
RPSNMLPJKIOFFAA67CA,興泰段二小段,.63,都市：其他:交通用地,90000,357,持分移轉,01580000
RPSNMLPJKIOFFAA67CA,興泰段二小段,.57,都市：其他:交通用地,90000,357,持分移轉,01590000
RPSNMLPJKIOFFAA67CA,興泰段二小段,2.25,都市：其他:交通用地,90000,357,持分移轉,01600000
RPSNMLPJKIOFFAA67CA,興泰段二小段,.12,都市：其他:交通用地,90000,357,持分移轉,01810000
RPSNMLPJKIOFFAA67CA,興泰段二小段,.06,都市：其他:交通用地,90000,357,持分移轉,01820000
RPSNMLPJKIOFFAA67CA,興泰段二小段,1.00,都市：其他:交通用地,90000,357,持分移轉,01830000
RPSNMLPJKIOFFAA67CA,興泰段二小段,.08,都市：其他:交通用地,90000,357,持分移轉,01840000
RPSNMLPJKIOFFAA67CA,興泰段二小段,.27,都市：其他:交通用地,90000,357,持分移轉,01850000
RPSNMLPJKIOFFAA67CA,興泰段二小段,2.95,都市：其他:交通用地,90000,357,持分移轉,01860000
RPSNMLPJKIOFFAA67CA,興泰段二小段,.98,都市：其他:交通用地,90000,357,持分移轉,01910000
RPSNMLPJKIOFFAA67CA,興泰段二小段,.99,都市：其他:交通用地,90000,357,持分移轉,01920000
RPSNMLPJKIOFFAA67CA,興泰段二小段,2.55,都市：其他:交通用地,90000,357,持分移轉,01930000
RPSNMLPJKIOFFAA67CA,興泰段二小段,3.60,都市：其他:交通用地,90000,357,持分移轉,01950000
RPSNMLPJKIOFFAA67CA,興泰段二小段,.16,都市：其他:交通用地,90000,357,持分移轉,02220000
RPTQMLPKJIOFFCA38DA,中山段一小段,17.14,都市：商,1000000,29760,持分移轉,05700000
RPPNMLPKJIOFFCA57CA,康寧段三小段,22.49,都市：住,10000,630,持分移轉,03340000
RPXNMLMLJIOFFCA28DA,德惠段四小段,10.59,都市：商,10000,373,持分移轉,01360000
RPXNMLMLJIOFFCA28DA,德惠段四小段,6.53,都市：商,10000,373,持分移轉,01360001
RPVNMLMLJIOFFCA08DA,德惠段四小段,10.62,都市：商,20000,748,持分移轉,01360000
RPVNMLMLJIOFFCA08DA,德惠段四小段,6.55,都市：商,20000,748,持分移轉,01360001
RPOPMLSLJIOFFEA28CA,三玉段五小段,27.00,都市：住,5,1,持分移轉,03170000
RPPNMLPKJIOFFDA67CA,新光段二小段,27.28,都市：住,10000,160,持分移轉,03800000
RPPNMLPKJIOFFDA67CA,新光段二小段,3.70,都市：住,10,1,持分移轉,03800001
RPPNMLSKJIOFFEA08CA,豐年段四小段,24.72,都市：其他:科技工業區,100000,324,持分移轉,04340000
RPOQMLMLJIOFFCA57CA,長安段三小段,42.00,都市：住,20000,740,持分移轉,07820000
RPOQMLMLJIOFFCA57CA,長安段三小段,22.31,都市：住,20000,740,持分移轉,07920000
RPQNMLQKKIOFFEA08CA,開明段一小段,40.28,都市：住,100000,5029,持分移轉,00480000
RPWOMLPJKIOFFBA28CA,大龍段一小段,7.59,都市：住,100000,1063,持分移轉,01960000
RPVOMLQJKIOFFDA48CA,雅祥段四小段,9.96,都市：住,10000,109,持分移轉,06990000
RPPNMLLJKIOFFBA17DA,雙連段三小段,3.95,都市：商,10000,60,持分移轉,01540000
RPPNMLLJKIOFFBA17DA,雙連段三小段,2.48,都市：住,10000,60,持分移轉,01640000
RPOOMLPKJIOFFAA37CA,木新段三小段,29.67,都市：住,11000,330,持分移轉,00020004
RPWNMLMLJIOFFDA18CA,三興段三小段,34.33,都市：其他:道路用地,6,1,持分移轉,03420000
RPXNMLSKJIOFFFA98CA,瑞安段三小段,17.70,都市：住,10000,303,持分移轉,03840000
RPTQMLMLJIOFFDA28DA,南港段一小段,36.63,都市：工,2500,78,持分移轉,09400000
RPTQMLMLJIOFFDA28DA,南港段一小段,.66,都市：其他:道路用地(公共設施用地),2500,78,持分移轉,09400003
RPUNMLRJIIPFFCA18CA,吉林段一小段,106.00,都市：商,1,1,全筆移轉,08170000
RPRQMLPKJIOFFCA18DA,金泰段,149.41,都市：住,10000,177,持分移轉,01400000
RPUNMLRJIIPFFCA18CA,吉林段一小段,18.00,都市：商,1,1,全筆移轉,08180000
RPRQMLPKJIOFFCA18DA,金泰段,9.02,都市：住,10000,195,持分移轉,01400008
RPSOMLLLJIOFFCA77DA,正義段二小段,15.58,都市：商,12,1,持分移轉,00280000
RPSOMLLLJIOFFCA77DA,正義段二小段,1.42,都市：商,12,1,持分移轉,00280001
RPSOMLLLJIOFFCA77DA,正義段二小段,.08,都市：其他:道路用地(公共設施用地),12,1,持分移轉,00280002
RPQVMLKLJIOFFBA97CA,大龍段一小段,9.10,都市：住,100000,3743,持分移轉,03890000
RPQNMLRKJIOFFBA77CA,萬大段二小段,27.28,都市：商,100000,653,持分移轉,06020000
RPTPMLMLJHPFFCA97CA,正義段二小段,46.78,都市：商,20000,2176,持分移轉,02990000
RPOOMLKMKIOFFBA27CA,青年段一小段,36.02,都市：住,49013,264,持分移轉,01510002
RPXNMLMLJIOFFDA28CA,美仁段一小段,26.20,都市：住,5,1,持分移轉,03230000
RPVNMLPKJIOFFFA48CA,辛亥段三小段,22.00,都市：住,8,1,持分移轉,06460000
RPXOMLSKJIOFFCA88DA,金泰段,28.26,都市：商,10000,132,持分移轉,00850003
RPOOMLTKJIOFFEA28DA,關渡段二小段,41.67,都市：住,3072,225,持分移轉,04850000
RPOOMLRJKIOFFDA87CA,民生段,40.00,都市：住,4,1,持分移轉,00180001
RPPNMLKMJIOFFCA37DA,長春段三小段,20.75,都市：住,4,1,持分移轉,01940000
RPVOMLMLJIOFFEA28CA,振興段一小段,10.92,都市：住,10000,44,持分移轉,03940000
RPRPMLTKJIOFFDA48CA,南港段二小段,35.63,都市：商,10000,680,持分移轉,01870000
RPRPMLTKJIOFFBA28CA,華江段二小段,25.43,都市：住,424829,10002,持分移轉,00440000
RPRNMLKLJIOFFEA57CA,溪洲段二小段,99.00,都市：其他:公共設施保留地,1,1,全筆移轉,00330001
RPXRMLNKKHPFFCA68CA,金泰段,65.61,都市：其他:娛樂區(供觀光旅館使用)。,20000,52,持分移轉,00290000
RPOSMLNKKHPFFCA87CA,金泰段,60.56,都市：其他:娛樂區(供觀光旅館使用)。,20000,48,持分移轉,00290000
RPTOMLKLJIOFFBA57CA,中正段一小段,21.29,都市：住,270000,17003,持分移轉,03250000
RPUNMLLKKIOFFCA77CA,東湖段八小段,27.33,都市：住,10000,115,持分移轉,00100000
RPTNMLQLJIOFFFA48CA,金華段二小段,28.20,都市：住,10,1,持分移轉,01220000
RPSPMLKLJIOFFBA57CA,迪化段二小段,85.00,都市：其他:特定專用區(供一般商業使用定),1,1,全筆移轉,01090000
RPROMLTKJIOFFCA28CA,文德段二小段,28.47,都市：住,3085,78,持分移轉,06420000
RPOQMLTKJIOFFCA18CA,德惠段四小段,3.43,都市：商,10000,31,持分移轉,05770000
RPVOMLLLJIOFFFA28CA,仁愛段二小段,25.50,都市：其他:道路用地,8,1,持分移轉,06350000
RPXOMLTKJIOFFBA78CA,圓環段一小段,7.34,都市：商,10000,109,持分移轉,00060000
RPPNMLKLJIOFFAA96CA,景美段二小段,11.35,都市：住,202732,3048,持分移轉,02110000
RPPNMLKLJIOFFAA96CA,景美段二小段,9.77,都市：住,284,25,持分移轉,02130000
RPPNMLKLJIOFFAA96CA,景美段二小段,.09,都市：其他:道,284,25,持分移轉,02130001
RPPOMLMJKIOFFDA47CA,福德段一小段,34.50,都市：住,4,1,持分移轉,01290000
RPQNMLNKKIOFFCA57CA,西湖段一小段,68.43,都市：工,100000,1929,持分移轉,02470000
RPXNMLKKKIOFFBA87CA,大龍段二小段,21.25,都市：住,4,1,持分移轉,03910000
RPTNMLLLJIOFFAA47CA,政大段二小段,33.23,都市：住,10000,181,持分移轉,04280000
RPSQMLQLJIOFFEA68DA,永新段二小段,32.50,都市：住,4,1,持分移轉,03690000
RPSOMLKLJIOFFEA77CA,光華段三小段,35.25,都市：商,4,1,持分移轉,03120000
RPQNMLMLJIOFFCA57DA,碧湖段四小段,14.12,都市：商,60000,456,持分移轉,04100000
RPQNMLMLJIOFFCA57DA,碧湖段四小段,.05,都市：其他:道路用地(公共設施用地),60000,456,持分移轉,04100002
RPQNMLMLJIOFFCA57DA,碧湖段四小段,7.88,都市：商,60000,456,持分移轉,04100001
RPTOMLTKJIOFFAA28CA,河堤段五小段,15.02,都市：住,10000,385,持分移轉,04710000
RPPOMLSLJIOFFEA28CA,百齡段五小段,35.50,都市：住,4,1,持分移轉,05140000
RPVNMLNLJIOFFCA08CA,潭美段五小段,29.97,都市：住,10000,482,持分移轉,01080000
RPTNMLMLJIOFFFA08CA,懷生段一小段,3.08,都市：其他:市場用地,791000,661,持分移轉,01170000
RPTNMLMLJIOFFFA08CA,懷生段一小段,.10,都市：其他:道路用地,791000,661,持分移轉,01170001
RPTNMLMLJIOFFFA08CA,懷生段一小段,.01,都市：其他:道路用地,791000,661,持分移轉,01170002
RPTNMLMLJIOFFFA08CA,懷生段一小段,.04,都市：其他:市場用地,10000,8,持分移轉,01180000
RPTNMLMLJIOFFFA08CA,懷生段一小段,.04,都市：其他:道路用地,10000,8,持分移轉,01180001
RPTNMLMLJIOFFFA08CA,懷生段一小段,.08,都市：其他:市場用地,10000,8,持分移轉,01190000
RPTNMLMLJIOFFFA08CA,懷生段一小段,.01,都市：其他:道路用地,10000,8,持分移轉,01190001
RPTNMLMLJIOFFFA08CA,懷生段一小段,.26,都市：其他:市場用地,10000,8,持分移轉,01200000
RPTNMLMLJIOFFFA08CA,懷生段一小段,.02,都市：其他:道路用地,10000,8,持分移轉,01200001
RPTNMLMLJIOFFFA08CA,懷生段一小段,.01,都市：其他:道路用地,10000,8,持分移轉,01200002
RPSPMLSLJIOFFCA58DA,石潭段三小段,24.83,都市：住,100000,502,持分移轉,06580000
RPXOMLQLJIOFFDA78CA,中南段二小段,29.08,都市：住,10000,72,持分移轉,02980000
RPQNMLLLJIOFFDA47CA,敦化段四小段,38.00,都市：住,7,1,持分移轉,02620000
RPROMLKKKIOFFDA57CA,敦化段三小段,5.82,都市：商,10000,74,持分移轉,00260000
RPTNMLKKKIOFFEA77CA,天山段二小段,35.66,都市：住,10000,377,持分移轉,00310000
RPQQMLRKKIOFFCA28CA,康寧段二小段,21.94,都市：住,10000,106,持分移轉,04850000
RPQQMLRKKIOFFCA28CA,碧湖段一小段,5.26,都市：住,10000,106,持分移轉,08370000
RPOOMLKLJIOFFAA96CA,萬芳段三小段,117.81,都市：住,10000,367,持分移轉,01290000
RPOOMLKLJIOFFAA96CA,萬芳段三小段,3.45,都市：住,10000,66,持分移轉,01330000
RPUPMLNJKIOFFDA28DA,永吉段二小段,8.31,都市：商,53130,169,持分移轉,00010000
RPUPMLNJKIOFFDA28DA,永吉段二小段,5.20,都市：住,53130,169,持分移轉,00010003
RPPQMLQLJIOFFDA28DA,寶清段六小段,11.24,都市：商,100000,976,持分移轉,01840000
RPSNMLLLJIOFFCA57CA,中山段三小段,4.07,都市：商,100000,523,持分移轉,06420000
RPSNMLLLJIOFFEA77CA,百齡段三小段,49.64,都市：工,100000,939,持分移轉,01940002
RPROMLNKKIOFFDA87CA,中南段二小段,34.33,都市：其他:市場用地,10000,73,持分移轉,02000000
RPSOMLSLJIOFFAA18CA,公訓段三小段,1.50,都市：住,10000,12,持分移轉,02650000
RPTNMLLLJIOFFFA97CA,辛亥段四小段,45.00,都市：住,4,1,持分移轉,02540000
RPSOMLSLJIOFFAA18CA,萬芳段三小段,38.60,都市：住,10000,12,持分移轉,00650000
RPXOMLLLJIOFFDA28CA,犂和段一小段,28.17,都市：住,10000,357,持分移轉,01850000
RPSNMLMJKIOFFEA77CA,文林段三小段,33.75,都市：住,4,1,持分移轉,01910000
RPWQMLNJKIOFFEA58CA,光華段四小段,56.88,都市：商,100000,1220,持分移轉,05900000
RPUOMLMLJIOFFDA08CA,玉成段五小段,24.14,都市：商,10000,141,持分移轉,00490000
RPVPMLMKKIOFFEA38CA,三合段,35.18,都市：住,100000,1540,持分移轉,00630000
RPWOMLLMKIOFFBA18CA,公園段二小段,74.00,都市：商,1,1,全筆移轉,05160000
RPWOMLLMKIOFFBA18CA,公園段二小段,73.00,都市：商,1,1,全筆移轉,05170000
RPQNMLSLJIOFFDA18CA,美仁段一小段,37.75,都市：住,4,1,持分移轉,00970000
RPSPMLMLJIOFFBA77CA,雙園段三小段,27.00,都市：住,4,1,持分移轉,00120000
RPXNMLMLJIOFFBA08CA,直興段三小段,12.84,都市：商,10000,86,持分移轉,00010000
RPXNMLMLJIOFFBA08CA,直興段三小段,1.47,都市：商,10000,86,持分移轉,00110000
RPOPMLMLJIOFFEA77DA,永平段三小段,26.06,都市：住,1000,23,持分移轉,02740000
RPPNMLQLJIOFFAA57CA,木柵段三小段,17.80,都市：商,10000,154,持分移轉,00930000
RPQNMLRLJIOFFDA18DA,西松段一小段,28.20,都市：住,5,1,持分移轉,00440096
RPQOMLRLJIOFFCA08CA,碧湖段三小段,24.43,都市：商,10000,153,持分移轉,07150000
RPTRMLOJKIOFFBA28DA,臨沂段二小段,19.19,都市：住,100000,1242,持分移轉,02060000
RPTRMLOJKIOFFBA28DA,臨沂段二小段,9.58,都市：住,100000,1242,持分移轉,02060012
RPVOMLPLJIOFFDA48CA,虎林段四小段,65.00,都市：商,1,1,全筆移轉,00490000
RPWOMLMLJIOFFBA08CA,華江段二小段,8.91,都市：住,10000,192,持分移轉,01650000
RPXOMLMLJIOFFAA08CA,政大段一小段,120.58,都市：住,10000,704,持分移轉,01390000
RPSNMLPLJIOFFBA87CA,雙連段一小段,36.00,都市：商,1,1,全筆移轉,03690000
RPPPMLPLJIOFFAA67CA,政大段一小段,68.77,都市：住,10000,550,持分移轉,01290000
RPPQMLQLJIOFFCA18DA,長春段二小段,27.20,都市：住,5,1,持分移轉,01720001
RPRRMLOJKIOFFBA08DA,雙連段三小段,8.32,都市：商,10000,57,持分移轉,07450000
RPRRMLOJKIOFFBA08DA,雙連段三小段,1.60,都市：商,10000,14,持分移轉,07830000
RPRPMLRKKIOFFCA28CA,碧湖段四小段,18.08,都市：其他:交通用地(公共設施用地),100000,410,持分移轉,04610000
RPRNMLQLJIOFFAA77CA,公訓段三小段,42.66,都市：住,100000,1877,持分移轉,00390000
RPRNMLQLJIOFFAA77CA,公訓段三小段,5.01,都市：住,100000,1877,持分移轉,00390001
RPRNMLQLJIOFFAA77CA,公訓段三小段,18.23,都市：住,100000,1877,持分移轉,00390002
RPQQMLRKKIOFFEA48CA,溫泉段三小段,136.61,都市：住,100000,2152,持分移轉,02830000
RPSOMLPLJIOFFAA97DA,木柵段四小段,31.00,都市：住,10000,165,持分移轉,02640000
RPQQMLRKKIOFFEA48CA,溫泉段三小段,.09,都市：住,100000,29,持分移轉,04330000
RPVNMLLKKIOFFBA77CA,青年段一小段,41.39,都市：住,100000,325,持分移轉,00860000
RPORMLMJKIOFFCA57CA,潭美段三小段,45.66,都市：工,100000,2796,持分移轉,03670000
RPROMLQLJIOFFBA97CA,華江段二小段,12.76,都市：住,10000,275,持分移轉,01650000
RPSOMLPLJIOFFFA38CA,復興段一小段,48.25,都市：商,4,1,持分移轉,05430000
SPORMLMJKIOFFCA67CA,潭美段三小段,45.35,都市：工,100000,2777,持分移轉,03670000
RPOPMLMLJIOFFBA47DA,大龍段二小段,15.56,都市：住,10000,356,持分移轉,02450000
RPUNMLMJJHPFFAA47CA,興隆段一小段,13.89,都市：住,10000,440,持分移轉,00020000
RPRNMLOJKIOFFDA77CA,寶清段七小段,7.21,都市：商,100000,636,持分移轉,01320000
RPXOMLMJKIOFFDA38DA,信義段一小段,32.60,都市：住,5,1,持分移轉,03520000
SPUNMLMJJHPFFAA57CA,興隆段一小段,11.90,都市：住,10000,377,持分移轉,00020000
RPRNMLNLJIOFFCA67CA,德惠段四小段,4.45,都市：商,10000,94,持分移轉,03210000
RPUPMLKKKIOFFCA87CA,西湖段二小段,3.02,都市：住,10000,178,持分移轉,04880000
RPUPMLKKKIOFFCA87CA,西湖段二小段,21.42,都市：住,10000,178,持分移轉,04890000
RPVPMLKKKIOFFCA97CA,西湖段二小段,.03,都市：住,10000,2,持分移轉,04880000
RPVPMLKKKIOFFCA97CA,西湖段二小段,.24,都市：住,10000,2,持分移轉,04890000
RPSNMLLKKIOFFEA77CA,桃源段一小段,21.63,都市：住,10000,298,持分移轉,05830000
RPOOMLKLKIOFFBA17CA,大同段二小段,31.00,都市：商,2,1,持分移轉,08990000
RPOOMLKLKIOFFBA17CA,大同段二小段,32.00,都市：住,2,1,持分移轉,08990001
RPQRMLMKKIOFFCA87CA,西湖段二小段,46.53,都市：住,100000,1380,持分移轉,03460000
RPWOMLSLJIOFFDA98DA,中南段二小段,34.80,都市：其他:市場用地(公共設施用地),10000,74,持分移轉,02000000
RPRPMLQLJIOFFDA28CA,玉成段一小段,65.60,都市：工,10000,37,持分移轉,03820000
RPXNMLKMKIOFFEA38CA,新安段四小段,1641.16,都市：住,1,1,全筆移轉,03400000
RPXNMLKMKIOFFEA38CA,新安段四小段,2134.37,都市：住,1,1,全筆移轉,04230000
RPXNMLKMKIOFFEA38CA,新安段四小段,199.40,都市：住,1,1,全筆移轉,03390000
RPXOMLTKKIOFFDA09CA,三興段一小段,9.24,都市：商,10000,112,持分移轉,01370000
RPTOMLNJKIOFFAA77DA,景美段一小段,12.72,都市：住,218400,1272,持分移轉,05010000
RPXOMLTKKIOFFDA09CA,三興段一小段,4.94,都市：住,10000,112,持分移轉,01370003
RPXNMLTLJIOFFDA09DA,三興段一小段,92.00,都市：商,1,1,全筆移轉,11310000
RPRNMLRLJIOFFCA08CA,金泰段,47.09,都市：住,500000,224,持分移轉,00720000
RPQOMLQLJIOFFAA77CA,萬隆段二小段,25.49,都市：住,10000,197,持分移轉,03210000
RPROMLRLJIOFFDA28CA,延吉段三小段,11.61,都市：其他:敦化南北路特定專用區,1253460,8798,持分移轉,08220000
RPROMLRLJIOFFDA28CA,延吉段三小段,.01,都市：其他:敦化南北路特定專用區,1253460,8798,持分移轉,08220001
RPQOMLQLJIOFFAA77CA,萬隆段二小段,7.47,都市：住,10000,197,持分移轉,03260000
RPQOMLQLJIOFFAA77CA,萬隆段二小段,2.15,都市：住,10000,197,持分移轉,03510002
RPROMLRLJIOFFDA28CA,延吉段三小段,3.16,都市：其他:敦化南北路特定專用區,1253460,8798,持分移轉,08220002
RPVNMLRLJIOFFEA68CA,百齡段三小段,31.14,都市：住,100000,3430,持分移轉,03080000
RPVNMLRLJIOFFEA68CA,百齡段三小段,.18,都市：其他:道路用地(公共設施用地),100000,3430,持分移轉,03480006
RPQOMLNJKIOFFEA87DA,立農段二小段,36.41,都市：住,10000,358,持分移轉,02370000
RPTNMLRLJIOFFFA58CA,仁愛段三小段,36.79,都市：住,1000,63,持分移轉,00690000
RPUPMLTKKIOFFCA78CA,吉林段一小段,99.00,都市：住,1,1,全筆移轉,02900000
RPUPMLTKKIOFFCA78CA,吉林段一小段,99.00,都市：住,1,1,全筆移轉,02910000
RPSNMLPKKIOFFCA97CA,中山段二小段,43.86,都市：商,21,3,持分移轉,02290000
RPVOMLMKKIOFFAA87CA,南海段五小段,21.71,都市：住,10194250,65150,持分移轉,05210000
RPPOMLKKKIOFFCA27CA,石潭段四小段,8.42,都市：商,100000,300,持分移轉,04230000
RPWNMLSLJIOFFAA48CA,實踐段一小段,36.27,都市：住,10000,282,持分移轉,00240000
RPWNMLTLJIOFFBA68CA,萬華段一小段,41.00,都市：商,1,1,全筆移轉,07940000
RPOOMLSLJIOFFAA77CA,實踐段一小段,36.25,都市：住,4,1,持分移轉,03380000
RPOOMLRLJIOFFAA67CA,永昌段四小段,10.66,都市：住,158,1,持分移轉,06410000
RPTQMLPLKIOFFEA68CA,雙溪段重劃一小段,97.06,都市：住,32,1,持分移轉,00090000
RPUPMLRLJIOFFEA78CA,行義段三小段,17.38,都市：住,10000,63,持分移轉,02800000
RPWNMLSLJIOFFCA68CA,中山段一小段,7.80,都市：商,100000,607,持分移轉,06750000
RPPNMLTLJIOFFEA28CA,芝蘭段二小段,84.19,都市：住,100000,2423,持分移轉,06880000
RPVNMLQJKIOFFFA58CA,大安段一小段,36.67,都市：住,3,1,持分移轉,05380000
RPVNMLQJKIOFFFA58CA,大安段一小段,6.67,都市：其他:道路用地,3,1,持分移轉,05390000
RPTNMLLJKIOFFEA87DA,芝山段一小段,35.95,都市：住,400000,8052,持分移轉,00430000
RPQNMLPLKIOFFEA08CA,三合段,27.28,都市：住,100000,2500,持分移轉,00420000
RPUQMLSKKIOFFCA78CA,東湖段四小段,19.79,都市：住,10000,102,持分移轉,00070000
RPTRMLKKKIOFFAA77CA,政大段四小段,54.81,都市：住,100000,3381,持分移轉,05890000
RPRNMLTLJIOFFFA58CA,瑞安段二小段,34.75,都市：住,4,1,持分移轉,06320000
RPSPMLRKKIOFFBA38DA,青年段一小段,26.25,都市：住,4,1,持分移轉,09030000
RPPOMLQJJHPFFFA97CA,大安段三小段,6.23,都市：商,10000,40,持分移轉,00360000
RPXNMLMKKIOFFFA58DA,仁愛段二小段,7.39,都市：商,10000,31,持分移轉,00350000
RPVNMLNKKIOFFAA97DA,萬芳段二小段,149.94,都市：住,10000,44,持分移轉,06000000
RPXNMLMKKIOFFFA58DA,仁愛段二小段,3.76,都市：商,10000,31,持分移轉,00350001
RPPRMLTLJIOFFCA58DA,長安段一小段,2.91,都市：商,23400,370,持分移轉,06050000
RPXNMLMKKIOFFFA58DA,仁愛段二小段,.02,都市：其他:道路用地,10000,31,持分移轉,00350002
RPPRMLTLJIOFFCA58DA,長安段一小段,1.58,都市：商,23400,370,持分移轉,06080000
RPXNMLMKKIOFFFA58DA,仁愛段二小段,.13,都市：其他:道路用地,10000,31,持分移轉,00360000
RPSNMLMJKIOFFBA47CA,青年段二小段,4.82,都市：住,13000,71,持分移轉,00180037
RPSNMLMJKIOFFBA47CA,青年段二小段,27.26,都市：住,13000,71,持分移轉,00180009
RPVNMLNLKIOFFDA28CA,民生段,6.88,都市：商,5735000,15800,持分移轉,00610000
RPVNMLSKKIOFFDA68CA,信義段三小段,34.24,都市：其他:特定業務區,10000000,180300,持分移轉,00520002
RPVNMLSKKIOFFDA68CA,信義段三小段,28.87,都市：其他:特定業務區,10000000,180300,持分移轉,00520003
RPPNMLMJKIOFFBA17CA,龍山段一小段,9.34,都市：商,10000,82,持分移轉,02260000
RPUOMLTJKIOFFDA68CA,三興段二小段,21.80,都市：住,5,1,持分移轉,08720000
RPPQMLTLJIOFFEA58CA,振興段二小段,21.01,都市：商,10000,264,持分移轉,04880000
RPSNMLNJKIOFFAA47CA,河堤段三小段,3.92,都市：其他:道路用地(公共設施用地),12,1,持分移轉,05730000
RPSNMLNJKIOFFAA47CA,河堤段三小段,24.33,都市：住,12,1,持分移轉,05740000
RPVNMLOJKIOFFDA18CA,寶清段七小段,7.35,都市：商,100000,648,持分移轉,01320000
RPWNMLOJKIOFFDA28CA,寶清段七小段,7.35,都市：商,100000,648,持分移轉,01320000
RPUNMLKLKIOFFAA67DA,木柵段二小段,46.38,都市：住,10000,234,持分移轉,04780000
RPUPMLQJKIOFFCA48DA,碧湖段一小段,32.10,都市：住,10000,137,持分移轉,06290000
RPVNMLNJKIOFFCA08DA,碧湖段三小段,52.28,都市：住,10000,79,持分移轉,01540000
RPVNMLNJKIOFFCA08DA,碧湖段三小段,.02,都市：其他:道路用地,10000,79,持分移轉,01540006
RPQOMLOJKIOFFAA47CA,政大段二小段,12.30,都市：住,10000,134,持分移轉,05210000
RPWOMLQKKIOFFAA38CA,萬芳段二小段,163.57,都市：住,10000,48,持分移轉,06000000
RPOQMLMKKIOFFDA67CA,中南段五小段,25.25,都市：住,10000,153,持分移轉,05780000
RPOQMLQKKIOFFAA87DA,南海段二小段,.74,都市：商,100000,562,持分移轉,01570000
RPOQMLQKKIOFFAA87DA,南海段二小段,2.84,都市：其他:交通用地(公共設施用地),100000,562,持分移轉,01590000
RPRPMLOJKIOFFDA97CA,中南段一小段,14.50,都市：住,10000,79,持分移轉,02410000
RPOQMLQKKIOFFAA87DA,南海段二小段,.02,都市：商,100000,562,持分移轉,01630000
RPVPMLLKKIOFFEA38DA,天山段二小段,22.39,都市：住,10000,167,持分移轉,00290000
RPRNMLQKKIOFFCA08DA,康寧段三小段,27.80,都市：住,40,1,持分移轉,00630002
RPQPMLNKKIOFFCA77CA,舊宗段,180.78,都市：其他:科技工業區,10000,727,持分移轉,00480002
RPPNMLRKKIOFFFA18CA,復興段一小段,24.51,都市：其他:敦化南北路特定專用區,10000,198,持分移轉,06760000
RPPNMLSJKIOFFFA28DA,金華段一小段,11.93,都市：商,33696,294,持分移轉,00240000
RPPNMLSJKIOFFFA28DA,金華段一小段,6.45,都市：商,33696,294,持分移轉,00240001
RPQSMLKKKIOFFCA87DA,東湖段二小段,63.52,都市：住,10000,586,持分移轉,00320010
RPPNMLQJKIOFFCA67CA,正義段一小段,12.71,都市：商,1000000,8016,持分移轉,08110000
RPUNMLKKKIOFFAA47CA,河堤段五小段,15.85,都市：商,100000,12004,持分移轉,02940001
RPUNMLKKKIOFFAA47CA,河堤段五小段,61.70,都市：住,100000,12004,持分移轉,02940000
RPRQMLRLKIOFFCA48CA,潭美段五小段,40.48,都市：住,10000,651,持分移轉,01080000
RPRNMLSJJHPFFEA28DA,芝蘭段二小段,34.08,都市：住,20000,179,持分移轉,06670000
RPPOMLQJKIOFFDA87CA,寶清段七小段,5.78,都市：商,100000,510,持分移轉,01320000
RPWNMLRJKIOFFDA58CA,寶清段七小段,6.57,都市：商,100000,579,持分移轉,01320000
RPQNMLTJKIOFFFA38CA,大安段二小段,28.54,都市：商,10000,782,持分移轉,04170000
RPQQMLPLKIOFFEA38CA,關渡段三小段,29.16,都市：住,10000,164,持分移轉,00100000
RPSNMLKKKIOFFBA37CA,雙連段一小段,129.00,都市：商,1,1,全筆移轉,03350000
RPSNMLKKKIOFFBA37CA,雙連段一小段,4.00,都市：其他:道路用地(公共設施用地),1,1,全筆移轉,03350001
RPTPMLNKKIOFFCA08CA,舊宗段,142.98,都市：其他:科技工業區,10000,575,持分移轉,00480002
RPSOMLNLKIOFFBA87CA,漢中段三小段,13.91,都市：商,10000,123,持分移轉,04180000
RPTNMLLKKIOFFAA47CA,興隆段二小段,33.87,都市：住,10000,145,持分移轉,03110000
RPPNMLKKKIOFFEA37CA,天母段三小段,43.10,都市：商,10,1,持分移轉,03230000
RPTNMLRKKIOFFFA58CA,復興段一小段,11.08,都市：住,10000,63,持分移轉,03820000
RPXPMLNKKIOFFCA48CA,舊宗段,142.73,都市：其他:科技工業區,10000,574,持分移轉,00480002
SPTPMLNKKIOFFCA18CA,舊宗段,143.23,都市：其他:科技工業區,10000,576,持分移轉,00480002
RPXNMLOLKIOFFEA68CA,新洲美段,48.26,都市：其他:市民住宅區,100000,1465,持分移轉,00170000
SPXPMLNKKIOFFCA58CA,舊宗段,143.73,都市：其他:科技工業區,10000,578,持分移轉,00480002
RPUPMLRJJHPFFAA18CA,萬慶段一小段,48.79,都市：住,10000,363,持分移轉,01370000
RPQNMLNKKIOFFDA77DA,祥和段四小段,527.00,都市：住,1,1,全筆移轉,04230004
RPORMLTJJHPFFCA18CA,長春段二小段,22.40,都市：住,10,1,持分移轉,01720000
RPWNMLQLKIOFFFA88CA,學府段一小段,61.40,都市：住,100000,1985,持分移轉,06360000
RPVNMLQLKIOFFFA78CA,學府段一小段,61.40,都市：住,100000,1985,持分移轉,06360000
RPSNMLNKKIOFFAA67DA,博嘉段三小段,166.00,都市：住,1,1,全筆移轉,08040000
RPVPMLSKKIOFFBA68CA,福星段二小段,1.65,都市：商,10000,33,持分移轉,05330000
RPVPMLSKKIOFFBA68CA,福星段二小段,.30,都市：商,10000,33,持分移轉,05300000
RPOOMLMKKIOFFBA27CA,臨沂段三小段,3.44,都市：商,10000,59,持分移轉,06040000
RPSQMLOLKIOFFDA48DA,寶清段五小段,8.49,都市：商,10000,197,持分移轉,00140000
RPSPMLKMKIOFFCA87CA,西湖段二小段,3.06,都市：住,10000,180,持分移轉,04880000
RPSPMLKMKIOFFCA87CA,西湖段二小段,21.66,都市：住,10000,180,持分移轉,04890000
RPQNMLQKKIOFFBA77CA,玉泉段二小段,.23,都市：商,10000,8,持分移轉,03450000
RPQNMLQKKIOFFBA77CA,玉泉段二小段,.02,都市：商,10000,8,持分移轉,03460000
RPQNMLQKKIOFFBA77CA,玉泉段二小段,.02,都市：商,10000,8,持分移轉,03470000
RPQNMLQKKIOFFBA77CA,玉泉段二小段,.24,都市：商,10000,8,持分移轉,03480000
RPQNMLQKKIOFFBA77CA,玉泉段二小段,.06,都市：商,10000,81,持分移轉,03510000
RPQNMLQKKIOFFBA77CA,玉泉段二小段,.75,都市：商,10000,81,持分移轉,03520000
RPQPMLNLKIOFFCA97DA,康寧段三小段,31.30,都市：商,100000,1858,持分移轉,02950000
RPQPMLNLKIOFFCA97DA,康寧段三小段,3.45,都市：商,100000,1858,持分移轉,02950003
RPSNMLNJJHPFFCA57CA,康寧段三小段,17.01,都市：其他:市場用地,100000,411,持分移轉,02670001
RPSNMLNLKIOFFBA77CA,延平段二小段,16.93,都市：其他:特定專用區(供一般商業使用),10000,204,持分移轉,07420000
RPXNMLPLKIOFFFA88CA,龍泉段三小段,38.60,都市：住,5,1,持分移轉,01980000
RPSNMLQKKIOFFBA97CA,大龍段三小段,21.82,都市：商,100000,1550,持分移轉,00410000
RPSNMLQKKIOFFBA97CA,大龍段三小段,.50,都市：商,100000,1550,持分移轉,00410001
RPPTMLNKKIOFFCA08CA,吉林段三小段,90.00,都市：商,1,1,全筆移轉,05440000
RPVNMLNKJHPFFAA77CA,公訓段三小段,.02,都市：住,10000,11,持分移轉,01360000
RPPNMLQLKIOFFFA28DA,瑞安段一小段,15.64,都市：商,10000,288,持分移轉,00070000
RPVNMLNKJHPFFAA77CA,公訓段三小段,10.02,都市：住,10000,11,持分移轉,01350005
RPVNMLNKJHPFFAA77CA,公訓段三小段,.17,都市：住,10000,11,持分移轉,01350004
RPVNMLNKJHPFFAA77CA,公訓段三小段,14.53,都市：住,10000,11,持分移轉,01350000
RPVNMLNKJHPFFAA77CA,公訓段三小段,.19,都市：住,10000,11,持分移轉,01350001
RPVNMLNKJHPFFAA77CA,公訓段三小段,.39,都市：住,10000,11,持分移轉,01350002
RPVNMLNKJHPFFAA77CA,公訓段三小段,.65,都市：住,10000,11,持分移轉,01350003
RPUNMLRKKIOFFFA68CA,復興段三小段,22.53,都市：其他:敦化南北路特定專用區,2640,43,持分移轉,03100000
RPWNMLNLKIOFFCA28CA,文德段二小段,26.27,都市：住,10000,220,持分移轉,06150000
RPUOMLPKJHPFFBA08CA,直興段三小段,8.51,都市：商,10000,57,持分移轉,00010000
RPUPMLRLKIOFFDA78CA,虎林段四小段,15.22,都市：住,100000,864,持分移轉,09410000
RPUOMLPKJHPFFBA08CA,直興段三小段,.98,都市：商,10000,57,持分移轉,00110000
RPXOMLTKKIOFFAA88DA,萬芳段一小段,58.83,都市：住,10000,243,持分移轉,00530000
RPRNMLMLKIOFFCA77DA,東湖段七小段,54.34,都市：住,1000,76,持分移轉,03870000
RPXNMLSKKIOFFDA88CA,永春段一小段,22.00,都市：其他:道路用地(公共設施用地),1,1,全筆移轉,04420000
RPQPMLLMKIOFFCA77CA,正義段三小段,8.58,都市：商,12,1,持分移轉,00860000
RPWPMLNKJHPFFEA48CA,開明段二小段,2.01,都市：商,10000,136,持分移轉,03170000
RPQPMLLMKIOFFCA77CA,正義段三小段,13.83,都市：商,10000,833,持分移轉,00870000
RPWPMLNKJHPFFEA48CA,開明段二小段,28.51,都市：住,10000,136,持分移轉,03210000
RPQPMLLMKIOFFCA77CA,正義段三小段,8.16,都市：商,10000,833,持分移轉,00930000
RPTOMLSJJHPFFDA38CA,逸仙段二小段,17.46,都市：住,100000,717,持分移轉,05660000
RPTOMLSJJHPFFDA38CA,逸仙段二小段,17.86,都市：住,100000,717,持分移轉,05670000
RPQNMLSKKIOFFDA18CA,美仁段一小段,35.89,都市：住,57000,373,持分移轉,00180009
RPPPMLTKKIOFFBA18CA,莒光段二小段,52.00,都市：住,1,1,全筆移轉,01680000
RPOOMLQLKIOFFDA97CA,福德段二小段,30.75,都市：住,4,1,持分移轉,08440000
RPOPMLKLKIOFFDA47CA,玉成段一小段,47.87,都市：工,100000,1719,持分移轉,00490000
RPQNMLKLKIOFFDA47CA,吳興段一小段,4.43,都市：商,30000,942,持分移轉,01280000
RPQNMLKLKIOFFDA47CA,吳興段一小段,24.12,都市：住,30000,942,持分移轉,01280001
RPPPMLTKKIOFFFA58CA,辛亥段六小段,14.25,都市：住,8,1,持分移轉,00490001
RPPPMLTKKIOFFFA58CA,辛亥段六小段,24.00,都市：住,8,1,持分移轉,00490002
RPQNMLKLKIOFFCA37CA,德惠段四小段,1.02,都市：商,10000,102,持分移轉,03840000
RPQNMLKLKIOFFCA37CA,德惠段四小段,1.02,都市：商,10000,102,持分移轉,03850000
RPQNMLKLKIOFFCA37CA,德惠段四小段,1.03,都市：商,10000,102,持分移轉,03860000
RPWOMLKLKIOFFDA28DA,信義段一小段,5.21,都市：商,10000,27,持分移轉,01520000
RPQNMLKLKIOFFCA37CA,德惠段四小段,.04,都市：其他:道路用地(公共設施用地),10000,102,持分移轉,03860001
RPQNMLKLKIOFFFA67CA,懷生段一小段,37.25,都市：住,4,1,持分移轉,05960000
RPWOMLKLKIOFFDA28DA,信義段一小段,1.69,都市：商,10000,27,持分移轉,01520001
RPVNMLRJKHPFFBA28CA,龍山段一小段,31.61,都市：商,10000,592,持分移轉,08240000
SPVNMLRJKHPFFBA38CA,龍山段一小段,31.61,都市：商,10000,592,持分移轉,08240000
WPVNMLRJKHPFFBA78CA,龍山段一小段,27.98,都市：商,10000,524,持分移轉,08240000
XPVNMLRJKHPFFBA88CA,龍山段一小段,19.54,都市：商,10000,366,持分移轉,08240000
UPVNMLRJKHPFFBA58CA,龍山段一小段,22.59,都市：商,10000,423,持分移轉,08240000
RPOOMLNKJHPFFEA57CA,三合段,320.52,都市：住,1000000000,537242451,持分移轉,00350000
VPVNMLRJKHPFFBA68CA,龍山段一小段,31.67,都市：商,10000,593,持分移轉,08240000
RPWOMLKLJHPFFAA77CA,景美段五小段,15.00,都市：商,6,1,持分移轉,01160000
RPQNMLPLKIOFFDA97CA,逸仙段二小段,20.06,都市：住,10000,1875,持分移轉,02600000
RPSPMLQJJHPFFDA18CA,敦化段三小段,19.37,都市：住,3000,146,持分移轉,01950000
RPWNMLMJJHPFFDA97CA,永春段二小段,6.07,都市：住,40584,301,持分移轉,02380004
RPPQMLOLKIOFFEA18CA,福林段三小段,6.39,都市：住,10000,142,持分移轉,08140000
RPWNMLMJJHPFFDA97CA,永春段二小段,18.62,都市：住,40584,301,持分移轉,02380015
RPPQMLOLKIOFFEA18CA,福林段三小段,15.43,都市：住,10000,142,持分移轉,08150000
SPUPMLQLKIOFFDA78CA,永吉段一小段,11.66,都市：住,100000,728,持分移轉,01220000
TPVNMLRJKHPFFBA48CA,龍山段一小段,31.61,都市：商,10000,592,持分移轉,08240000
RPUPMLQLKIOFFDA68CA,永吉段一小段,22.30,都市：住,100000,1393,持分移轉,01220000
RPTNMLQLKIOFFCA28CA,碧湖段四小段,32.76,都市：住,18000,152,持分移轉,05380000
RPWNMLLMKIOFFBA08CA,圓環段二小段,109.00,都市：住,1,1,全筆移轉,00310000
RPTNMLQLKIOFFCA28CA,碧湖段四小段,.00,都市：住,100000,1,持分移轉,05380001
RPTNMLQLKIOFFCA28CA,碧湖段四小段,.01,都市：住,100000,1,持分移轉,05380002
RPTNMLQLKIOFFCA28CA,碧湖段四小段,.00,都市：住,100000,1,持分移轉,05380003
RPURMLNJJHPFFCA28DA,中山段二小段,5.07,都市：商,10000,125,持分移轉,00710000
RPXOMLKLJHPFFAA87CA,景美段五小段,15.00,都市：商,6,1,持分移轉,01160000
RPPPMLQLKIOFFCA08CA,潭美段五小段,36.23,都市：其他:住商混合,10000,117,持分移轉,01130000
RPSNMLRKJHPFFBA97CA,大龍段一小段,16.24,都市：住,100000,2274,持分移轉,01960000
RPVNMLKKJHPFFBA57CA,大龍段一小段,9.72,都市：住,100000,1362,持分移轉,01960000
RPSOMLTJJHPFFBA18CA,雙連段二小段,16.40,都市：商,10000,1000,持分移轉,00530000
RPTPMLKMKIOFFCA97CA,榮星段六小段,29.57,都市：其他:第三種住宅區。,140,10,持分移轉,00450000
RPWNMLKKJHPFFBA67CA,大龍段一小段,7.55,都市：住,100000,1058,持分移轉,01960000
RPPNMLKLJHPFFDA27CA,逸仙段二小段,17.95,都市：住,100000,737,持分移轉,05660000
RPPNMLKLJHPFFDA27CA,逸仙段二小段,18.36,都市：住,100000,737,持分移轉,05670000
RPSOMLLLJHPFFAA47CA,景美段二小段,11.35,都市：住,202732,3048,持分移轉,02110000
RPSOMLLLJHPFFAA47CA,景美段二小段,9.77,都市：住,284,25,持分移轉,02130000
RPSOMLLLJHPFFAA47CA,景美段二小段,.09,都市：其他:道路用地,284,25,持分移轉,02130001
RPPNMLKKJHPFFAA86CA,南海段一小段,17.57,都市：住,43678,49,持分移轉,00840000
RPWNMLQJJHPFFDA38CA,中南段二小段,34.80,都市：其他:市場用地,10000,74,持分移轉,02000000
RPSNMLKLJHPFFFA77CA,通化段六小段,152.67,都市：住,1000000,37978,持分移轉,00300000
RPSNMLKLJHPFFFA77CA,通化段六小段,101.25,都市：住,1000000,37978,持分移轉,00300007
RPVNMLKKKHPFFDA87CA,民生段,6.73,都市：商,681200,673,持分移轉,00620002
RPRNMLLMKIOFFFA97CA,龍泉段二小段,2.45,都市：住,168,1,持分移轉,02630000
RPRNMLLMKIOFFFA97CA,龍泉段二小段,.02,都市：其他:道路用地,168,1,持分移轉,02630001
RPRNMLLMKIOFFFA97CA,龍泉段二小段,.02,都市：其他:道路用地,168,1,持分移轉,02630002
RPXOMLKKJHPFFEA18CA,永新段二小段,19.25,都市：住,10000,244,持分移轉,06120000
RPPOMLSJJHPFFEA08CA,崇仰段一小段,141.14,都市：其他:特定休閒旅館住宅專用區,100000,3081,持分移轉,02130000
RPPNMLNJJHPFFBA27DA,公園段二小段,2.53,都市：商,100000,50,持分移轉,01380000
RPQNMLTKJHPFFFA48DA,仁愛段六小段,31.15,都市：住,10000,269,持分移轉,06180000
RPOPMLMLJHPFFCA57DA,東湖段二小段,61.14,都市：住,10000,132,持分移轉,00030000
RPQPMLNKJHPFFBA57CA,臨沂段二小段,18.92,都市：住,10000,329,持分移轉,02680000
RPPRMLKKJHPFFCA47CA,長春段二小段,36.59,都市：住,35000,3701,持分移轉,08380000
RPPRMLKKJHPFFCA47CA,長春段二小段,9.99,都市：其他:第三種住宅區。,152000,9990,持分移轉,08390000
RPUSMLTJJHPFFCA88CA,舊宗段,143.23,都市：其他:科技工業區,10000,576,持分移轉,00480002
SPUSMLTJJHPFFCA98CA,舊宗段,143.23,都市：其他:科技工業區,10000,576,持分移轉,00480002
RPTRMLNKJHPFFCA18CA,潭美段五小段,1229.15,都市：其他:工商服務展售區,1,1,全筆移轉,00300000
RPTRMLNKJHPFFCA18CA,潭美段五小段,1623.41,都市：其他:工商服務展售區,1,1,全筆移轉,00300001
RPTRMLNKJHPFFCA18CA,潭美段五小段,5193.75,都市：其他:工商服務展售區,1,1,全筆移轉,00310000
RPTRMLNKJHPFFCA18CA,潭美段五小段,697.68,都市：其他:工商服務展售區,1,1,全筆移轉,00310001
RPWNMLLLJHPFFBA87CA,大龍段一小段,7.55,都市：住,100000,1058,持分移轉,01960000
RPVNMLSJJHPFFAA18CA,興泰段二小段,21.76,都市：住,1000,27,持分移轉,02740000
RPPRMLQJJHPFFCA97CA,西湖段一小段,21.68,都市：住,10000,127,持分移轉,07710000
RPOOMLMLJHPFFBA27CA,大龍段一小段,19.32,都市：住,100000,2706,持分移轉,01960000
RPPNMLNJKHPFFCA37CA,舊宗段,1485.64,都市：其他:科技工業區(C區，不得作住宅使用),1,1,全筆移轉,00340006
RPRNMLTJJHPFFDA18CA,經貿段,33.95,都市：住,10000,414,持分移轉,00370001
RPSOMLTJJHPFFEA48CA,天山段一小段,.20,都市：住,20,1,持分移轉,01350000
RPSOMLTJJHPFFEA48CA,天山段一小段,14.35,都市：住,20,1,持分移轉,01370000
RPSOMLTJJHPFFEA48CA,天山段一小段,13.05,都市：住,20,1,持分移轉,01380000
RPQNMLNJKHPFFAA27CA,興隆段二小段,46.13,都市：住,10000,256,持分移轉,03730000
RPOQMLPKJHPFFDA87CA,寶清段一小段,34.72,都市：住,10000,81,持分移轉,00530002
RPTOMLLLKHPFFDA97CA,西松段一小段,17.67,都市：住,6,1,持分移轉,05810000
RPTOMLLLKHPFFDA97CA,西松段一小段,41.17,都市：住,6,1,持分移轉,05820000
RPROMLLLKHPFFDA77CA,西松段一小段,17.67,都市：住,6,1,持分移轉,05810000
RPPOMLLLKHPFFDA57CA,西松段一小段,82.33,都市：住,6,2,持分移轉,05820000
RPQOMLLLKHPFFDA67CA,西松段一小段,17.67,都市：住,6,1,持分移轉,05810000
RPSOMLLLKHPFFDA87CA,西松段一小段,17.67,都市：住,6,1,持分移轉,05810000
RPPOMLLLKHPFFDA57CA,西松段一小段,35.33,都市：住,6,2,持分移轉,05810000
RPROMLLLKHPFFDA77CA,西松段一小段,41.17,都市：住,6,1,持分移轉,05820000
RPQOMLLLKHPFFDA67CA,西松段一小段,41.17,都市：住,6,1,持分移轉,05820000
RPSOMLLLKHPFFDA87CA,西松段一小段,41.17,都市：住,6,1,持分移轉,05820000
RPOPMLPKJHPFFFA97CA,仁愛段四小段,43.47,都市：住,30000,2028,持分移轉,04490000
RPXNMLLLJHPFFDA18CA,信義段一小段,11.98,都市：住,10000,271,持分移轉,02840000
RPUNMLRKKHPFFDA48CA,敦化段一小段,31.92,都市：商,10000,227,持分移轉,00660000
RPXNMLPKJHPFFCA38CA,東湖段一小段,14.63,都市：住,100000,479,持分移轉,00150002
RPXOMLQKJHPFFCA58CA,潭美段五小段,27.08,都市：其他:工商混合區,10000,111,持分移轉,00150003
RPXOMLNKKHPFFDA58DA,寶清段四小段,6.46,都市：其他:聯合開發區(捷),100000,321,持分移轉,05990000
RPVSMLKLJHPFFCA28CA,榮星段二小段,28.35,都市：住,10000,56,持分移轉,00220000
RPVSMLKLJHPFFCA28CA,榮星段二小段,2.69,都市：住,10000,56,持分移轉,00230000
RPVSMLKLJHPFFCA28CA,榮星段二小段,.02,都市：住,10000,56,持分移轉,03700001
RPVSMLKLJHPFFCA28CA,榮星段二小段,.06,都市：住,10000,56,持分移轉,03710001
RPVSMLKLJHPFFCA28CA,榮星段二小段,.03,都市：住,10000,56,持分移轉,00060000
RPVSMLKLJHPFFCA28CA,榮星段二小段,.02,都市：住,10000,56,持分移轉,00070000
RPVSMLKLJHPFFCA28CA,榮星段二小段,.05,都市：住,10000,56,持分移轉,00080000
RPVSMLKLJHPFFCA28CA,榮星段二小段,.27,都市：住,10000,56,持分移轉,00080002
RPVSMLKLJHPFFCA28CA,榮星段二小段,.04,都市：住,10000,56,持分移轉,00090001
RPUNMLPKKHPFFFA48CA,復興段三小段,56.83,都市：住,6,1,持分移轉,04990000
RPXOMLSKKHPFFAA78DA,萬慶段二小段,34.86,都市：住,76816,10260,持分移轉,07020000
RPTNMLQKKHPFFEA48DA,豐年段四小段,52.00,都市：其他:科技工業區(不得作住宅使用),1,1,全筆移轉,05170000
RPTNMLQKKHPFFEA48DA,豐年段四小段,743.00,都市：其他:科技工業區(不得作住宅使用),1,1,全筆移轉,05180000
RPTPMLSKKHPFFEA88DA,豐年段四小段,975.00,都市：其他:科技工業區(不得作住宅使用),1,1,全筆移轉,05190000
RPTPMLSKKHPFFEA88DA,豐年段四小段,86.00,都市：其他:科技工業區(不得作住宅使用),1,1,全筆移轉,05200000
RPSOMLRLKHPFFAA18CA,木柵段二小段,39.31,都市：住,15,1,持分移轉,10110000
RPQOMLKLJIOFFBA27CA,成功段二小段,7.22,都市：商,10000,297,持分移轉,00070000
RPTNMLOKJIOFFCA87CA,金泰段,47.09,都市：住,500000,224,持分移轉,00720000
RPOQMLMLJIOFFDA77DA,寶清段一小段,17.48,都市：住,10000,84,持分移轉,06360000
RPQNMLMKJIOFFFA67CA,仁愛段一小段,20.74,都市：其他:敦化南北路特定專用區,100000,460,持分移轉,03740000
RPPOMLMLJIOFFCA47CA,東湖段二小段,27.54,都市：住,10000,382,持分移轉,00230001
RPQNMLRLKHPFFDA18CA,逸仙段二小段,18.43,都市：住,100000,757,持分移轉,05660000
RPQNMLRLKHPFFDA18CA,逸仙段二小段,18.86,都市：住,100000,757,持分移轉,05670000
RPPOMLNJKIOFFDA57CA,寶清段七小段,6.97,都市：商,100000,615,持分移轉,01320000
RPPOMLOKJIOFFEA87DA,百齡段三小段,6.29,都市：工,100000,119,持分移轉,01940002
SPPOMLPKKHPFFEA08CA,福林段三小段,6.39,都市：住,10000,142,持分移轉,08140000
SPPOMLPKKHPFFEA08CA,福林段三小段,15.43,都市：住,10000,142,持分移轉,08150000
RPTRMLMJKIOFFAA97DA,永昌段二小段,6.36,都市：住,10000,84,持分移轉,04120000
RPPOMLPKKHPFFEA97CA,福林段三小段,6.39,都市：住,10000,142,持分移轉,08140000
RPPOMLPKKHPFFEA97CA,福林段三小段,15.43,都市：住,10000,142,持分移轉,08150000
RPUPMLOLKHPFFDA48CA,逸仙段二小段,17.95,都市：住,100000,737,持分移轉,05660000
RPUPMLOLKHPFFDA48CA,逸仙段二小段,18.36,都市：住,100000,737,持分移轉,05670000
RPOPMLKLJIOFFFA67DA,仁愛段一小段,20.57,都市：其他:敦化南北路特定專用區(A區),10000,67,持分移轉,04890000
RPVNMLOKJIOFFBA97CA,大同段一小段,10.18,都市：商,13990,116,持分移轉,07570000
RPQNMLPLJIOFFAA67DA,興隆段一小段,18.93,都市：住,10000,25,持分移轉,04070001
RPVQMLKLJIOFFCA18DA,大湖段二小段,22.28,都市：住,100000,1270,持分移轉,00630000
RPVQMLOKJIOFFDA58DA,祥和段四小段,322.00,都市：住,1,1,全筆移轉,04940028
RPWNMLLLJIOFFBA87CA,漢中段三小段,9.60,都市：商,5,1,持分移轉,05290000
RPWNMLLLJIOFFBA87CA,漢中段三小段,3.20,都市：商,5,1,持分移轉,05300000
RPQNMLNJKIOFFBA37CA,臨沂段三小段,23.17,都市：住,100000,16090,持分移轉,01020000
RPWOMLKLJIOFFEA18CA,芝山段二小段,29.40,都市：住,1000,35,持分移轉,10790000
RPTQMLOKJIOFFDA28CA,南港段一小段,34.78,都市：住,1000000,8571,持分移轉,03840000
RPTOMLOKJIOFFEA28DA,三玉段二小段,20.09,都市：住,10000,90,持分移轉,03280000
RPTOMLPJKIOFFBA97CA,大龍段一小段,9.72,都市：住,100000,1362,持分移轉,01960000
RPSOMLMKKIOFFDA87CA,雅祥段四小段,13.56,都市：商,30000,594,持分移轉,01550000
RPSNMLPJKIOFFBA77CA,大龍段一小段,9.76,都市：住,100000,1367,持分移轉,01960000
RPVOMLPJKIOFFBA18CA,大龍段一小段,7.59,都市：住,100000,1063,持分移轉,01960000
RPUQMLNJKIOFFEA38CA,光華段四小段,59.02,都市：商,100000,1266,持分移轉,05900000
RPSQMLMLJIOFFDA18DA,信義段一小段,2.50,都市：其他:道路用地(公共設施用地),8,1,持分移轉,00500000
RPSQMLMLJIOFFDA18DA,信義段一小段,25.25,都市：住,4,1,持分移轉,00520000
RPQNMLPJKIOFFBA57CA,大龍段一小段,9.76,都市：住,100000,1367,持分移轉,01960000
RPWOMLOKJIOFFBA18CA,雙園段三小段,24.75,都市：住,4,1,持分移轉,01690000
RPSOMLLLJIOFFAA47CA,興安段一小段,29.48,都市：商,10000,57,持分移轉,01550000
RPUNMLPJKIOFFBA97CA,大龍段一小段,9.72,都市：住,100000,1362,持分移轉,01960000
RPTNMLPJKIOFFBA87CA,大龍段一小段,9.76,都市：住,100000,1367,持分移轉,01960000
RPQQMLPKJIOFFCA08DA,康寧段一小段,56.28,都市：住,10000,1318,持分移轉,03900000
RPUOMLPJKIOFFBA08CA,大龍段一小段,19.32,都市：住,100000,2706,持分移轉,01960000
RPRNMLPJKIOFFBA67CA,大龍段一小段,19.56,都市：住,100000,2739,持分移轉,01960000
RPOPMLQLJIOFFFA28DA,學府段一小段,14.52,都市：住,6000,85,持分移轉,06310000
RPWQMLKLJIOFFCA18CA,康寧段三小段,19.74,都市：其他:市場用地,100000,477,持分移轉,02670001
RPWOMLTJKIOFFDA88CA,逸仙段二小段,17.95,都市：住,100000,737,持分移轉,05660000
RPWOMLTJKIOFFDA88CA,逸仙段二小段,18.36,都市：住,100000,737,持分移轉,05670000
RPVNMLRLJIOFFAA28CA,實踐段一小段,26.97,都市：住,10000,1215,持分移轉,00140000
RPVNMLRLJIOFFAA28CA,實踐段一小段,8.51,都市：住,10000,1215,持分移轉,00150000
RPXOMLKLJIOFFFA38CA,仁愛段二小段,102.01,都市：其他:道路用地,100000,95337,持分移轉,05690000
RPXOMLKLJIOFFFA38CA,仁愛段三小段,53.00,都市：其他:道路用地,1,1,全筆移轉,05220000
RPSNMLTLJIOFFAA18CA,南海段一小段,15.25,都市：商,10000,744,持分移轉,07440000
RPRNMLTJKIOFFBA08CA,大龍段一小段,7.55,都市：住,100000,1058,持分移轉,01960000
RPQNMLTJKIOFFBA97CA,大龍段一小段,7.59,都市：住,100000,1063,持分移轉,01960000
RPTNMLTJKIOFFBA28CA,大龍段一小段,16.00,都市：住,100000,2241,持分移轉,01960000
RPSNMLTJKIOFFBA18CA,大龍段一小段,16.00,都市：住,100000,2241,持分移轉,01960000
RPRPMLSLJIOFFDA58DA,雅祥段三小段,29.60,都市：住,5,1,持分移轉,03360000
RPRNMLKLJIOFFFA67CA,金華段四小段,4.01,都市：商,10000,63,持分移轉,05720000
RPUNMLKLJIOFFFA97CA,金華段四小段,14.95,都市：商,10000,235,持分移轉,05720000
RPORMLPKJHPFFCA87CA,中山段二小段,16.00,都市：住,5,1,持分移轉,02500000
RPTRMLTJJHPFFCA78DA,中山段四小段,31.25,都市：住,48,12,持分移轉,05360000
RPXNMLKLJIOFFEA18CA,芝蘭段一小段,9.74,都市：住,10000,93,持分移轉,01750000
RPRNMLSLJIOFFEA38CA,海光段三小段,.12,都市：商,10000,3,持分移轉,00310000
RPRNMLSLJIOFFEA38CA,海光段三小段,.02,都市：住,10000,3,持分移轉,00350000
RPXNMLKLJIOFFEA18CA,芝蘭段一小段,.25,都市：住,10000,93,持分移轉,01760000
RPXNMLKLJIOFFEA18CA,芝蘭段一小段,1.38,都市：住,10000,93,持分移轉,01770000
RPXNMLKLJIOFFEA18CA,芝蘭段一小段,.02,都市：住,10000,93,持分移轉,01780000
RPXNMLKLJIOFFEA18CA,芝蘭段一小段,26.66,都市：住,10000,84,持分移轉,01790000
RPOOMLPLJIOFFFA97CA,龍泉段二小段,9.29,都市：住,2500,49,持分移轉,06700000
RPPOMLKMKIOFFCA47CA,東湖段三小段,16.86,都市：住,200000,935,持分移轉,00010005
RPRNMLKKKIOFFCA37CA,石潭段四小段,12.46,都市：商,100000,444,持分移轉,04230000
RPUOMLOJKIOFFBA08DA,臨沂段一小段,38.50,都市：住,6,1,持分移轉,05700000
RPPPMLTKJIOFFFA48CA,通化段六小段,19.30,都市：住,10,1,持分移轉,05500000
RPPPMLTKJIOFFFA48CA,通化段六小段,10.10,都市：住,10,1,持分移轉,05530002
RPRQMLMLJIOFFDA08DA,信義段三小段,74.54,都市：住,10000,202,持分移轉,00380000
RPPPMLTKJIOFFFA48CA,通化段六小段,.60,都市：住,10,1,持分移轉,05530003
RPPNMLKMJIOFFFA67DA,龍泉段二小段,27.27,都市：住,17630,808,持分移轉,07410000
RPOPMLPJKIOFFBA57CA,公園段三小段,4.20,都市：商,160,8,持分移轉,00080000
RPOPMLPJKIOFFBA57CA,公園段三小段,.45,都市：其他:道路用地,160,8,持分移轉,00080001
RPOPMLPJKIOFFBA57CA,公園段三小段,17.20,都市：商,160,8,持分移轉,00090000
RPOPMLPJKIOFFBA57CA,公園段三小段,1.00,都市：其他:道路用地,160,8,持分移轉,00090001
RPSNMLLLJIOFFDA67CA,吳興段二小段,22.44,都市：住,10000,240,持分移轉,07460000
RPSNMLLLJIOFFDA67CA,吳興段二小段,3.55,都市：住,10000,120,持分移轉,07520000
RPPPMLTJKIOFFBA08CA,大龍段一小段,7.55,都市：住,100000,1058,持分移轉,01960000
RPWRMLMJKIOFFAA28DA,景美段四小段,2.04,都市：商,10000,71,持分移轉,06060000
RPQNMLLKKIOFFBA27CA,市府段二小段,8.29,都市：商,10000,114,持分移轉,05020000
RPORMLPLJIOFFCA08DA,文德段二小段,28.89,都市：住,10000,399,持分移轉,06450000
RPXQMLLLJIOFFBA28CA,漢中段二小段,7.10,都市：商,10000,15,持分移轉,09770000
RPOPMLTJKIOFFBA97CA,大龍段一小段,9.72,都市：住,100000,1362,持分移轉,01960000
RPQNMLOJKIOFFDA67CA,寶清段七小段,3.84,都市：商,100000,339,持分移轉,01320000
RPOOMLKMKIOFFEA57CA,天母段三小段,45.00,都市：住,5,1,持分移轉,03340001
RPUNMLMLJIOFFFA18CA,仁愛段五小段,25.42,都市：住,5000,353,持分移轉,03120000
RPVNMLKKKIOFFFA18DA,懷生段四小段,35.25,都市：住,4,1,持分移轉,00940000
RPSNMLOLJIOFFAA67CA,木柵段二小段,24.40,都市：住,60,1,持分移轉,03630000
RPSNMLOLJIOFFAA67CA,木柵段二小段,63.00,都市：住,1,1,全筆移轉,03750000
RPUOMLQLJIOFFFA68CA,瑞安段二小段,11.60,都市：住,5,1,持分移轉,06590000
RPUOMLQLJIOFFFA68CA,瑞安段二小段,14.80,都市：住,5,1,持分移轉,06600000
RPUOMLQLJIOFFFA68CA,瑞安段二小段,17.60,都市：住,5,1,持分移轉,06610000
RPUOMLQLJIOFFFA68CA,瑞安段二小段,65.00,都市：其他:道路用地(公共設施用地),1,1,全筆移轉,06620000
RPXOMLTJJHPFFBA68CA,橋北段三小段,51.00,都市：住,2,1,持分移轉,06270000
RPPPMLSKKIOFFCA18CA,康寧段三小段,.41,都市：其他:市場用地,100000,10,持分移轉,02670001
RPTNMLSLJIOFFCA38CA,舊宗段,1031.32,都市：其他:科技工業區(C區),1,1,全筆移轉,00480011
RPUOMLKKKIOFFCA77CA,中山段一小段,177.00,都市：商,1,1,全筆移轉,05410000
RPRNMLRLJIOFFBA97CA,龍山段一小段,14.47,都市：商,10000,127,持分移轉,02260000
RPRNMLMJKIOFFEA67CA,溫泉段一小段,3.04,都市：商,10000,32,持分移轉,02590000
RPRNMLMJKIOFFEA67CA,溫泉段一小段,5.87,都市：住,10000,32,持分移轉,02630000
RPSNMLOJKIOFFAA57CA,河堤段二小段,17.24,都市：商,100000,1266,持分移轉,05500000
RPSNMLLJKIOFFEA77DA,芝蘭段二小段,51.75,都市：住,100000,2042,持分移轉,06800000
RPSNMLOJKIOFFAA57CA,河堤段二小段,12.05,都市：商,100000,1266,持分移轉,05510000
RPQRMLMJKIOFFBA77DA,中正段二小段,74.40,都市：住,10000,891,持分移轉,02590000
RPTPMLPJKIOFFDA28CA,西松段一小段,43.75,都市：住,4,1,持分移轉,02940000
RPXOMLTLJIOFFFA66CA,金華段一小段,32.80,都市：住,10,1,持分移轉,01360000
RPPNMLPJKIOFFDA67CA,信義段三小段,76.75,都市：其他:特定業務區,10000,112,持分移轉,00260000
RPRPMLMKKIOFFCA87DA,正義段二小段,1.67,都市：商,17160,175,持分移轉,00100000
RPRPMLMKKIOFFCA87DA,正義段二小段,3.43,都市：商,17160,175,持分移轉,00120000
RPRPMLMKKIOFFCA87DA,正義段二小段,.07,都市：其他:道路用地,17160,175,持分移轉,00120001
RPUOMLLKKIOFFAA67CA,興泰段三小段,30.28,都市：住,10000,192,持分移轉,03770000
RPUOMLNJKIOFFCA97CA,東湖段八小段,78.76,都市：住,10000,122,持分移轉,00420000
RPVNMLMKKIOFFDA08CA,敦化段一小段,42.15,都市：住,1000,75,持分移轉,06900000
RPWNMLMKKIOFFDA18CA,敦化段一小段,31.47,都市：住,1000,56,持分移轉,06900000
RPXRMLKKKIOFFAA18CA,政大段一小段,62.48,都市：住,400000,7748,持分移轉,00090000
RPRNMLPKKIOFFDA08DA,南港段三小段,36.50,都市：住,10000,411,持分移轉,02710000
RPQOMLQLKIOFFEA28CA,光華段四小段,8.69,都市：商,1000000,6168,持分移轉,05240000
RPXNMLKKKIOFFEA28DA,溫泉段二小段,29.67,都市：住,1000,43,持分移轉,01940000
RPXNMLKKKIOFFEA28DA,溫泉段二小段,2.02,都市：其他:道路用地,1000,43,持分移轉,01950000
RPXNMLKKKIOFFEA28DA,溫泉段二小段,.17,都市：其他:道路用地,1000,43,持分移轉,01960000
RPQOMLQLKIOFFEA28CA,光華段四小段,.59,都市：商,1000000,6168,持分移轉,05240002
RPQOMLQLKIOFFEA28CA,光華段四小段,.25,都市：商,1000000,6168,持分移轉,05240003
RPQOMLQLKIOFFEA28CA,光華段四小段,.31,都市：商,1000000,6168,持分移轉,05240004
RPQOMLQLKIOFFEA28CA,光華段四小段,.70,都市：商,1000000,6168,持分移轉,05240005
RPTOMLMKKIOFFBA77CA,直興段三小段,10.03,都市：商,10000,219,持分移轉,02120000
RPTNMLQJKIOFFCA08CA,康寧段三小段,45.49,都市：住,10000,88,持分移轉,05470004
RPRPMLRJJHPFFAA87CA,萬慶段一小段,34.68,都市：住,10000,258,持分移轉,01370000
RPXOMLQJJHPFFEA68CA,新民段三小段,120.79,都市：住,10000,475,持分移轉,01300000
RPWOMLQKKIOFFEA88DA,奇岩段五小段,25.44,都市：住,10000,75,持分移轉,02870000
RPPPMLNLKIOFFBA67CA,萬華段二小段,17.00,都市：商,1,1,全筆移轉,01830000
RPPPMLNLKIOFFBA67CA,萬華段二小段,87.00,都市：商,1,1,全筆移轉,01840000
RPUQMLTKKIOFFCA88CA,潭美段五小段,42.18,都市：住,100000,4495,持分移轉,01240000
RPWPMLNKKIOFFEA58CA,百齡段四小段,11.31,都市：住,42,1,持分移轉,00140000
RPVQMLMKKIOFFAA08CA,興隆段二小段,48.09,都市：住,10000,218,持分移轉,02480000
RPPRMLTKKIOFFCA48CA,長春段三小段,27.00,都市：住,3,1,持分移轉,03460000
RPSOMLTKKIOFFEA68CA,百齡段六小段,34.96,都市：住,10000,1150,持分移轉,08020000
RPTNMLNJJHPFFCA67CA,康寧段三小段,20.28,都市：其他:市場用地,100000,490,持分移轉,02670001
RPQNMLLLKIOFFAA37DA,華興段二小段,29.78,都市：住,100000,1298,持分移轉,00570004
RPQNMLLLKIOFFAA37DA,華興段二小段,11.75,都市：住,100000,1298,持分移轉,00780002
RPUNMLQLKIOFFCA38CA,碧湖段三小段,41.21,都市：住,10000,74,持分移轉,04270000
RPPOMLRLKIOFFBA97CA,雙連段一小段,15.94,都市：住,10000,56,持分移轉,06810000
RPPPMLLMKIOFFEA87CA,光華段四小段,58.09,都市：商,100000,1246,持分移轉,05900000
RPTNMLRLKIOFFBA28CA,青年段一小段,17.95,都市：商,9615,175,持分移轉,01310000
RPXNMLOKJHPFFEA48CA,光華段四小段,1.40,都市：商,100000,30,持分移轉,05900000
RPUNMLRKJHPFFBA18CA,大龍段一小段,19.32,都市：住,100000,2706,持分移轉,01960000
RPWPMLTJJHPFFAA68DA,興泰段一小段,69.44,都市：住,10000,93,持分移轉,06910000
RPQOMLQJJHPFFBA67CA,城中段一小段,6.02,都市：商,10000,151,持分移轉,06910000
RPQOMLSJJHPFFDA08CA,吳興段一小段,.04,都市：其他:道路用地(公共設施用地)【51/9/1】,800,7,持分移轉,00010000
RPOSMLRJJHPFFCA18DA,東湖段八小段,46.57,都市：住,10000,52,持分移轉,00260000
RPQOMLSJJHPFFDA08CA,吳興段一小段,15.03,都市：商,800,7,持分移轉,00020000
RPQOMLSJJHPFFDA08CA,吳興段一小段,3.72,都市：住,800,7,持分移轉,00020001
RPQOMLSJJHPFFDA08CA,吳興段一小段,.10,都市：其他:道路用地(公共設施用地)【51/9/1】,800,7,持分移轉,00030000
RPQOMLSJJHPFFDA08CA,吳興段一小段,.02,都市：其他:道路用地(公共設施用地)【51/9/1】,800,7,持分移轉,00040000
RPUVMLTJJHPFFCA66DA,德惠段三小段,25.02,都市：住,10000,460,持分移轉,00190000
RPXOMLTJJHPFFFA09CA,仁愛段五小段,.73,都市：商,68366,422,持分移轉,02400000
RPXOMLTJJHPFFFA09CA,仁愛段五小段,.14,都市：商,7563,42,持分移轉,02410000
RPXOMLTJJHPFFFA09CA,仁愛段五小段,.20,都市：商,10285,60,持分移轉,02420000
RPXOMLTJJHPFFFA09CA,仁愛段五小段,.25,都市：商,11495,60,持分移轉,02470000
RPXOMLTJJHPFFFA09CA,仁愛段五小段,.49,都市：商,22385,120,持分移轉,02480000
RPXOMLTJJHPFFFA09CA,仁愛段五小段,4.42,都市：商,470690,2662,持分移轉,02490000
RPXOMLTJJHPFFFA09CA,仁愛段五小段,2.52,都市：商,151250,756,持分移轉,02500000
RPVNMLPKJHPFFDA28CA,逸仙段三小段,12.00,都市：其他:道路用地(公共設施用地),2,1,持分移轉,02290000
RPVNMLPKJHPFFDA28CA,逸仙段三小段,12.00,都市：其他:道路用地(公共設施用地),2,1,持分移轉,05100000
RPVPMLOKJHPFFCA28CA,碧湖段一小段,98.49,都市：住,50000,341,持分移轉,07600000
RPVPMLOKJHPFFCA28CA,碧湖段一小段,1.28,都市：住,50000,341,持分移轉,07710006
RPQQMLNJKHPFFCA77CA,康寧段二小段,27.32,都市：住,10000,132,持分移轉,04850000
RPQQMLNJKHPFFCA77CA,碧湖段一小段,6.54,都市：住,10000,132,持分移轉,08370000
RPROMLNJKHPFFCA67CA,康寧段三小段,.83,都市：其他:市場用地,100000,20,持分移轉,02670001
RPVOMLKLJHPFFDA97CA,寶清段二小段,4.51,都市：商,10000,121,持分移轉,03940000
RPQOMLNJKHPFFCA57CA,康寧段三小段,.41,都市：其他:市場用地,100000,10,持分移轉,02670001
RPVOMLKLJHPFFDA97CA,寶清段二小段,5.77,都市：商,10000,121,持分移轉,03960000
RPVNMLOJKHPFFBA97CA,文昌段二小段,35.71,都市：住,100000,1633,持分移轉,02630000
RPTRMLOKJHPFFCA28CA,康寧段三小段,31.68,都市：其他:交通用地,100000,388,持分移轉,01990000
RPTNMLPJKHPFFCA97CA,北安段二小段,3.76,都市：住,80000,1073,持分移轉,02460000
RPTNMLPJKHPFFCA97CA,北安段二小段,31.75,都市：住,4,1,持分移轉,02500000
RPTNMLPJKHPFFCA97CA,北安段二小段,.50,都市：其他:道路用地(公共設施用地)。,4,1,持分移轉,02500001
RPOPMLPKKHPFFEA97CA,永平段三小段,43.10,都市：住,10,1,持分移轉,01270000
RPRNMLSJKHPFFEA38DA,百齡段六小段,5.75,都市：其他:道路用地,4,1,持分移轉,04130000
RPRNMLSJKHPFFEA38DA,百齡段六小段,30.25,都市：住,4,1,持分移轉,04140000
RPUNMLMKJIOFFFA08CA,懷生段二小段,50.00,都市：住,4,1,持分移轉,01670000
RPQNMLNLKHPFFEA97DA,永新段四小段,24.35,都市：住,10000,250,持分移轉,01730000
RPWQMLPKJIOFFCA68DA,石潭段四小段,20.98,都市：商,100000,1970,持分移轉,03210000
RPQOMLPKJIOFFAA57CA,政大段四小段,16.99,都市：住,100000,1048,持分移轉,05890000
RPRNMLMKJIOFFBA37CA,雙園段三小段,36.75,都市：住,8,2,持分移轉,06300000
RPSPMLMLJIOFFCA87CA,中山段三小段,8.97,都市：商,99983,884,持分移轉,00110000
RPQQMLLLJIOFFCA67CA,碧湖段三小段,48.52,都市：住,57400,284,持分移轉,00690000
TPTPMLNJKIOFFDA28CA,民生段,47.00,都市：住,4,1,持分移轉,01040011
RPQQMLLLJIOFFCA67CA,碧湖段三小段,2.75,都市：住,57400,284,持分移轉,00690012
RPQOMLLKJIOFFFA67CA,金華段一小段,25.38,都市：住,10000,1410,持分移轉,01960000
RPPOMLSKJIOFFDA08CA,敦化段五小段,27.33,都市：住,10000,48,持分移轉,00220000
RPPOMLQJLHPFFDA97CA,逸仙段二小段,17.46,都市：住,100000,717,持分移轉,05660000
RPPOMLQJLHPFFDA97CA,逸仙段二小段,17.86,都市：住,100000,717,持分移轉,05670000
RPTPMLNJKIOFFDA08CA,民生段,14.43,都市：住,10000,486,持分移轉,01040004
RPTPMLNJKIOFFDA08CA,民生段,7.97,都市：住,10000,486,持分移轉,01040023
RPTPMLNJKIOFFDA08CA,民生段,7.92,都市：住,10000,486,持分移轉,01040024
RPQNMLKMJIOFFAA27DA,河堤段六小段,.42,都市：商,10000,144,持分移轉,02690001
RPQNMLKMJIOFFAA27DA,河堤段六小段,.27,都市：住,10000,144,持分移轉,02700000
SPTPMLNJKIOFFDA18CA,民生段,15.09,都市：住,10000,508,持分移轉,01040004
RPQNMLKMJIOFFAA27DA,河堤段六小段,9.29,都市：商,10000,144,持分移轉,02700001
RPXPMLKLJIOFFEA38CA,三合段,41.92,都市：住,100000,1639,持分移轉,00740000
SPTPMLNJKIOFFDA18CA,民生段,8.33,都市：住,10000,508,持分移轉,01040023
SPTPMLNJKIOFFDA18CA,民生段,8.28,都市：住,10000,508,持分移轉,01040024
RPSNMLLLJIOFFAA37CA,政大段四小段,27.00,都市：住,8,1,持分移轉,03710000
RPVOMLTLJIOFFDA98DA,敦化段二小段,3.06,都市：商,100000,301,持分移轉,02560000
RPOQMLRKKIOFFCA08CA,康寧段二小段,27.32,都市：住,10000,132,持分移轉,04850000
RPOQMLRKKIOFFCA08CA,碧湖段一小段,6.54,都市：住,10000,132,持分移轉,08370000
RPPQMLRKKIOFFCA18CA,康寧段二小段,27.53,都市：住,10000,133,持分移轉,04850000
RPPQMLRKKIOFFCA18CA,碧湖段一小段,6.59,都市：住,10000,133,持分移轉,08370000
RPTPMLQLJIOFFEA58CA,三合段,44.36,都市：住,100000,1589,持分移轉,00050000
RPTTMLSKNHPFFAA09CA,河堤段六小段,11.51,都市：商,10000,354,持分移轉,02590000
RPUPMLSLJIOFFCA78DA,吉林段五小段,5.24,都市：商,462523,1590,持分移轉,00230000
RPPNMLPKNHPFFAA77CA,河堤段六小段,11.89,都市：商,10000,366,持分移轉,02590000
RPQNMLNJKIOFFEA67CA,溫泉段三小段,92.11,都市：住,100000,1451,持分移轉,02830000
RPQNMLNJKIOFFEA67CA,溫泉段三小段,.06,都市：住,100000,19,持分移轉,04330000
RPRTMLSKNHPFFAA88CA,河堤段六小段,11.51,都市：商,10000,354,持分移轉,02590000
RPQNMLPKNHPFFAA87CA,河堤段六小段,11.51,都市：商,10000,354,持分移轉,02590000
RPQTMLSKNHPFFAA78CA,河堤段六小段,11.89,都市：商,10000,366,持分移轉,02590000
RPWNMLOJKIOFFBA08CA,雙連段一小段,19.64,都市：住,10000,69,持分移轉,06810000
RPRQMLSLJIOFFCA48CA,德惠段三小段,73.02,都市：其他:道路用地,1,1,全筆移轉,08810007
RPRQMLSLJIOFFCA48CA,德惠段三小段,111.00,都市：其他:道路用地,1,1,全筆移轉,08810008
RPPPMLQJKIOFFBA77CA,漢中段一小段,13.88,都市：商,100000,2426,持分移轉,05300000
RPXQMLQLJIOFFCA98DA,長安段三小段,27.50,都市：住,4,1,持分移轉,05810000
RPPPMLTKKIOFFCA28CA,石潭段四小段,82.65,都市：住,10000,360,持分移轉,03960000
RPSQMLSLJIOFFCA58CA,德惠段三小段,296.15,都市：其他:道路用地,1,1,全筆移轉,08810000
RPSQMLSLJIOFFCA58CA,德惠段三小段,101.90,都市：其他:道路用地,1,1,全筆移轉,08810003
RPRQMLNKKIOFFEA18CA,開明段一小段,63.00,都市：住,1,1,全筆移轉,05340000
SPPNMLOJKIOFFEA77CA,文林段三小段,27.39,都市：住,100000,2118,持分移轉,09230000
RPRQMLNKKIOFFEA18CA,開明段一小段,5.00,都市：其他:道路用地,1,1,全筆移轉,05340001
RPPNMLOJKIOFFEA67CA,文林段三小段,27.36,都市：住,100000,2116,持分移轉,09230000
RPXNMLLKKIOFFEA28CA,芝山段二小段,29.95,都市：住,10000,249,持分移轉,05710000
RPTNMLLLKIOFFAA67DA,公訓段三小段,34.44,都市：住,100000,1515,持分移轉,00390000
RPTNMLLLKIOFFAA67DA,公訓段三小段,4.05,都市：住,100000,1515,持分移轉,00390001
RPTNMLLLKIOFFAA67DA,公訓段三小段,14.71,都市：住,100000,1515,持分移轉,00390002
RPOPMLOKJHPFFAA37CA,萬慶段一小段,49.59,都市：住,10000,369,持分移轉,01370000
RPUNMLKLJHPFFAA47CA,河堤段二小段,22.77,都市：住,100000,1672,持分移轉,05500000
RPUNMLKLJHPFFAA47CA,河堤段二小段,15.92,都市：商,100000,1672,持分移轉,05510000
RPWOMLSKKIOFFDA88CA,美仁段二小段,11.38,都市：住,10000,34,持分移轉,02230000
RPQOMLLMKIOFFAA47CA,萬隆段一小段,.80,都市：商,10,1,持分移轉,00740000
RPUPMLOLKIOFFCA38CA,潭美段五小段,31.91,都市：住,100000,4650,持分移轉,01660000
RPWNMLQKKIOFFBA38CA,漢中段一小段,.00,都市：商,100000,17,持分移轉,01370000
RPWNMLQKKIOFFBA38CA,漢中段一小段,.07,都市：商,1250,21,持分移轉,01360000
RPWNMLQKKIOFFBA38CA,漢中段一小段,.00,都市：商,100000,17,持分移轉,01380000
RPWNMLQKKIOFFBA38CA,漢中段一小段,.01,都市：商,100000,17,持分移轉,01020000
RPWNMLQKKIOFFBA38CA,漢中段一小段,.00,都市：商,1000000,17,持分移轉,01030000
RPWNMLQKKIOFFBA38CA,漢中段一小段,.03,都市：商,100000,17,持分移轉,01040000
RPWNMLQKKIOFFBA38CA,漢中段一小段,.19,都市：商,25000,21,持分移轉,01080000
RPWNMLQKKIOFFBA38CA,漢中段一小段,.42,都市：商,1250,21,持分移轉,01350000
RPWNMLQKKIOFFBA38CA,漢中段一小段,.52,都市：商,20000,67,持分移轉,01390000
RPWNMLQKKIOFFBA38CA,漢中段一小段,3.10,都市：商,2500,31,持分移轉,01400000
RPWNMLQKKIOFFBA38CA,漢中段一小段,.00,都市：商,1000000,17,持分移轉,01410000
RPTNMLPLKIOFFDA28CA,信義段三小段,54.08,都市：其他:特定業務區,10000000,337800,持分移轉,00520003
RPTNMLPLKIOFFDA28CA,信義段三小段,64.15,都市：其他:特定業務區,10000000,337800,持分移轉,00520002
RPPRMLTJLHPFFAA38DA,河堤段四小段,22.07,都市：住,16800,1200,持分移轉,05610000
RPPRMLTJLHPFFAA38DA,河堤段四小段,.29,都市：其他:道路用地,16800,1200,持分移轉,05610001
RPSOMLLMKIOFFDA97CA,永春段二小段,4.39,都市：住,30966,301,持分移轉,02380000
RPSOMLLMKIOFFDA97CA,永春段二小段,19.01,都市：住,30966,301,持分移轉,02380014
RPRNMLSJJHPFFBA87CA,雙連段一小段,19.64,都市：住,10000,69,持分移轉,06810000
RPUPMLNJJHPFFDA18DA,信義段一小段,15.07,都市：住,10000,14,持分移轉,02690004
RPUUMLLLJHPFFCA58DA,文德段一小段,28.07,都市：住,10000,57,持分移轉,03190000
RPRNMLNJKHPFFFA87CA,金華段二小段,38.13,都市：商,100000,1318,持分移轉,09630000
RPQNMLNJKHPFFFA77CA,金華段二小段,38.07,都市：商,100000,1316,持分移轉,09630000
RPOPMLKKKHPFFEA57DA,福林段二小段,85.11,都市：住,100000,573,持分移轉,05940000
RPROMLRJKHPFFCA08CA,正義段三小段,11.77,都市：商,100000,965,持分移轉,03540000
RPUQMLRLJIOFFDA78CA,舊莊段一小段,42.00,都市：其他:保護區,100,75,持分移轉,02870001
RPUQMLRLJIOFFDA78CA,舊莊段一小段,247.50,都市：其他:保護區,100,75,持分移轉,02760000
RPUQMLRLJIOFFDA78CA,舊莊段一小段,2868.75,都市：其他:保護區,100,75,持分移轉,02870000
RPUQMLRLJIOFFDA78CA,舊莊段一小段,622.50,都市：其他:保護區,100,75,持分移轉,02850000
RPUQMLRLJIOFFDA78CA,舊莊段一小段,298.50,都市：其他:保護區,100,75,持分移轉,02050000
RPUQMLRLJIOFFDA78CA,舊莊段一小段,292.50,都市：其他:保護區,100,75,持分移轉,02730000
RPUQMLRLJIOFFDA78CA,舊莊段一小段,920.25,都市：其他:保護區,100,75,持分移轉,02880000
RPUQMLRLJIOFFDA78CA,舊莊段一小段,1210.50,都市：其他:保護區,100,75,持分移轉,02890000
RPUQMLRLJIOFFDA78CA,舊莊段一小段,2524.50,都市：其他:保護區,100,75,持分移轉,02900000
RPUQMLRLJIOFFDA78CA,舊莊段一小段,350.25,都市：其他:保護區,100,75,持分移轉,02860000
RPUQMLRLJIOFFDA78CA,舊莊段一小段,27.00,都市：其他:保護區,100,75,持分移轉,02870004
RPUQMLRLJIOFFDA78CA,舊莊段一小段,9.75,都市：其他:保護區,100,75,持分移轉,02870005
RPQOMLRJKHPFFCA97CA,正義段三小段,13.01,都市：商,100000,1066,持分移轉,03540000
RPWNMLKKKIOFFDA97CA,民生段,45.47,都市：住,10000,2067,持分移轉,01190025
RPTQMLTJKIOFFCA68CA,康寧段三小段,.41,都市：其他:市場用地,100000,10,持分移轉,02670001
RPRQMLNKJIOFFDA97CA,民生段,33.00,都市：其他:敦化南北特定專用區(B區),10000,245,持分移轉,01340002
RPTOMLPLJIOFFEA38CA,秀山段三小段,53.17,都市：住,1000000000,12104974,持分移轉,04270000
RPUQMLTJKIOFFCA78CA,康寧段三小段,.41,都市：其他:市場用地,100000,10,持分移轉,02670001
RPRNMLMLJIOFFBA47CA,漢中段一小段,.00,都市：商,4000000,44,持分移轉,01030000
RPRNMLMLJIOFFBA47CA,漢中段一小段,.02,都市：商,400000,44,持分移轉,01040000
RPRNMLMLJIOFFBA47CA,漢中段一小段,.13,都市：商,100000,56,持分移轉,01080000
RPRNMLMLJIOFFBA47CA,漢中段一小段,.28,都市：商,10000,112,持分移轉,01350000
RPRNMLMLJIOFFBA47CA,漢中段一小段,.04,都市：商,10000,112,持分移轉,01360000
RPRNMLMLJIOFFBA47CA,漢中段一小段,.00,都市：商,400000,44,持分移轉,01370000
RPRNMLMLJIOFFBA47CA,漢中段一小段,.00,都市：商,100000,8,持分移轉,01380000
RPRNMLMLJIOFFBA47CA,漢中段一小段,.34,都市：商,100000,224,持分移轉,01390000
RPRNMLMLJIOFFBA47CA,漢中段一小段,2.40,都市：商,10000,96,持分移轉,01400000
RPRNMLMLJIOFFBA47CA,漢中段一小段,.00,都市：商,4000000,44,持分移轉,01410000
RPRNMLMLJIOFFBA47CA,漢中段一小段,.01,都市：商,400000,44,持分移轉,01020000
RPOPMLMLJIOFFDA57CA,濱江段四小段,26.38,都市：住,10000,122,持分移轉,03060000
RPTRMLQLJIOFFCA58CA,金泰段,21.28,都市：其他:娛樂區,100000,749,持分移轉,00070005
RPVOMLRLJIOFFDA68CA,玉成段四小段,26.60,都市：住,10,1,持分移轉,04250000
RPTPMLSLJIOFFCA58CA,西湖段一小段,37.75,都市：住,10000,162,持分移轉,03560000
RPTPMLSLJIOFFCA58CA,西湖段一小段,1.20,都市：其他:道路用地(公共設施用地),10000,162,持分移轉,03560002
RPPNMLTLJIOFFDA18CA,福德段三小段,32.00,都市：住,4,1,持分移轉,07390000
RPSOMLTLJIOFFDA58CA,吳興段二小段,4.67,都市：住,100000,1196,持分移轉,07900006
RPSOMLTLJIOFFDA58CA,吳興段二小段,4.67,都市：住,100000,1196,持分移轉,07900014
RPSOMLTLJIOFFDA58CA,吳興段二小段,4.67,都市：住,100000,1196,持分移轉,07900015
RPSOMLTLJIOFFDA58CA,吳興段二小段,4.67,都市：住,100000,1196,持分移轉,07900016
RPUNMLKLKIOFFCA77CA,榮星段四小段,6.15,都市：住,600000,4161,持分移轉,07650000
RPUNMLKLKIOFFCA77CA,榮星段四小段,2.30,都市：住,600000,4161,持分移轉,07650006
RPVPMLOKJHPFFDA38CA,敦化段一小段,41.80,都市：商,10000,302,持分移轉,00970000
RPOQMLKMKIOFFCA57CA,西湖段二小段,3.06,都市：住,10000,180,持分移轉,04880000
RPOQMLKMKIOFFCA57CA,西湖段二小段,21.66,都市：住,10000,180,持分移轉,04890000
RPQNMLTJKIOFFCA08CA,東湖段一小段,24.57,都市：住,1000,26,持分移轉,00040007
RPPPMLKMKIOFFDA67CA,敦化段二小段,16.85,都市：其他:敦化南北路特定專用區(B區),3010000000,29562030,持分移轉,05580000
RPPPMLKMKIOFFDA67CA,敦化段二小段,13.93,都市：其他:敦化南北路特定專用區(B區),3010000000,29562030,持分移轉,05590000
RPRNMLNJJHPFFCA47CA,康寧段三小段,.41,都市：其他:市場用地,100000,10,持分移轉,02670001
RPTPMLOLKIOFFCA28CA,潭美段五小段,34.21,都市：住,100000,4985,持分移轉,01660000
RPRNMLOKKIOFFEA08DA,行義段一小段,100.73,都市：住,10000,268,持分移轉,02660000
RPRPMLOLKIOFFCA08CA,吉林段四小段,.31,都市：商,10000,1,持分移轉,09230000
RPROMLQKKIOFFDA28DA,三興段三小段,6.26,都市：商,10000,101,持分移轉,03310000
RPROMLQKKIOFFDA28DA,三興段三小段,1.42,都市：商,10000,101,持分移轉,03350000
RPWNMLNJJHPFFEA28DA,天山段二小段,26.00,都市：住,10000,51,持分移轉,00430000
RPTNMLKKKHPFFEA77CA,新民段二小段,36.66,都市：住,10000,223,持分移轉,02610000
RPSNMLMKJHPFFFA97DA,瑞安段二小段,65.43,都市：住,100000,4059,持分移轉,06450000
RPSPMLTLJIOFFDA68CA,美仁段一小段,20.27,都市：住,10000,215,持分移轉,01550000
RPPNMLPLJIOFFAA57DA,政大段一小段,86.54,都市：住,10000,465,持分移轉,01130000
RPRPMLRKKIOFFEA48CA,三合段,35.18,都市：住,100000,1540,持分移轉,00630000
RPWNMLRLJIOFFCA68DA,康寧段三小段,19.55,都市：住,10000,25,持分移轉,03810000
RPXOMLRLJIOFFDA88CA,玉成段四小段,26.60,都市：住,30,3,持分移轉,04250000
RPXOMLTLJIOFFDA09CA,永春段一小段,37.75,都市：住,4,1,持分移轉,02070000
RPTSMLSKNHPFFAA98CA,河堤段六小段,11.89,都市：商,10000,366,持分移轉,02590000
RPXOMLTLJIOFFDA09CA,永春段一小段,7.50,都市：其他:道路用地,4,1,持分移轉,02080000
RPWSMLSKNHPFFAA66CA,河堤段六小段,11.86,都市：商,10000,365,持分移轉,02590000
RPWNMLLMKIOFFDA38DA,西松段一小段,9.36,都市：住,100,4,持分移轉,02600000
RPVQMLTJJHPFFCA78CA,碧湖段三小段,96.98,都市：住,10000,229,持分移轉,01660000
RPUOMLPJKHPFFAA97CA,萬慶段一小段,48.79,都市：住,10000,363,持分移轉,01370000
RPSOMLQKJHPFFBA97CA,莒光段二小段,3.10,都市：商,3753,30,持分移轉,08470000
RPPQMLKKLHPFFCA57CA,康寧段三小段,10.94,都市：住,10000,195,持分移轉,05450003
RPRPMLQKJHPFFDA18CA,信義段三小段,35.83,都市：其他:特定業務區,10000000,188700,持分移轉,00520002
RPRPMLQKJHPFFDA18CA,信義段三小段,30.21,都市：其他:特定業務區,10000000,188700,持分移轉,00520003
RPVNMLNKJIOFFAA77CA,實踐段一小段,32.19,都市：住,10000,106,持分移轉,04670000
RPPOMLKLJIOFFBA17CA,成功段二小段,5.64,都市：商,10000,232,持分移轉,00070000
RPTQMLRLKIOFFCA68CA,潭美段五小段,29.97,都市：住,10000,482,持分移轉,01080000
RPXOMLSKKIOFFEA09CA,百齡段一小段,14.67,都市：住,36,11,持分移轉,00700000
RPXOMLSKKIOFFEA09CA,百齡段一小段,25.06,都市：其他:道路用地,36,11,持分移轉,01320000
RPPPMLRLKIOFFCA18CA,潭美段五小段,40.42,都市：住,10000,650,持分移轉,01080000
RPVOMLSKKIOFFEA88CA,百齡段一小段,14.67,都市：住,36,11,持分移轉,00700000
RPVOMLSKKIOFFEA88CA,百齡段一小段,25.06,都市：其他:道路用地,36,11,持分移轉,01320000
RPVNMLKMJHPFFBA77CA,直興段一小段,303.00,都市：商,1,1,全筆移轉,05370000
RPVNMLKMJHPFFBA77CA,直興段一小段,50.00,都市：商,1,1,全筆移轉,05380000
RPPOMLMLJIOFFAA27CA,實踐段一小段,38.03,都市：住,100000,1838,持分移轉,06820000
RPOOMLQKJHPFFBA57CA,青年段一小段,16.78,都市：住,31555,23,持分移轉,00740000
RPROMLKLJIOFFAA27CA,河堤段二小段,17.11,都市：商,100000,1256,持分移轉,05500000
RPROMLKLJIOFFAA27CA,河堤段二小段,11.96,都市：商,100000,1256,持分移轉,05510000
RPOOMLMJKIOFFCA27CA,正義段一小段,107.00,都市：商,1,1,全筆移轉,00020000
RPPNMLSKJHPFFCA87CA,德惠段四小段,9.04,都市：商,10000,70,持分移轉,03100000
RPSPMLRJJHPFFAA97CA,萬慶段一小段,36.56,都市：住,10000,272,持分移轉,01370000
RPPNMLLLKIOFFAA27DA,福和段二小段,15.88,都市：住,100000,528,持分移轉,06990000
RPSPMLRLKIOFFEA78DA,新民段二小段,8.87,都市：住,10000,122,持分移轉,01660000
RPOQMLKKLHPFFCA47CA,康寧段三小段,18.79,都市：住,10000,335,持分移轉,05450003
RPXPMLKKLHPFFCA28CA,康寧段三小段,17.84,都市：住,10000,318,持分移轉,05450003
RPTNMLNLJIOFFCA87CA,潭美段五小段,40.42,都市：住,10000,650,持分移轉,01080000
RPUNMLNLJIOFFCA97CA,潭美段五小段,29.97,都市：住,10000,482,持分移轉,01080000
RPUNMLOLJIOFFCA08CA,潭美段五小段,29.97,都市：住,10000,482,持分移轉,01080000
RPPNMLKMKIOFFCA37CA,安康段,731.26,都市：其他:科技工業區(A區)(特，不得作住宅使用)。,1,1,全筆移轉,00110002
RPRQMLMJKIOFFBA67CA,雙連段二小段,16.40,都市：商,10000,1000,持分移轉,00530000
RPRPMLLMKIOFFCA87CA,潭美段五小段,51.36,都市：住,10000,826,持分移轉,01080000
RPTPMLRLKIOFFCA58CA,潭美段五小段,40.42,都市：住,10000,650,持分移轉,01080000
RPWOMLRLKIOFFEA98CA,天山段二小段,35.95,都市：住,17910,365,持分移轉,00650000
RPQRMLQLKHPFFCA38CA,榮星段二小段,9.49,都市：住,10000,149,持分移轉,02030000
RPOOMLMLJHPFFAA17CA,河堤段六小段,14.67,都市：商,10000,257,持分移轉,04650000
RPVRMLNKKIOFFCA48CA,康寧段四小段,.80,都市：其他:道路用地,45,1,持分移轉,02060000
RPWNMLNLJIOFFCA18CA,潭美段五小段,29.97,都市：住,10000,482,持分移轉,01080000
RPRPMLPLJIOFFAA87CA,南海段二小段,2.68,都市：商,10000,725,持分移轉,01980000
RPRPMLPLJIOFFAA87CA,南海段二小段,20.15,都市：商,10000,725,持分移轉,01980001
RPQQMLRLKIOFFCA38CA,潭美段五小段,40.42,都市：住,10000,650,持分移轉,01080000
RPUQMLRLKIOFFCA78CA,潭美段五小段,29.97,都市：住,10000,482,持分移轉,01080000
RPQOMLQLKIOFFAA97DA,福和段二小段,17.30,都市：住,100000,575,持分移轉,06990000
RPOOMLNLJIOFFCA47CA,潭美段五小段,39.80,都市：住,10000,640,持分移轉,01080000
RPQNMLQKJHPFFCA77CA,潭美段五小段,42.70,都市：住,100000,4550,持分移轉,01240000
RPUNMLKLKHPFFEA97CA,溪山段一小段,2014.78,都市：其他:陽明山國家公園第四種一般管制區,1,1,全筆移轉,00860000
RPUNMLKLKHPFFEA97CA,溪山段一小段,2958.99,都市：其他:陽明山國家公園第四種一般管制區,1,1,全筆移轉,00860002
RPUNMLKLKHPFFEA97CA,溪山段一小段,2691.69,都市：其他:陽明山國家公園第四種一般管制區,1,1,全筆移轉,00860003
RPUNMLKLKHPFFEA97CA,溪山段一小段,2121.14,都市：其他:陽明山國家公園第四種一般管制區,1,1,全筆移轉,00860005
RPUNMLKLKHPFFEA97CA,溪山段一小段,2056.25,都市：其他:陽明山國家公園第四種一般管制區,1,1,全筆移轉,00860006
RPUNMLKLKHPFFEA97CA,溪山段一小段,2162.75,都市：其他:陽明山國家公園第四種一般管制區,1,1,全筆移轉,00880000
RPXNMLTKKHPFFEA09CA,豐年段一小段,82.75,都市：農,360000,12003,持分移轉,03940000
RPPNMLKMJHPFFDA37CA,逸仙段二小段,17.46,都市：住,100000,717,持分移轉,05660000
RPTNMLKKLHPFFEA87CA,振興段四小段,51.41,都市：住,10000,184,持分移轉,05880000
RPSNMLSKKHPFFBA18CA,華中段一小段,4.27,都市：住,100000,56,持分移轉,01180000
RPPNMLKMJHPFFDA37CA,逸仙段二小段,17.86,都市：住,100000,717,持分移轉,05670000
RPOSMLKLJHPFFCA57CA,文德段四小段,3.87,都市：商,5220000,6786,持分移轉,00210000
RPOSMLKLJHPFFCA57CA,文德段四小段,.00,都市：商,5220000,2,持分移轉,00210000
RPQOMLQLJIOFFDA08CA,吳興段一小段,2.92,都市：住,160,10,持分移轉,03540000
RPXQMLNJKIOFFEA78DA,福林段一小段,56.33,都市：住,3,1,持分移轉,01860000
RPQRMLSKNHPFFAA58CA,河堤段六小段,11.51,都市：商,10000,354,持分移轉,02590000
RPQOMLNLKIOFFEA97CA,福順段二小段,24.33,都市：住,3,1,持分移轉,00390000
RPQOMLNLKIOFFEA97CA,福順段二小段,30.00,都市：商,3,1,持分移轉,00400000
RPQOMLKKKIOFFEA67DA,福林段一小段,18.50,都市：住,2,1,持分移轉,01880002
RPQOMLKKKIOFFEA67DA,福林段一小段,48.00,都市：住,2,1,持分移轉,01920000
RPSOMLSJJHPFFAA97CA,萬慶段一小段,45.56,都市：住,10000,339,持分移轉,01370000
RPPOMLLLJHPFFCA37CA,正義段四小段,36.77,都市：商,20000,3659,持分移轉,02430000
RPVOMLMKKHPFFDA28DA,美仁段二小段,2.56,都市：住,10000,25,持分移轉,03990000
RPPOMLLLJHPFFCA37CA,正義段四小段,2.50,都市：其他:道路用地,2,1,持分移轉,02450000
RPVPMLTJKIOFFEA98CA,新洲美段,1515.48,都市：其他:都市計劃內住商混和區,100000,79229,持分移轉,01010000
RPVOMLKMJHPFFEA28DA,海光段二小段,4.88,都市：其他:道路用地,8,3,持分移轉,00850000
RPVOMLKMJHPFFEA28DA,福順段二小段,2.50,都市：住,2,1,持分移轉,04010000
RPVOMLKMJHPFFEA28DA,福順段二小段,51.00,都市：商,2,1,持分移轉,04020000
RPUOMLSJJHPFFAA18CA,萬慶段一小段,34.94,都市：住,10000,260,持分移轉,01370000
RPTOMLSJJHPFFAA08CA,萬慶段一小段,44.08,都市：住,10000,328,持分移轉,01370000
RPVQMLTKKIOFFCA98CA,潭美段五小段,22.12,都市：住,100000,2357,持分移轉,01240000
RPVPMLTJJHPFFAA48CA,萬慶段一小段,25.40,都市：住,10000,189,持分移轉,01370000
RPVOMLRKJHPFFDA58CA,三興段三小段,79.00,都市：商,1,1,全筆移轉,03580000
RPVOMLRKJHPFFDA58CA,三興段三小段,82.00,都市：商,1,1,全筆移轉,03590000
RPVOMLRKJHPFFDA58CA,三興段三小段,135.00,都市：商,1,1,全筆移轉,03600000
RPQOMLRKJHPFFAA77CA,萬慶段一小段,48.79,都市：住,10000,363,持分移轉,01370000
RPTPMLTJJHPFFAA28CA,萬慶段一小段,25.40,都市：住,10000,189,持分移轉,01370000
RPXPMLTJJHPFFAA68CA,萬慶段一小段,31.85,都市：住,10000,237,持分移轉,01370000
RPUNMLMLJIOFFAA67CA,實踐段一小段,34.49,都市：住,100000,1667,持分移轉,06820000
RPTOMLPJKHPFFAA87CA,萬慶段一小段,36.56,都市：住,10000,272,持分移轉,01370000
RPTOMLOJKHPFFEA18CA,福林段三小段,5.80,都市：住,10000,129,持分移轉,08140000
RPTOMLOJKHPFFEA18CA,福林段三小段,14.02,都市：住,10000,129,持分移轉,08150000
RPOOMLRKJHPFFAA57CA,萬慶段一小段,36.56,都市：住,10000,272,持分移轉,01370000
RPTPMLQJJHPFFEA38CA,百齡段六小段,29.75,都市：住,4,1,持分移轉,01760000
RPOPMLLLJHPFFAA17CA,萬慶段一小段,28.49,都市：住,10000,212,持分移轉,01370000
RPPNMLQLJIOFFEA97CA,秀山段二小段,22.38,都市：住,100000,2298,持分移轉,06630000
RPQNMLOLKIOFFBA67CA,雙連段一小段,21.92,都市：住,10000,77,持分移轉,06810000
RPQOMLPKKHPFFEA08CA,福林段三小段,5.85,都市：住,10000,130,持分移轉,08140000
RPQOMLPKKHPFFEA08CA,福林段三小段,14.13,都市：住,10000,130,持分移轉,08150000
RPOOMLNJKHPFFAA17CA,興泰段一小段,106.46,都市：住,100000,715,持分移轉,00020000
RPOOMLNJKHPFFAA17CA,博嘉段三小段,166.11,都市：住,100000,715,持分移轉,09050000
RPQNMLLKKHPFFDA47CA,逸仙段二小段,21.06,都市：住,100000,2632,持分移轉,05640000
RPQNMLLKKHPFFDA47CA,逸仙段二小段,9.92,都市：住,100000,2632,持分移轉,05650000
RPOOMLMLJIOFFAA17CA,實踐段一小段,38.03,都市：住,100000,1838,持分移轉,06820000
RPWNMLMLJIOFFAA87CA,實踐段一小段,20.67,都市：住,100000,999,持分移轉,06820000
RPRNMLOLKIOFFAA67CA,興隆段一小段,30.29,都市：住,10000,40,持分移轉,04070001
RPTQMLOLKIOFFEA58CA,福林段三小段,6.39,都市：住,10000,142,持分移轉,08140000
RPTQMLOLKIOFFEA58CA,福林段三小段,15.43,都市：住,10000,142,持分移轉,08150000
RPVPMLRJJHPFFAA28CA,興隆段一小段,13.73,都市：住,10000,435,持分移轉,00020000
RPPOMLQKKIOFFFA18CA,仁愛段三小段,24.84,都市：其他:道路用地,10000,8873,持分移轉,01480000
RPOQMLTJJHPFFAA87CA,萬慶段一小段,25.27,都市：住,10000,188,持分移轉,01370000
RPUPMLOJKIOFFEA38CA,福林段三小段,6.34,都市：住,10000,141,持分移轉,08140000
RPUPMLOJKIOFFEA38CA,福林段三小段,15.33,都市：住,10000,141,持分移轉,08150000
RPOPMLTJJHPFFAA77CA,萬慶段一小段,26.61,都市：住,10000,198,持分移轉,01370000
RPUQMLOLKIOFFEA68CA,福林段三小段,5.35,都市：住,10000,119,持分移轉,08140000
RPSQMLOLKIOFFEA48CA,福林段三小段,6.39,都市：住,10000,142,持分移轉,08140000
RPUQMLOLKIOFFEA68CA,福林段三小段,12.93,都市：住,10000,119,持分移轉,08150000
RPSQMLOLKIOFFEA48CA,福林段三小段,15.43,都市：住,10000,142,持分移轉,08150000
RPWPMLOLKIOFFEA78CA,福林段三小段,6.34,都市：住,10000,141,持分移轉,08140000
RPXPMLOLKIOFFEA88CA,福林段三小段,5.35,都市：住,10000,119,持分移轉,08140000
RPWPMLOLKIOFFEA78CA,福林段三小段,15.33,都市：住,10000,141,持分移轉,08150000
RPXPMLOLKIOFFEA88CA,福林段三小段,12.93,都市：住,10000,119,持分移轉,08150000
RPRQMLOLKIOFFEA38CA,福林段三小段,5.08,都市：住,10000,113,持分移轉,08140000
RPRQMLOLKIOFFEA38CA,福林段三小段,12.28,都市：住,10000,113,持分移轉,08150000
RPQOMLPLKIOFFEA18CA,福林段三小段,6.34,都市：住,10000,141,持分移轉,08140000
RPQOMLPLKIOFFEA18CA,福林段三小段,15.33,都市：住,10000,141,持分移轉,08150000
RPQOMLQJKIOFFEA08CA,福林段三小段,6.34,都市：住,10000,141,持分移轉,08140000
RPQOMLQJKIOFFEA08CA,福林段三小段,15.33,都市：住,10000,141,持分移轉,08150000
RPOPMLPLKIOFFEA08CA,福林段三小段,5.08,都市：住,10000,113,持分移轉,08140000
RPOPMLPLKIOFFEA08CA,福林段三小段,12.28,都市：住,10000,113,持分移轉,08150000
RPROMLPLKIOFFEA28CA,福林段三小段,5.35,都市：住,10000,119,持分移轉,08140000
RPROMLPLKIOFFEA28CA,福林段三小段,12.93,都市：住,10000,119,持分移轉,08150000
RPSOMLSJJHPFFEA38CA,福林段三小段,5.35,都市：住,10000,119,持分移轉,08140000
RPSOMLSJJHPFFEA38CA,福林段三小段,12.93,都市：住,10000,119,持分移轉,08150000
RPVOMLPJKHPFFAA08CA,萬慶段一小段,48.65,都市：住,10000,362,持分移轉,01370000
RPSOMLPLKIOFFEA38CA,福林段三小段,5.35,都市：住,10000,119,持分移轉,08140000
RPSOMLPLKIOFFEA38CA,福林段三小段,12.93,都市：住,10000,119,持分移轉,08150000
RPXPMLPLKIOFFEA09DA,華岡段二小段,7493.97,都市：其他:保護區,3,2,持分移轉,02350000
RPXPMLPLKIOFFEA09DA,華岡段二小段,964.01,都市：其他:保護區,3,2,持分移轉,02360000
RPXPMLPLKIOFFEA09DA,華岡段二小段,132.60,都市：其他:道路用地,3,2,持分移轉,02360001
RPXPMLPLKIOFFEA09DA,華岡段二小段,1.33,都市：其他:私立文化大學用地,3,2,持分移轉,02360002
RPPNMLNJJHPFFEA47CA,福林段三小段,6.39,都市：住,10000,142,持分移轉,08140000
RPPNMLNJJHPFFEA47CA,福林段三小段,15.43,都市：住,10000,142,持分移轉,08150000
RPPPMLPLKIOFFEA18CA,福林段三小段,6.39,都市：住,10000,142,持分移轉,08140000
RPPPMLPLKIOFFEA18CA,福林段三小段,15.43,都市：住,10000,142,持分移轉,08150000
RPOOMLKLJIOFFBA07CA,成功段二小段,5.54,都市：商,10000,228,持分移轉,00070000
SPPNMLNJJHPFFEA57CA,福林段三小段,15.43,都市：住,10000,142,持分移轉,08150000
SPPNMLNJJHPFFEA57CA,福林段三小段,6.39,都市：住,10000,142,持分移轉,08140000
SPPPMLPLKIOFFEA28CA,福林段三小段,5.40,都市：住,10000,120,持分移轉,08140000
SPPPMLPLKIOFFEA28CA,福林段三小段,13.04,都市：住,10000,120,持分移轉,08150000
RPTOMLPLKIOFFEA48CA,福林段三小段,6.43,都市：住,10000,143,持分移轉,08140000
RPTOMLPLKIOFFEA48CA,福林段三小段,15.54,都市：住,10000,143,持分移轉,08150000
RPVPMLQLJIOFFCA58CA,中山段二小段,.84,都市：商,100000,397,持分移轉,04650000
RPVPMLQLJIOFFCA58CA,中山段二小段,6.37,都市：商,100000,1287,持分移轉,04670000
RPXOMLPLKIOFFEA88CA,福林段三小段,6.39,都市：住,10000,142,持分移轉,08140000
RPXOMLPLKIOFFEA88CA,福林段三小段,15.43,都市：住,10000,142,持分移轉,08150000
RPUPMLPKJHPFFEA48CA,福林段三小段,6.34,都市：住,10000,141,持分移轉,08140000
RPUPMLPKJHPFFEA48CA,福林段三小段,15.33,都市：住,10000,141,持分移轉,08150000
RPTNMLMLJIOFFEA97CA,奇岩段四小段,31.93,都市：住,1000000,11140,持分移轉,00110000
RPPPMLTJJHPFFAA87CA,萬慶段一小段,32.12,都市：住,10000,239,持分移轉,01370000
RPPOMLQJKIOFFEA97CA,福林段三小段,6.43,都市：住,10000,143,持分移轉,08140000
RPPOMLQJKIOFFEA97CA,福林段三小段,15.54,都市：住,10000,143,持分移轉,08150000
RPWOMLSJJHPFFAA38CA,萬慶段一小段,48.79,都市：住,10000,363,持分移轉,01370000
RPPNMLRLKIOFFBA87CA,萬大段二小段,15.93,都市：住,10000,153,持分移轉,01190000
RPRPMLPLKIOFFEA38CA,福林段三小段,5.35,都市：住,10000,119,持分移轉,08140000
RPRPMLPLKIOFFEA38CA,福林段三小段,12.93,都市：住,10000,119,持分移轉,08150000
RPQQMLOLKIOFFEA28CA,福林段三小段,5.13,都市：住,10000,114,持分移轉,08140000
RPQQMLOLKIOFFEA28CA,福林段三小段,12.39,都市：住,10000,114,持分移轉,08150000
RPVOMLPLKIOFFEA68CA,福林段三小段,5.35,都市：住,10000,119,持分移轉,08140000
RPUOMLPLKIOFFEA58CA,福林段三小段,6.39,都市：住,10000,142,持分移轉,08140000
RPVOMLPLKIOFFEA68CA,福林段三小段,12.93,都市：住,10000,119,持分移轉,08150000
RPUOMLPLKIOFFEA58CA,福林段三小段,15.43,都市：住,10000,142,持分移轉,08150000
RPQPMLPLKIOFFEA28CA,福林段三小段,5.40,都市：住,10000,120,持分移轉,08140000
RPQPMLPLKIOFFEA28CA,福林段三小段,13.04,都市：住,10000,120,持分移轉,08150000
RPQPMLTJJHPFFAA97CA,萬慶段一小段,25.54,都市：住,10000,190,持分移轉,01370000
RPPOMLRKJHPFFAA67CA,萬慶段一小段,31.99,都市：住,10000,238,持分移轉,01370000
RPRPMLTJJHPFFAA08CA,萬慶段一小段,31.85,都市：住,10000,237,持分移轉,01370000
RPUNMLMLJIOFFEA08CA,奇岩段四小段,30.98,都市：住,1000000,10810,持分移轉,00110000
RPXNMLMJJHPFFBA87CA,成功段二小段,5.01,都市：商,10000,206,持分移轉,00070000
RPOPMLOJKHPFFBA47CA,成功段二小段,5.10,都市：商,10000,210,持分移轉,00070000
RPPPMLKKKIOFFCA37CA,中山段二小段,.84,都市：商,100000,398,持分移轉,04650000
RPPPMLKKKIOFFCA37CA,中山段二小段,6.40,都市：商,100000,1292,持分移轉,04670000
RPRQMLTJJHPFFAA18CA,萬慶段一小段,25.54,都市：住,10000,190,持分移轉,01370000
RPQQMLTJJHPFFAA08CA,萬慶段一小段,32.12,都市：住,10000,239,持分移轉,01370000
RPWOMLOJKIOFFEA48CA,奇岩段四小段,24.36,都市：住,1000000,8501,持分移轉,00110000
RPWNMLNJKIOFFFA38CA,龍泉段三小段,14.58,都市：住,10000,618,持分移轉,02610000
RPQSMLPKJIOFFEA38CA,奇岩段四小段,31.93,都市：住,1000000,11140,持分移轉,00110000
RPOOMLMLJIOFFEA57CA,奇岩段四小段,30.98,都市：住,1000000,10810,持分移轉,00110000
RPVOMLOJKIOFFEA38CA,奇岩段四小段,23.15,都市：住,1000000,8076,持分移轉,00110000
RPUOMLOJKIOFFEA28CA,奇岩段四小段,31.93,都市：住,1000000,11140,持分移轉,00110000
RPXNMLMLJIOFFEA38CA,奇岩段四小段,30.51,都市：住,1000000,10644,持分移轉,00110000
RPVNMLMLJIOFFEA18CA,奇岩段四小段,21.90,都市：住,1000000,7643,持分移轉,00110000
RPXNMLSLJIOFFBA78DA,青年段一小段,53.48,都市：住,100000,420,持分移轉,00860000
RPPNMLNLKIOFFEA87DA,文林段一小段,68.52,都市：住,100000,3331,持分移轉,04760007
RPQNMLTJJHPFFBA97DA,青年段一小段,53.48,都市：住,100000,420,持分移轉,00860000
RPTNMLPLKIOFFAA97CA,萬慶段一小段,287.62,都市：住,10000,2140,持分移轉,01370000
RPRRMLQKKIOFFCA38CA,中山段四小段,2.14,都市：其他:道路用地,48320,63,持分移轉,02130001
RPSNMLTKJIOFFCA28CA,中山段二小段,19.52,都市：商,100000,1321,持分移轉,01180000
RPTNMLTKJIOFFCA38CA,中山段二小段,16.42,都市：商,100000,1111,持分移轉,01180000
RPXOMLQKKIOFFDA78CA,西松段一小段,.15,都市：其他:道路用地,21917,102,持分移轉,00490003
RPXOMLQKKIOFFDA78CA,永春段一小段,2.50,都市：其他:道路用地,4,1,持分移轉,06080000
RPXOMLQKKIOFFDA78CA,永春段一小段,6.00,都市：其他:道路用地,4,1,持分移轉,06080001
SPSNMLTKJIOFFCA38CA,中山段二小段,.30,都市：商,100000,20,持分移轉,01180000
RPRNMLLMKIOFFBA67DA,青年段一小段,25.20,都市：住,90000,56,持分移轉,00880000
SPTNMLTKJIOFFCA48CA,中山段二小段,11.51,都市：商,100000,779,持分移轉,01180000
TPTNMLTKJIOFFCA58CA,中山段二小段,.15,都市：商,100000,10,持分移轉,01180000
RPUNMLTKJIOFFCA48CA,中山段二小段,14.66,都市：商,100000,992,持分移轉,01180000
RPPOMLRLKHPFFCA08CA,西湖段一小段,75.86,都市：住,5300000,90511,持分移轉,06260000
RPPOMLRLKHPFFCA08CA,碧湖段四小段,2.56,都市：住,5300000,90511,持分移轉,10910000
SPUNMLTKJIOFFCA58CA,中山段二小段,10.29,都市：商,100000,696,持分移轉,01180000
RPROMLRLKHPFFCA28CA,西湖段一小段,74.93,都市：住,5300000,89398,持分移轉,06260000
RPROMLRLKHPFFCA28CA,碧湖段四小段,2.53,都市：住,5300000,89398,持分移轉,10910000
